1 0.24539819138685523
2 0.07600828936761007
3 0.059177882436210735
4 0.04126164279955974
5 0.037461228331179354
6 0.034746646568050335
7 0.033660813862798816
8 0.032032064804921316
9 0.027688733983915102
10 0.0244312358681604
11 0.023345403162908885
12 0.023345403162908885
13 0.022802486810283053
14 0.0162874905787735
15 0.015201657873521984
16 0.015201657873521984
17 0.01465874152089615
18 0.014115825168270467
19 0.014658741520896301
20 0.013572908815644784
21 0.014115825168270467
22 0.014115825168270467
23 0.013572908815644635
24 0.012487076110393118
25 0.011944159757767433
26 0.011944159757767433
27 0.012487076110393118
28 0.011944159757767433
29 0.011944159757767284
30 0.011944159757767284
31 0.01140124340514145
32 0.01140124340514145
33 0.01140124340514145
34 0.011401243405141601
35 0.011401243405141601
36 0.011401243405141601
37 0.011401243405141601
38 0.010858327052515767
39 0.010858327052515767
40 0.010858327052515767
41 0.010315410699889935
42 0.010315410699889935
43 0.00977249434726425
44 0.00977249434726425
45 0.009229577994638418
46 0.00977249434726425
47 0.009229577994638418
48 0.009229577994638418
49 0.008686661642012584
50 0.00814374528938675
51 0.008686661642012584
52 0.008686661642012584
53 0.008686661642012584
54 0.00814374528938675
55 0.00814374528938675
56 0.0076008289367609175
57 0.0076008289367609175
58 0.0076008289367609175
59 0.0076008289367609175
60 0.0076008289367609175
61 0.0076008289367609175
62 0.0076008289367609175
63 0.0076008289367609175
64 0.0076008289367609175
65 0.007057912584135234
66 0.00814374528938675
67 0.0076008289367609175
68 0.0076008289367609175
69 0.0076008289367609175
70 0.0076008289367609175
71 0.007057912584135234
72 0.007057912584135234
73 0.0065149962315094005
74 0.007057912584135234
75 0.007057912584135234
76 0.007057912584135234
77 0.007057912584135234
78 0.0065149962315094005
79 0.0065149962315094005
80 0.0065149962315094005
81 0.0065149962315094005
82 0.0065149962315094005
83 0.0065149962315094005
84 0.0065149962315094005
85 0.005972079878883717
86 0.005972079878883717
87 0.005972079878883717
88 0.005972079878883717
89 0.005972079878883717
90 0.005972079878883717
91 0.005972079878883717
92 0.005972079878883717
93 0.005972079878883717
94 0.005972079878883717
95 0.005972079878883717
96 0.0054291635262578835
97 0.0054291635262578835
98 0.005972079878883717
99 0.0054291635262578835
100 0.0054291635262578835
101 0.0054291635262578835
102 0.0054291635262578835
103 0.005972079878883717
104 0.005972079878883717
105 0.005972079878883717
106 0.005972079878883717
107 0.005972079878883717
108 0.0054291635262578835
109 0.0054291635262578835
110 0.0054291635262578835
111 0.0054291635262578835
112 0.0054291635262578835
113 0.0054291635262578835
114 0.0054291635262578835
115 0.00488624717363205
116 0.0054291635262578835
117 0.0054291635262578835
118 0.00488624717363205
119 0.0054291635262578835
120 0.0054291635262578835
121 0.0054291635262578835
122 0.0054291635262578835
123 0.0054291635262578835
124 0.0054291635262578835
125 0.0054291635262578835
126 0.00488624717363205
127 0.00488624717363205
128 0.00488624717363205
129 0.00488624717363205
130 0.00488624717363205
131 0.00488624717363205
132 0.00488624717363205
133 0.00488624717363205
134 0.00488624717363205
135 0.00488624717363205
136 0.00488624717363205
137 0.00488624717363205
138 0.00488624717363205
139 0.00488624717363205
140 0.00488624717363205
141 0.00488624717363205
142 0.00488624717363205
143 0.00488624717363205
144 0.00488624717363205
145 0.004343330821006217
146 0.004343330821006217
147 0.004343330821006217
148 0.004343330821006217
149 0.004343330821006217
150 0.00488624717363205
151 0.004343330821006217
152 0.004343330821006217
153 0.004343330821006217
154 0.004343330821006217
155 0.004343330821006217
156 0.004343330821006217
157 0.004343330821006217
158 0.004343330821006217
159 0.004343330821006217
160 0.004343330821006217
161 0.004343330821006217
162 0.004343330821006217
163 0.004343330821006217
164 0.004343330821006217
165 0.00488624717363205
166 0.00488624717363205
167 0.00488624717363205
168 0.00488624717363205
169 0.00488624717363205
170 0.00488624717363205
171 0.00488624717363205
172 0.00488624717363205
173 0.00488624717363205
174 0.00488624717363205
175 0.00488624717363205
176 0.00488624717363205
177 0.00488624717363205
178 0.00488624717363205
179 0.00488624717363205
180 0.004343330821006217
181 0.004343330821006217
182 0.004343330821006217
183 0.004343330821006217
184 0.004343330821006217
185 0.004343330821006217
186 0.004343330821006217
187 0.004343330821006217
188 0.004343330821006217
189 0.004343330821006217
190 0.004343330821006217
191 0.004343330821006217
192 0.004343330821006217
193 0.004343330821006217
194 0.004343330821006217
195 0.00488624717363205
196 0.004343330821006217
197 0.004343330821006217
198 0.004343330821006217
199 0.004343330821006217
200 0.004343330821006217
201 0.004343330821006217
202 0.004343330821006217
203 0.004343330821006217
204 0.004343330821006217
205 0.004343330821006217
206 0.004343330821006217
207 0.004343330821006217
208 0.004343330821006217
209 0.004343330821006217
210 0.004343330821006217
211 0.004343330821006217
212 0.004343330821006217
213 0.004343330821006217
214 0.004343330821006217
215 0.004343330821006217
216 0.004343330821006217
217 0.004343330821006217
218 0.004343330821006217
219 0.004343330821006217
220 0.004343330821006217
221 0.004343330821006217
222 0.004343330821006217
223 0.004343330821006217
224 0.0038004144683805334
225 0.0038004144683805334
226 0.0038004144683805334
227 0.0038004144683805334
228 0.0038004144683805334
229 0.0038004144683805334
230 0.0038004144683805334
231 0.0038004144683805334
232 0.0038004144683805334
233 0.0038004144683805334
234 0.0038004144683805334
235 0.0038004144683805334
236 0.0038004144683805334
237 0.0038004144683805334
238 0.0038004144683805334
239 0.0038004144683805334
240 0.0038004144683805334
241 0.0038004144683805334
242 0.0038004144683805334
243 0.0038004144683805334
244 0.0038004144683805334
245 0.0038004144683805334
246 0.0038004144683805334
247 0.0038004144683805334
248 0.0038004144683805334
249 0.0038004144683805334
250 0.0038004144683805334
251 0.0038004144683805334
252 0.0038004144683805334
253 0.0038004144683805334
254 0.0038004144683805334
255 0.0038004144683805334
256 0.0038004144683805334
257 0.0038004144683805334
258 0.0038004144683805334
259 0.0038004144683805334
260 0.0038004144683805334
261 0.0038004144683805334
262 0.0038004144683805334
263 0.0038004144683805334
264 0.0038004144683805334
265 0.0038004144683805334
266 0.0038004144683805334
267 0.0038004144683805334
268 0.0038004144683805334
269 0.0038004144683805334
270 0.0038004144683805334
271 0.0038004144683805334
272 0.0038004144683805334
273 0.0038004144683805334
274 0.0038004144683805334
275 0.0038004144683805334
276 0.0038004144683805334
277 0.0038004144683805334
278 0.0038004144683805334
279 0.0038004144683805334
280 0.0038004144683805334
281 0.0038004144683805334
282 0.0038004144683805334
283 0.0038004144683805334
284 0.0038004144683805334
285 0.0038004144683805334
286 0.0038004144683805334
287 0.0038004144683805334
288 0.0038004144683805334
289 0.0038004144683805334
290 0.0038004144683805334
291 0.0038004144683805334
292 0.0038004144683805334
293 0.0038004144683805334
294 0.0038004144683805334
295 0.0038004144683805334
296 0.0038004144683805334
297 0.0038004144683805334
298 0.0038004144683805334
299 0.0038004144683805334
300 0.0038004144683805334
301 0.0038004144683805334
302 0.0038004144683805334
303 0.0038004144683805334
304 0.0038004144683805334
305 0.0038004144683805334
306 0.0038004144683805334
307 0.0038004144683805334
308 0.0038004144683805334
309 0.0038004144683805334
310 0.0038004144683805334
311 0.0038004144683805334
312 0.0038004144683805334
313 0.0038004144683805334
314 0.0038004144683805334
315 0.0032574981157547003
316 0.0032574981157547003
317 0.0032574981157547003
318 0.0032574981157547003
319 0.0032574981157547003
320 0.0032574981157547003
321 0.0032574981157547003
322 0.0032574981157547003
323 0.0032574981157547003
324 0.0032574981157547003
325 0.0032574981157547003
326 0.0032574981157547003
327 0.0032574981157547003
328 0.0032574981157547003
329 0.0032574981157547003
330 0.0032574981157547003
331 0.0032574981157547003
332 0.0032574981157547003
333 0.0032574981157547003
334 0.0032574981157547003
335 0.0032574981157547003
336 0.0032574981157547003
337 0.0032574981157547003
338 0.0032574981157547003
339 0.0032574981157547003
340 0.0032574981157547003
341 0.0032574981157547003
342 0.0032574981157547003
343 0.0032574981157547003
344 0.0032574981157547003
345 0.0032574981157547003
346 0.0032574981157547003
347 0.0032574981157547003
348 0.0032574981157547003
349 0.0032574981157547003
350 0.0032574981157547003
351 0.0032574981157547003
352 0.0032574981157547003
353 0.0032574981157547003
354 0.0032574981157547003
355 0.0032574981157547003
356 0.0032574981157547003
357 0.0032574981157547003
358 0.0032574981157547003
359 0.0032574981157547003
360 0.0032574981157547003
361 0.0032574981157547003
362 0.0032574981157547003
363 0.0032574981157547003
364 0.0032574981157547003
365 0.0032574981157547003
366 0.0032574981157547003
367 0.0032574981157547003
368 0.0032574981157547003
369 0.0032574981157547003
370 0.0032574981157547003
371 0.0032574981157547003
372 0.0032574981157547003
373 0.0032574981157547003
374 0.0032574981157547003
375 0.0032574981157547003
376 0.0032574981157547003
377 0.0032574981157547003
378 0.0032574981157547003
379 0.0032574981157547003
380 0.0032574981157547003
381 0.0032574981157547003
382 0.0032574981157547003
383 0.0032574981157547003
384 0.0032574981157547003
385 0.0032574981157547003
386 0.0032574981157547003
387 0.0032574981157547003
388 0.0032574981157547003
389 0.0032574981157547003
390 0.0032574981157547003
391 0.0032574981157547003
392 0.0032574981157547003
393 0.0032574981157547003
394 0.0032574981157547003
395 0.0032574981157547003
396 0.0032574981157547003
397 0.0032574981157547003
398 0.0032574981157547003
399 0.0032574981157547003
400 0.0032574981157547003
401 0.0032574981157547003
402 0.0032574981157547003
403 0.0032574981157547003
404 0.0032574981157547003
405 0.0032574981157547003
406 0.0032574981157547003
407 0.0032574981157547003
408 0.0032574981157547003
409 0.0032574981157547003
410 0.0027145817631290168
411 0.0027145817631290168
412 0.0027145817631290168
413 0.0027145817631290168
414 0.0027145817631290168
415 0.0027145817631290168
416 0.0027145817631290168
417 0.0027145817631290168
418 0.0027145817631290168
419 0.0027145817631290168
420 0.0027145817631290168
421 0.0027145817631290168
422 0.0027145817631290168
423 0.0027145817631290168
424 0.0027145817631290168
425 0.0027145817631290168
426 0.0027145817631290168
427 0.0027145817631290168
428 0.0027145817631290168
429 0.0027145817631290168
430 0.0027145817631290168
431 0.0027145817631290168
432 0.0027145817631290168
433 0.0027145817631290168
434 0.0027145817631290168
435 0.0027145817631290168
436 0.0027145817631290168
437 0.0027145817631290168
438 0.0027145817631290168
439 0.0027145817631290168
440 0.0027145817631290168
441 0.0027145817631290168
442 0.0027145817631290168
443 0.0027145817631290168
444 0.0027145817631290168
445 0.0027145817631290168
446 0.0027145817631290168
447 0.0027145817631290168
448 0.0027145817631290168
449 0.0027145817631290168
450 0.0027145817631290168
451 0.0027145817631290168
452 0.0027145817631290168
453 0.0027145817631290168
454 0.0027145817631290168
455 0.0027145817631290168
456 0.0027145817631290168
457 0.0027145817631290168
458 0.0027145817631290168
459 0.0027145817631290168
460 0.0027145817631290168
461 0.0027145817631290168
462 0.0027145817631290168
463 0.0027145817631290168
464 0.0027145817631290168
465 0.0027145817631290168
466 0.0027145817631290168
467 0.0027145817631290168
468 0.0027145817631290168
469 0.0027145817631290168
470 0.0027145817631290168
471 0.0027145817631290168
472 0.0027145817631290168
473 0.0027145817631290168
474 0.0027145817631290168
475 0.0027145817631290168
476 0.0027145817631290168
477 0.0027145817631290168
478 0.0027145817631290168
479 0.0027145817631290168
480 0.0027145817631290168
481 0.0027145817631290168
482 0.0027145817631290168
483 0.0027145817631290168
484 0.0027145817631290168
485 0.0027145817631290168
486 0.0027145817631290168
487 0.0027145817631290168
488 0.0027145817631290168
489 0.0027145817631290168
490 0.0027145817631290168
491 0.0027145817631290168
492 0.0027145817631290168
493 0.0027145817631290168
494 0.0027145817631290168
495 0.0027145817631290168
496 0.0027145817631290168
497 0.0027145817631290168
498 0.0027145817631290168
499 0.0027145817631290168
500 0.0027145817631290168
501 0.0027145817631290168
502 0.0027145817631290168
503 0.0027145817631290168
504 0.0027145817631290168
505 0.0027145817631290168
506 0.0027145817631290168
507 0.0027145817631290168
508 0.0027145817631290168
509 0.0027145817631290168
510 0.0027145817631290168
511 0.0027145817631290168
512 0.0027145817631290168
513 0.0027145817631290168
514 0.0027145817631290168
515 0.0027145817631290168
516 0.0027145817631290168
517 0.0027145817631290168
518 0.0027145817631290168
519 0.0027145817631290168
520 0.0027145817631290168
521 0.0027145817631290168
522 0.0027145817631290168
523 0.0027145817631290168
524 0.0027145817631290168
525 0.0027145817631290168
526 0.0027145817631290168
527 0.0027145817631290168
528 0.0027145817631290168
529 0.0027145817631290168
530 0.0027145817631290168
531 0.0027145817631290168
532 0.0027145817631290168
533 0.0027145817631290168
534 0.0027145817631290168
535 0.0027145817631290168
536 0.0027145817631290168
537 0.0027145817631290168
538 0.0027145817631290168
539 0.0027145817631290168
540 0.0027145817631290168
541 0.0027145817631290168
542 0.0027145817631290168
543 0.0027145817631290168
544 0.0027145817631290168
545 0.0027145817631290168
546 0.0027145817631290168
547 0.0027145817631290168
548 0.0027145817631290168
549 0.0027145817631290168
550 0.0027145817631290168
551 0.0027145817631290168
552 0.0027145817631290168
553 0.0027145817631290168
554 0.0027145817631290168
555 0.0027145817631290168
556 0.0027145817631290168
557 0.0027145817631290168
558 0.0027145817631290168
559 0.0027145817631290168
560 0.0027145817631290168
561 0.0027145817631290168
562 0.0027145817631290168
563 0.0027145817631290168
564 0.0027145817631290168
565 0.0027145817631290168
566 0.0027145817631290168
567 0.0027145817631290168
568 0.0027145817631290168
569 0.0027145817631290168
570 0.0027145817631290168
571 0.0027145817631290168
572 0.0027145817631290168
573 0.0027145817631290168
574 0.0027145817631290168
575 0.0027145817631290168
576 0.0027145817631290168
577 0.0027145817631290168
578 0.0027145817631290168
579 0.0027145817631290168
580 0.0027145817631290168
581 0.0027145817631290168
582 0.0027145817631290168
583 0.0027145817631290168
584 0.0027145817631290168
585 0.0027145817631290168
586 0.0027145817631290168
587 0.0027145817631290168
588 0.0027145817631290168
589 0.0027145817631290168
590 0.0027145817631290168
591 0.0027145817631290168
592 0.0027145817631290168
593 0.0027145817631290168
594 0.0027145817631290168
595 0.0027145817631290168
596 0.0027145817631290168
597 0.0027145817631290168
598 0.0027145817631290168
599 0.0027145817631290168
600 0.0027145817631290168
601 0.0027145817631290168
602 0.0027145817631290168
603 0.0027145817631290168
604 0.0027145817631290168
605 0.0027145817631290168
606 0.0027145817631290168
607 0.0027145817631290168
608 0.0027145817631290168
609 0.0027145817631290168
610 0.0027145817631290168
611 0.0027145817631290168
612 0.0027145817631290168
613 0.0027145817631290168
614 0.0027145817631290168
615 0.0027145817631290168
616 0.0027145817631290168
617 0.0027145817631290168
618 0.0027145817631290168
619 0.0027145817631290168
620 0.0027145817631290168
621 0.0027145817631290168
622 0.0027145817631290168
623 0.0027145817631290168
624 0.0027145817631290168
625 0.0027145817631290168
626 0.0027145817631290168
627 0.0027145817631290168
628 0.0027145817631290168
629 0.0027145817631290168
630 0.0027145817631290168
631 0.0027145817631290168
632 0.0027145817631290168
633 0.0027145817631290168
634 0.0027145817631290168
635 0.0027145817631290168
636 0.0027145817631290168
637 0.0027145817631290168
638 0.0027145817631290168
639 0.0027145817631290168
640 0.0027145817631290168
641 0.0027145817631290168
642 0.0027145817631290168
643 0.0027145817631290168
644 0.0027145817631290168
645 0.0027145817631290168
646 0.0027145817631290168
647 0.0027145817631290168
648 0.0027145817631290168
649 0.0027145817631290168
650 0.0027145817631290168
651 0.0027145817631290168
652 0.0027145817631290168
653 0.0027145817631290168
654 0.0027145817631290168
655 0.0027145817631290168
656 0.0027145817631290168
657 0.0027145817631290168
658 0.0027145817631290168
659 0.0027145817631290168
660 0.0027145817631290168
661 0.0027145817631290168
662 0.0021716654105031832
663 0.0021716654105031832
664 0.0021716654105031832
665 0.0021716654105031832
666 0.0021716654105031832
667 0.0021716654105031832
668 0.0021716654105031832
669 0.0021716654105031832
670 0.0021716654105031832
671 0.0021716654105031832
672 0.0021716654105031832
673 0.0021716654105031832
674 0.0021716654105031832
675 0.0021716654105031832
676 0.0021716654105031832
677 0.0021716654105031832
678 0.0021716654105031832
679 0.0021716654105031832
680 0.0021716654105031832
681 0.0021716654105031832
682 0.0021716654105031832
683 0.0021716654105031832
684 0.0021716654105031832
685 0.0021716654105031832
686 0.0021716654105031832
687 0.0021716654105031832
688 0.0021716654105031832
689 0.0021716654105031832
690 0.0021716654105031832
691 0.0021716654105031832
692 0.0021716654105031832
693 0.0021716654105031832
694 0.0021716654105031832
695 0.0021716654105031832
696 0.0021716654105031832
697 0.0021716654105031832
698 0.0021716654105031832
699 0.0021716654105031832
700 0.0021716654105031832
701 0.0021716654105031832
702 0.0021716654105031832
703 0.0021716654105031832
704 0.0021716654105031832
705 0.0021716654105031832
706 0.0021716654105031832
707 0.0021716654105031832
708 0.0021716654105031832
709 0.0021716654105031832
710 0.0021716654105031832
711 0.0021716654105031832
712 0.0021716654105031832
713 0.0021716654105031832
714 0.0021716654105031832
715 0.0021716654105031832
716 0.0021716654105031832
717 0.0021716654105031832
718 0.0021716654105031832
719 0.0021716654105031832
720 0.0021716654105031832
721 0.0021716654105031832
722 0.0021716654105031832
723 0.0021716654105031832
724 0.0021716654105031832
725 0.0021716654105031832
726 0.0021716654105031832
727 0.0021716654105031832
728 0.0021716654105031832
729 0.0021716654105031832
730 0.0021716654105031832
731 0.0021716654105031832
732 0.0021716654105031832
733 0.0021716654105031832
734 0.0021716654105031832
735 0.0021716654105031832
736 0.0021716654105031832
737 0.0021716654105031832
738 0.0021716654105031832
739 0.0021716654105031832
740 0.0021716654105031832
741 0.0021716654105031832
742 0.0021716654105031832
743 0.0021716654105031832
744 0.0021716654105031832
745 0.0021716654105031832
746 0.0021716654105031832
747 0.0021716654105031832
748 0.0021716654105031832
749 0.0021716654105031832
750 0.0021716654105031832
751 0.0021716654105031832
752 0.0021716654105031832
753 0.0021716654105031832
754 0.0021716654105031832
755 0.0021716654105031832
756 0.0021716654105031832
757 0.0021716654105031832
758 0.0021716654105031832
759 0.0021716654105031832
760 0.0021716654105031832
761 0.0021716654105031832
762 0.0021716654105031832
763 0.0021716654105031832
764 0.0021716654105031832
765 0.0021716654105031832
766 0.0021716654105031832
767 0.0021716654105031832
768 0.0021716654105031832
769 0.0021716654105031832
770 0.0021716654105031832
771 0.0021716654105031832
772 0.0021716654105031832
773 0.0021716654105031832
774 0.0021716654105031832
775 0.0021716654105031832
776 0.0021716654105031832
777 0.0021716654105031832
778 0.0021716654105031832
779 0.0021716654105031832
780 0.0021716654105031832
781 0.0021716654105031832
782 0.0021716654105031832
783 0.0021716654105031832
784 0.0021716654105031832
785 0.0021716654105031832
786 0.0021716654105031832
787 0.0021716654105031832
788 0.0021716654105031832
789 0.0021716654105031832
790 0.0021716654105031832
791 0.0021716654105031832
792 0.0021716654105031832
793 0.0021716654105031832
794 0.0021716654105031832
795 0.0021716654105031832
796 0.0021716654105031832
797 0.0021716654105031832
798 0.0021716654105031832
799 0.0021716654105031832
800 0.0021716654105031832
801 0.0021716654105031832
802 0.0021716654105031832
803 0.0021716654105031832
804 0.0021716654105031832
805 0.0021716654105031832
806 0.0021716654105031832
807 0.0021716654105031832
808 0.0021716654105031832
809 0.0021716654105031832
810 0.0021716654105031832
811 0.0021716654105031832
812 0.0021716654105031832
813 0.0021716654105031832
814 0.0021716654105031832
815 0.0021716654105031832
816 0.0021716654105031832
817 0.0021716654105031832
818 0.0021716654105031832
819 0.0021716654105031832
820 0.0021716654105031832
821 0.0021716654105031832
822 0.0021716654105031832
823 0.0021716654105031832
824 0.0021716654105031832
825 0.0021716654105031832
826 0.0021716654105031832
827 0.0021716654105031832
828 0.0021716654105031832
829 0.0021716654105031832
830 0.0021716654105031832
831 0.0021716654105031832
832 0.0021716654105031832
833 0.0021716654105031832
834 0.0021716654105031832
835 0.0021716654105031832
836 0.0021716654105031832
837 0.0021716654105031832
838 0.0021716654105031832
839 0.0021716654105031832
840 0.0021716654105031832
841 0.0021716654105031832
842 0.0021716654105031832
843 0.0021716654105031832
844 0.0021716654105031832
845 0.0021716654105031832
846 0.0021716654105031832
847 0.0021716654105031832
848 0.0021716654105031832
849 0.0021716654105031832
850 0.0021716654105031832
851 0.0021716654105031832
852 0.0021716654105031832
853 0.0021716654105031832
854 0.0021716654105031832
855 0.0021716654105031832
856 0.0021716654105031832
857 0.0021716654105031832
858 0.0021716654105031832
859 0.0021716654105031832
860 0.0021716654105031832
861 0.0021716654105031832
862 0.0021716654105031832
863 0.0021716654105031832
864 0.0021716654105031832
865 0.0021716654105031832
866 0.0021716654105031832
867 0.0021716654105031832
868 0.0021716654105031832
869 0.0021716654105031832
870 0.0021716654105031832
871 0.0021716654105031832
872 0.0021716654105031832
873 0.0021716654105031832
874 0.0021716654105031832
875 0.0021716654105031832
876 0.0021716654105031832
877 0.0021716654105031832
878 0.0021716654105031832
879 0.0021716654105031832
880 0.0021716654105031832
881 0.0021716654105031832
882 0.0021716654105031832
883 0.0021716654105031832
884 0.0021716654105031832
885 0.0021716654105031832
886 0.0021716654105031832
887 0.0021716654105031832
888 0.0021716654105031832
889 0.0021716654105031832
890 0.0021716654105031832
891 0.0021716654105031832
892 0.0021716654105031832
893 0.0021716654105031832
894 0.0021716654105031832
895 0.0021716654105031832
896 0.0021716654105031832
897 0.0021716654105031832
898 0.0021716654105031832
899 0.0021716654105031832
900 0.0021716654105031832
901 0.0021716654105031832
902 0.0021716654105031832
903 0.0021716654105031832
904 0.0021716654105031832
905 0.0021716654105031832
906 0.0021716654105031832
907 0.0021716654105031832
908 0.0021716654105031832
909 0.0021716654105031832
910 0.0021716654105031832
911 0.0021716654105031832
912 0.0021716654105031832
913 0.0021716654105031832
914 0.0021716654105031832
915 0.0021716654105031832
916 0.0021716654105031832
917 0.0021716654105031832
918 0.0021716654105031832
919 0.0021716654105031832
920 0.0021716654105031832
921 0.0021716654105031832
922 0.0021716654105031832
923 0.0021716654105031832
924 0.0021716654105031832
925 0.0021716654105031832
926 0.0021716654105031832
927 0.0021716654105031832
928 0.0021716654105031832
929 0.0021716654105031832
930 0.0021716654105031832
931 0.0021716654105031832
932 0.0021716654105031832
933 0.0021716654105031832
934 0.0021716654105031832
935 0.0021716654105031832
936 0.0021716654105031832
937 0.0021716654105031832
938 0.0021716654105031832
939 0.0021716654105031832
940 0.0021716654105031832
941 0.0021716654105031832
942 0.0021716654105031832
943 0.0021716654105031832
944 0.0021716654105031832
945 0.0021716654105031832
946 0.0021716654105031832
947 0.0021716654105031832
948 0.0021716654105031832
949 0.0021716654105031832
950 0.0021716654105031832
951 0.0021716654105031832
952 0.0021716654105031832
953 0.0021716654105031832
954 0.0021716654105031832
955 0.0021716654105031832
956 0.0021716654105031832
957 0.0021716654105031832
958 0.0021716654105031832
959 0.0021716654105031832
960 0.0021716654105031832
961 0.0021716654105031832
962 0.0021716654105031832
963 0.0021716654105031832
964 0.0021716654105031832
965 0.0021716654105031832
966 0.0021716654105031832
967 0.0021716654105031832
968 0.0021716654105031832
969 0.0021716654105031832
970 0.0021716654105031832
971 0.0021716654105031832
972 0.0021716654105031832
973 0.0021716654105031832
974 0.0021716654105031832
975 0.0021716654105031832
976 0.0021716654105031832
977 0.0021716654105031832
978 0.0021716654105031832
979 0.0021716654105031832
980 0.0021716654105031832
981 0.0021716654105031832
982 0.0021716654105031832
983 0.0021716654105031832
984 0.0021716654105031832
985 0.0021716654105031832
986 0.0021716654105031832
987 0.0021716654105031832
988 0.0021716654105031832
989 0.0021716654105031832
990 0.0021716654105031832
991 0.0021716654105031832
992 0.0021716654105031832
993 0.0021716654105031832
994 0.0021716654105031832
995 0.0021716654105031832
996 0.0021716654105031832
997 0.0021716654105031832
998 0.0021716654105031832
999 0.0021716654105031832
1000 0.0021716654105031832
1001 0.0021716654105031832
1002 0.0021716654105031832
1003 0.0021716654105031832
1004 0.0021716654105031832
1005 0.0021716654105031832
1006 0.0021716654105031832
1007 0.0021716654105031832
1008 0.0021716654105031832
1009 0.0021716654105031832
1010 0.0021716654105031832
1011 0.0021716654105031832
1012 0.0021716654105031832
1013 0.0021716654105031832
1014 0.0021716654105031832
1015 0.0021716654105031832
1016 0.0021716654105031832
1017 0.0021716654105031832
1018 0.0021716654105031832
1019 0.0021716654105031832
1020 0.0021716654105031832
1021 0.0021716654105031832
1022 0.0021716654105031832
1023 0.0021716654105031832
1024 0.0021716654105031832
1025 0.0021716654105031832
1026 0.0021716654105031832
1027 0.0021716654105031832
1028 0.0021716654105031832
1029 0.0021716654105031832
1030 0.0021716654105031832
1031 0.0021716654105031832
1032 0.0021716654105031832
1033 0.0021716654105031832
1034 0.0021716654105031832
1035 0.0021716654105031832
1036 0.0021716654105031832
1037 0.0021716654105031832
1038 0.0021716654105031832
1039 0.0021716654105031832
1040 0.0021716654105031832
1041 0.0021716654105031832
1042 0.0021716654105031832
1043 0.0021716654105031832
1044 0.0021716654105031832
1045 0.0021716654105031832
1046 0.0021716654105031832
1047 0.0021716654105031832
1048 0.0021716654105031832
1049 0.0021716654105031832
1050 0.0021716654105031832
1051 0.0021716654105031832
1052 0.0021716654105031832
1053 0.0021716654105031832
1054 0.0021716654105031832
1055 0.0021716654105031832
1056 0.0021716654105031832
1057 0.0021716654105031832
1058 0.0021716654105031832
1059 0.0021716654105031832
1060 0.0021716654105031832
1061 0.0021716654105031832
1062 0.0021716654105031832
1063 0.0021716654105031832
1064 0.0016287490578774998
1065 0.0021716654105031832
1066 0.0016287490578774998
1067 0.0016287490578774998
1068 0.0016287490578774998
1069 0.0016287490578774998
1070 0.0016287490578774998
1071 0.0016287490578774998
1072 0.0016287490578774998
1073 0.0016287490578774998
1074 0.0016287490578774998
1075 0.0016287490578774998
1076 0.0016287490578774998
1077 0.0016287490578774998
1078 0.0016287490578774998
1079 0.0016287490578774998
1080 0.0016287490578774998
1081 0.0016287490578774998
1082 0.0016287490578774998
1083 0.0021716654105031832
1084 0.0016287490578774998
1085 0.0016287490578774998
1086 0.0016287490578774998
1087 0.0021716654105031832
1088 0.0016287490578774998
1089 0.0021716654105031832
1090 0.0021716654105031832
1091 0.0016287490578774998
1092 0.0016287490578774998
1093 0.0016287490578774998
1094 0.0016287490578774998
1095 0.0016287490578774998
1096 0.0016287490578774998
1097 0.0016287490578774998
1098 0.0016287490578774998
1099 0.0016287490578774998
1100 0.0016287490578774998
1101 0.0016287490578774998
1102 0.0016287490578774998
1103 0.0016287490578774998
1104 0.0016287490578774998
1105 0.0016287490578774998
1106 0.0016287490578774998
1107 0.0016287490578774998
1108 0.0016287490578774998
1109 0.0016287490578774998
1110 0.0016287490578774998
1111 0.0016287490578774998
1112 0.0016287490578774998
1113 0.0016287490578774998
1114 0.0016287490578774998
1115 0.0016287490578774998
1116 0.0016287490578774998
1117 0.0016287490578774998
1118 0.0016287490578774998
1119 0.0016287490578774998
1120 0.0016287490578774998
1121 0.0016287490578774998
1122 0.0016287490578774998
1123 0.0016287490578774998
1124 0.0016287490578774998
1125 0.0016287490578774998
1126 0.0016287490578774998
1127 0.0016287490578774998
1128 0.0016287490578774998
1129 0.0016287490578774998
1130 0.0016287490578774998
1131 0.0016287490578774998
1132 0.0016287490578774998
1133 0.0016287490578774998
1134 0.0016287490578774998
1135 0.0016287490578774998
1136 0.0016287490578774998
1137 0.0016287490578774998
1138 0.0016287490578774998
1139 0.0016287490578774998
1140 0.0016287490578774998
1141 0.0016287490578774998
1142 0.0016287490578774998
1143 0.0016287490578774998
1144 0.0016287490578774998
1145 0.0016287490578774998
1146 0.0016287490578774998
1147 0.0016287490578774998
1148 0.0016287490578774998
1149 0.0016287490578774998
1150 0.0021716654105031832
1151 0.0021716654105031832
1152 0.0021716654105031832
1153 0.0021716654105031832
1154 0.0021716654105031832
1155 0.0016287490578774998
1156 0.0021716654105031832
1157 0.0016287490578774998
1158 0.0016287490578774998
1159 0.0016287490578774998
1160 0.0016287490578774998
1161 0.0016287490578774998
1162 0.0016287490578774998
1163 0.0016287490578774998
1164 0.0016287490578774998
1165 0.0016287490578774998
1166 0.0016287490578774998
1167 0.0016287490578774998
1168 0.0016287490578774998
1169 0.0016287490578774998
1170 0.0016287490578774998
1171 0.0016287490578774998
1172 0.0016287490578774998
1173 0.0016287490578774998
1174 0.0016287490578774998
1175 0.0016287490578774998
1176 0.0016287490578774998
1177 0.0016287490578774998
1178 0.0016287490578774998
1179 0.0016287490578774998
1180 0.0016287490578774998
1181 0.0016287490578774998
1182 0.0016287490578774998
1183 0.0016287490578774998
1184 0.0016287490578774998
1185 0.0016287490578774998
1186 0.0016287490578774998
1187 0.0016287490578774998
1188 0.0016287490578774998
1189 0.0016287490578774998
1190 0.0016287490578774998
1191 0.0016287490578774998
1192 0.0016287490578774998
1193 0.0016287490578774998
1194 0.0021716654105031832
1195 0.0021716654105031832
1196 0.0016287490578774998
1197 0.0016287490578774998
1198 0.0016287490578774998
1199 0.0016287490578774998
1200 0.0016287490578774998
1201 0.0016287490578774998
1202 0.0016287490578774998
1203 0.0016287490578774998
1204 0.0016287490578774998
1205 0.0016287490578774998
1206 0.0016287490578774998
1207 0.0016287490578774998
1208 0.0016287490578774998
1209 0.0016287490578774998
1210 0.0016287490578774998
1211 0.0016287490578774998
1212 0.0016287490578774998
1213 0.0021716654105031832
1214 0.0021716654105031832
1215 0.0016287490578774998
1216 0.0016287490578774998
1217 0.0016287490578774998
1218 0.0016287490578774998
1219 0.0016287490578774998
1220 0.0016287490578774998
1221 0.0016287490578774998
1222 0.0021716654105031832
1223 0.0021716654105031832
1224 0.0021716654105031832
1225 0.0021716654105031832
1226 0.0021716654105031832
1227 0.0021716654105031832
1228 0.0021716654105031832
1229 0.0021716654105031832
1230 0.0021716654105031832
1231 0.0021716654105031832
1232 0.0021716654105031832
1233 0.0021716654105031832
1234 0.0021716654105031832
1235 0.0021716654105031832
1236 0.0021716654105031832
1237 0.0021716654105031832
1238 0.0021716654105031832
1239 0.0021716654105031832
1240 0.0021716654105031832
1241 0.0021716654105031832
1242 0.0021716654105031832
1243 0.0021716654105031832
1244 0.0021716654105031832
1245 0.0021716654105031832
1246 0.0021716654105031832
1247 0.0021716654105031832
1248 0.0021716654105031832
1249 0.0021716654105031832
1250 0.0021716654105031832
1251 0.0021716654105031832
1252 0.0021716654105031832
1253 0.0021716654105031832
1254 0.0021716654105031832
1255 0.0021716654105031832
1256 0.0021716654105031832
1257 0.0021716654105031832
1258 0.0021716654105031832
1259 0.0021716654105031832
1260 0.0021716654105031832
1261 0.0021716654105031832
1262 0.0021716654105031832
1263 0.0021716654105031832
1264 0.0021716654105031832
1265 0.0021716654105031832
1266 0.0021716654105031832
1267 0.0021716654105031832
1268 0.0021716654105031832
1269 0.0021716654105031832
1270 0.0021716654105031832
1271 0.0021716654105031832
1272 0.0021716654105031832
1273 0.0021716654105031832
1274 0.0021716654105031832
1275 0.0021716654105031832
1276 0.0021716654105031832
1277 0.0021716654105031832
1278 0.0021716654105031832
1279 0.0021716654105031832
1280 0.0021716654105031832
1281 0.0021716654105031832
1282 0.0021716654105031832
1283 0.0021716654105031832
1284 0.0021716654105031832
1285 0.0021716654105031832
1286 0.0021716654105031832
1287 0.0021716654105031832
1288 0.0021716654105031832
1289 0.0021716654105031832
1290 0.0021716654105031832
1291 0.0021716654105031832
1292 0.0021716654105031832
1293 0.0021716654105031832
1294 0.0021716654105031832
1295 0.0021716654105031832
1296 0.0021716654105031832
1297 0.0021716654105031832
1298 0.0021716654105031832
1299 0.0021716654105031832
1300 0.0021716654105031832
1301 0.0021716654105031832
1302 0.0021716654105031832
1303 0.0021716654105031832
1304 0.0021716654105031832
1305 0.0021716654105031832
1306 0.0021716654105031832
1307 0.0021716654105031832
1308 0.0021716654105031832
1309 0.0021716654105031832
1310 0.0021716654105031832
1311 0.0021716654105031832
1312 0.0021716654105031832
1313 0.0021716654105031832
1314 0.0021716654105031832
1315 0.0021716654105031832
1316 0.0021716654105031832
1317 0.0021716654105031832
1318 0.0021716654105031832
1319 0.0021716654105031832
1320 0.0021716654105031832
1321 0.0021716654105031832
1322 0.0021716654105031832
1323 0.0021716654105031832
1324 0.0021716654105031832
1325 0.0021716654105031832
1326 0.0021716654105031832
1327 0.0021716654105031832
1328 0.0021716654105031832
1329 0.0021716654105031832
1330 0.0021716654105031832
1331 0.0021716654105031832
1332 0.0021716654105031832
1333 0.0021716654105031832
1334 0.0021716654105031832
1335 0.0021716654105031832
1336 0.0021716654105031832
1337 0.0021716654105031832
1338 0.0021716654105031832
1339 0.0021716654105031832
1340 0.0021716654105031832
1341 0.0021716654105031832
1342 0.0021716654105031832
1343 0.0021716654105031832
1344 0.0021716654105031832
1345 0.0021716654105031832
1346 0.0021716654105031832
1347 0.0021716654105031832
1348 0.0021716654105031832
1349 0.0021716654105031832
1350 0.0021716654105031832
1351 0.0021716654105031832
1352 0.0021716654105031832
1353 0.0021716654105031832
1354 0.0021716654105031832
1355 0.0021716654105031832
1356 0.0021716654105031832
1357 0.0021716654105031832
1358 0.0021716654105031832
1359 0.0021716654105031832
1360 0.0021716654105031832
1361 0.0021716654105031832
1362 0.0021716654105031832
1363 0.0021716654105031832
1364 0.0021716654105031832
1365 0.0021716654105031832
1366 0.0021716654105031832
1367 0.0021716654105031832
1368 0.0021716654105031832
1369 0.0021716654105031832
1370 0.0021716654105031832
1371 0.0021716654105031832
1372 0.0021716654105031832
1373 0.0021716654105031832
1374 0.0021716654105031832
1375 0.0021716654105031832
1376 0.0016287490578774998
1377 0.0016287490578774998
1378 0.0016287490578774998
1379 0.0016287490578774998
1380 0.0016287490578774998
1381 0.0016287490578774998
1382 0.0016287490578774998
1383 0.0016287490578774998
1384 0.0016287490578774998
1385 0.0016287490578774998
1386 0.0016287490578774998
1387 0.0016287490578774998
1388 0.0016287490578774998
1389 0.0016287490578774998
1390 0.0016287490578774998
1391 0.0016287490578774998
1392 0.0016287490578774998
1393 0.0016287490578774998
1394 0.0016287490578774998
1395 0.0016287490578774998
1396 0.0016287490578774998
1397 0.0016287490578774998
1398 0.0016287490578774998
1399 0.0016287490578774998
1400 0.0016287490578774998
1401 0.0016287490578774998
1402 0.0016287490578774998
1403 0.0016287490578774998
1404 0.0016287490578774998
1405 0.0016287490578774998
1406 0.0016287490578774998
1407 0.0016287490578774998
1408 0.0016287490578774998
1409 0.0016287490578774998
1410 0.0016287490578774998
1411 0.0016287490578774998
1412 0.0016287490578774998
1413 0.0016287490578774998
1414 0.0016287490578774998
1415 0.0016287490578774998
1416 0.0016287490578774998
1417 0.0016287490578774998
1418 0.0016287490578774998
1419 0.0016287490578774998
1420 0.0016287490578774998
1421 0.0016287490578774998
1422 0.0016287490578774998
1423 0.0016287490578774998
1424 0.0016287490578774998
1425 0.0016287490578774998
1426 0.0016287490578774998
1427 0.0016287490578774998
1428 0.0016287490578774998
1429 0.0016287490578774998
1430 0.0016287490578774998
1431 0.0016287490578774998
1432 0.0016287490578774998
1433 0.0016287490578774998
1434 0.0016287490578774998
1435 0.0016287490578774998
1436 0.0016287490578774998
1437 0.0016287490578774998
1438 0.0016287490578774998
1439 0.0016287490578774998
1440 0.0016287490578774998
1441 0.0016287490578774998
1442 0.0016287490578774998
1443 0.0016287490578774998
1444 0.0016287490578774998
1445 0.0016287490578774998
1446 0.0016287490578774998
1447 0.0016287490578774998
1448 0.0010858327052516664
1449 0.0016287490578774998
1450 0.0016287490578774998
1451 0.0016287490578774998
1452 0.0016287490578774998
1453 0.0016287490578774998
1454 0.0010858327052516664
1455 0.0010858327052516664
1456 0.0016287490578774998
1457 0.0016287490578774998
1458 0.0016287490578774998
1459 0.0016287490578774998
1460 0.0016287490578774998
1461 0.0016287490578774998
1462 0.0016287490578774998
1463 0.0016287490578774998
1464 0.0016287490578774998
1465 0.0016287490578774998
1466 0.0016287490578774998
1467 0.0016287490578774998
1468 0.0016287490578774998
1469 0.0016287490578774998
1470 0.0016287490578774998
1471 0.0016287490578774998
1472 0.0016287490578774998
1473 0.0016287490578774998
1474 0.0016287490578774998
1475 0.0016287490578774998
1476 0.0010858327052516664
1477 0.0016287490578774998
1478 0.0016287490578774998
1479 0.0016287490578774998
1480 0.0016287490578774998
1481 0.0016287490578774998
1482 0.0016287490578774998
1483 0.0016287490578774998
1484 0.0016287490578774998
1485 0.0016287490578774998
1486 0.0016287490578774998
1487 0.0016287490578774998
1488 0.0016287490578774998
1489 0.0016287490578774998
1490 0.0016287490578774998
1491 0.0016287490578774998
1492 0.0016287490578774998
1493 0.0016287490578774998
1494 0.0016287490578774998
1495 0.0016287490578774998
1496 0.0016287490578774998
1497 0.0016287490578774998
1498 0.0016287490578774998
1499 0.0016287490578774998
1500 0.0016287490578774998
1501 0.0010858327052516664
1502 0.0010858327052516664
1503 0.0010858327052516664
1504 0.0010858327052516664
1505 0.0010858327052516664
1506 0.0010858327052516664
1507 0.0010858327052516664
1508 0.0010858327052516664
1509 0.0010858327052516664
1510 0.0010858327052516664
1511 0.0010858327052516664
1512 0.0010858327052516664
1513 0.0010858327052516664
1514 0.0010858327052516664
1515 0.0010858327052516664
1516 0.0010858327052516664
1517 0.0010858327052516664
1518 0.0010858327052516664
1519 0.0010858327052516664
1520 0.0010858327052516664
1521 0.0010858327052516664
1522 0.0010858327052516664
1523 0.0010858327052516664
1524 0.0010858327052516664
1525 0.0010858327052516664
1526 0.0010858327052516664
1527 0.0010858327052516664
1528 0.0010858327052516664
1529 0.0010858327052516664
1530 0.0010858327052516664
1531 0.0010858327052516664
1532 0.0010858327052516664
1533 0.0010858327052516664
1534 0.0010858327052516664
1535 0.0010858327052516664
1536 0.0010858327052516664
1537 0.0010858327052516664
1538 0.0010858327052516664
1539 0.0010858327052516664
1540 0.0010858327052516664
1541 0.0010858327052516664
1542 0.0010858327052516664
1543 0.0010858327052516664
1544 0.0010858327052516664
1545 0.0010858327052516664
1546 0.0010858327052516664
1547 0.0010858327052516664
1548 0.0010858327052516664
1549 0.0010858327052516664
1550 0.0010858327052516664
1551 0.0010858327052516664
1552 0.0010858327052516664
1553 0.0010858327052516664
1554 0.0010858327052516664
1555 0.0010858327052516664
1556 0.0010858327052516664
1557 0.0010858327052516664
1558 0.0010858327052516664
1559 0.0010858327052516664
1560 0.0010858327052516664
1561 0.0010858327052516664
1562 0.0010858327052516664
1563 0.0010858327052516664
1564 0.0010858327052516664
1565 0.0010858327052516664
1566 0.0010858327052516664
1567 0.0010858327052516664
1568 0.0010858327052516664
1569 0.0010858327052516664
1570 0.0010858327052516664
1571 0.0010858327052516664
1572 0.0010858327052516664
1573 0.0010858327052516664
1574 0.0010858327052516664
1575 0.0010858327052516664
1576 0.0010858327052516664
1577 0.0010858327052516664
1578 0.0010858327052516664
1579 0.0010858327052516664
1580 0.0010858327052516664
1581 0.0010858327052516664
1582 0.0010858327052516664
1583 0.0010858327052516664
1584 0.0010858327052516664
1585 0.0010858327052516664
1586 0.0010858327052516664
1587 0.0010858327052516664
1588 0.0010858327052516664
1589 0.0010858327052516664
1590 0.0010858327052516664
1591 0.0010858327052516664
1592 0.0010858327052516664
1593 0.0010858327052516664
1594 0.0010858327052516664
1595 0.0010858327052516664
1596 0.0010858327052516664
1597 0.0010858327052516664
1598 0.0010858327052516664
1599 0.0010858327052516664
1600 0.0010858327052516664
1601 0.0010858327052516664
1602 0.0010858327052516664
1603 0.0010858327052516664
1604 0.0010858327052516664
1605 0.0010858327052516664
1606 0.0010858327052516664
1607 0.0010858327052516664
1608 0.0010858327052516664
1609 0.0010858327052516664
1610 0.0010858327052516664
1611 0.0010858327052516664
1612 0.0010858327052516664
1613 0.0010858327052516664
1614 0.0010858327052516664
1615 0.0010858327052516664
1616 0.0010858327052516664
1617 0.0010858327052516664
1618 0.0010858327052516664
1619 0.0010858327052516664
1620 0.0010858327052516664
1621 0.0010858327052516664
1622 0.0010858327052516664
1623 0.0010858327052516664
1624 0.0010858327052516664
1625 0.0010858327052516664
1626 0.0010858327052516664
1627 0.0010858327052516664
1628 0.0010858327052516664
1629 0.0010858327052516664
1630 0.0010858327052516664
1631 0.0010858327052516664
1632 0.0010858327052516664
1633 0.0010858327052516664
1634 0.0010858327052516664
1635 0.0010858327052516664
1636 0.0010858327052516664
1637 0.0010858327052516664
1638 0.0010858327052516664
1639 0.0010858327052516664
1640 0.0010858327052516664
1641 0.0010858327052516664
1642 0.0010858327052516664
1643 0.0010858327052516664
1644 0.0010858327052516664
1645 0.0010858327052516664
1646 0.0010858327052516664
1647 0.0010858327052516664
1648 0.0010858327052516664
1649 0.0010858327052516664
1650 0.0010858327052516664
1651 0.0010858327052516664
1652 0.0010858327052516664
1653 0.0010858327052516664
1654 0.0010858327052516664
1655 0.0010858327052516664
1656 0.0010858327052516664
1657 0.0010858327052516664
1658 0.0010858327052516664
1659 0.0010858327052516664
1660 0.0010858327052516664
1661 0.0010858327052516664
1662 0.0010858327052516664
1663 0.0010858327052516664
1664 0.0010858327052516664
1665 0.0010858327052516664
1666 0.0010858327052516664
1667 0.0010858327052516664
1668 0.0010858327052516664
1669 0.0010858327052516664
1670 0.0010858327052516664
1671 0.0010858327052516664
1672 0.0010858327052516664
1673 0.0010858327052516664
1674 0.0010858327052516664
1675 0.0010858327052516664
1676 0.0010858327052516664
1677 0.0010858327052516664
1678 0.0010858327052516664
1679 0.0010858327052516664
1680 0.0010858327052516664
1681 0.0010858327052516664
1682 0.0010858327052516664
1683 0.0010858327052516664
1684 0.0010858327052516664
1685 0.0010858327052516664
1686 0.0010858327052516664
1687 0.0010858327052516664
1688 0.0010858327052516664
1689 0.0010858327052516664
1690 0.0010858327052516664
1691 0.0010858327052516664
1692 0.0010858327052516664
1693 0.0010858327052516664
1694 0.0010858327052516664
1695 0.0010858327052516664
1696 0.0010858327052516664
1697 0.0010858327052516664
1698 0.0010858327052516664
1699 0.0010858327052516664
1700 0.0010858327052516664
1701 0.0010858327052516664
1702 0.0010858327052516664
1703 0.0010858327052516664
1704 0.0016287490578773501
1705 0.0016287490578773501
1706 0.0016287490578773501
1707 0.0016287490578773501
1708 0.0016287490578773501
1709 0.0010858327052516664
1710 0.0016287490578773501
1711 0.0016287490578773501
1712 0.0016287490578773501
1713 0.0016287490578773501
1714 0.0016287490578773501
1715 0.0016287490578773501
1716 0.0016287490578773501
1717 0.0016287490578773501
1718 0.0016287490578773501
1719 0.0016287490578773501
1720 0.0016287490578773501
1721 0.0016287490578773501
1722 0.0016287490578773501
1723 0.0016287490578773501
1724 0.0016287490578773501
1725 0.0016287490578773501
1726 0.0016287490578773501
1727 0.0016287490578773501
1728 0.0016287490578773501
1729 0.0016287490578773501
1730 0.0016287490578773501
1731 0.0016287490578773501
1732 0.0016287490578773501
1733 0.0016287490578773501
1734 0.0016287490578773501
1735 0.0016287490578773501
1736 0.0016287490578773501
1737 0.0016287490578773501
1738 0.0016287490578773501
1739 0.0016287490578773501
1740 0.0016287490578773501
1741 0.0010858327052516664
1742 0.0010858327052516664
1743 0.0010858327052516664
1744 0.0010858327052516664
1745 0.0010858327052516664
1746 0.0010858327052516664
1747 0.0010858327052516664
1748 0.0010858327052516664
1749 0.0010858327052516664
1750 0.0010858327052516664
1751 0.0010858327052516664
1752 0.0010858327052516664
1753 0.0010858327052516664
1754 0.0010858327052516664
1755 0.0010858327052516664
1756 0.0010858327052516664
1757 0.0010858327052516664
1758 0.0010858327052516664
1759 0.0010858327052516664
1760 0.0010858327052516664
1761 0.0010858327052516664
1762 0.0010858327052516664
1763 0.0010858327052516664
1764 0.0010858327052516664
1765 0.0010858327052516664
1766 0.0010858327052516664
1767 0.0010858327052516664
1768 0.0010858327052516664
1769 0.0010858327052516664
1770 0.0010858327052516664
1771 0.0010858327052516664
1772 0.0010858327052516664
1773 0.0010858327052516664
1774 0.0010858327052516664
1775 0.0010858327052516664
1776 0.0010858327052516664
1777 0.0010858327052516664
1778 0.0010858327052516664
1779 0.0010858327052516664
1780 0.0010858327052516664
1781 0.0010858327052516664
1782 0.0010858327052516664
1783 0.0010858327052516664
1784 0.0010858327052516664
1785 0.0010858327052516664
1786 0.0010858327052516664
1787 0.0010858327052516664
1788 0.0010858327052516664
1789 0.0010858327052516664
1790 0.0010858327052516664
1791 0.0010858327052516664
1792 0.0010858327052516664
1793 0.0010858327052516664
1794 0.0010858327052516664
1795 0.0010858327052516664
1796 0.0010858327052516664
1797 0.0010858327052516664
1798 0.0010858327052516664
1799 0.0010858327052516664
1800 0.0010858327052516664
1801 0.0010858327052516664
1802 0.0010858327052516664
1803 0.0010858327052516664
1804 0.0010858327052516664
1805 0.0010858327052516664
1806 0.0010858327052516664
1807 0.0010858327052516664
1808 0.0010858327052516664
1809 0.0010858327052516664
1810 0.0010858327052516664
1811 0.0010858327052516664
1812 0.0010858327052516664
1813 0.0010858327052516664
1814 0.0010858327052516664
1815 0.0010858327052516664
1816 0.0010858327052516664
1817 0.0010858327052516664
1818 0.0010858327052516664
1819 0.0010858327052516664
1820 0.0010858327052516664
1821 0.0010858327052516664
1822 0.0010858327052516664
1823 0.0010858327052516664
1824 0.0010858327052516664
1825 0.0010858327052516664
1826 0.0010858327052516664
1827 0.0010858327052516664
1828 0.0010858327052516664
1829 0.0010858327052516664
1830 0.0010858327052516664
1831 0.0010858327052516664
1832 0.0016287490578773501
1833 0.0016287490578773501
1834 0.0016287490578773501
1835 0.0016287490578773501
1836 0.0016287490578773501
1837 0.0016287490578773501
1838 0.0016287490578773501
1839 0.0016287490578773501
1840 0.0016287490578773501
1841 0.0016287490578773501
1842 0.0016287490578773501
1843 0.0016287490578773501
1844 0.0016287490578773501
1845 0.0016287490578773501
1846 0.0016287490578773501
1847 0.0016287490578773501
1848 0.0016287490578773501
1849 0.0016287490578773501
1850 0.0016287490578773501
1851 0.0016287490578773501
1852 0.0016287490578773501
1853 0.0016287490578773501
1854 0.0016287490578773501
1855 0.0016287490578773501
1856 0.0016287490578773501
1857 0.0016287490578773501
1858 0.0016287490578773501
1859 0.0016287490578773501
1860 0.0016287490578773501
1861 0.0016287490578773501
1862 0.0016287490578773501
1863 0.0016287490578773501
1864 0.0016287490578773501
1865 0.0016287490578773501
1866 0.0016287490578773501
1867 0.0016287490578773501
1868 0.0016287490578773501
1869 0.0016287490578773501
1870 0.0016287490578773501
1871 0.0016287490578773501
1872 0.0016287490578773501
1873 0.0016287490578773501
1874 0.0016287490578773501
1875 0.0016287490578773501
1876 0.0016287490578773501
1877 0.0016287490578773501
1878 0.0016287490578773501
1879 0.0016287490578773501
1880 0.0010858327052516664
1881 0.0010858327052516664
1882 0.0010858327052516664
1883 0.0010858327052516664
1884 0.0010858327052516664
1885 0.0010858327052516664
1886 0.0010858327052516664
1887 0.0010858327052516664
1888 0.0010858327052516664
1889 0.0010858327052516664
1890 0.0010858327052516664
1891 0.0016287490578773501
1892 0.0016287490578773501
1893 0.0016287490578773501
1894 0.0016287490578773501
1895 0.0016287490578773501
1896 0.0016287490578773501
1897 0.0016287490578773501
1898 0.0016287490578773501
1899 0.0016287490578773501
1900 0.0016287490578773501
1901 0.0016287490578773501
1902 0.0016287490578773501
1903 0.0010858327052516664
1904 0.0016287490578773501
1905 0.0016287490578773501
1906 0.0016287490578773501
1907 0.0016287490578773501
1908 0.0016287490578773501
1909 0.0010858327052516664
1910 0.0010858327052516664
1911 0.0010858327052516664
1912 0.0010858327052516664
1913 0.0016287490578773501
1914 0.0016287490578773501
1915 0.0010858327052516664
1916 0.0010858327052516664
1917 0.0010858327052516664
1918 0.0010858327052516664
1919 0.0010858327052516664
1920 0.0010858327052516664
1921 0.0010858327052516664
1922 0.0010858327052516664
1923 0.0010858327052516664
1924 0.0010858327052516664
1925 0.0010858327052516664
1926 0.0010858327052516664
1927 0.0010858327052516664
1928 0.0010858327052516664
1929 0.0010858327052516664
1930 0.0010858327052516664
1931 0.0010858327052516664
1932 0.0010858327052516664
1933 0.0010858327052516664
1934 0.0010858327052516664
1935 0.0010858327052516664
1936 0.0010858327052516664
1937 0.0010858327052516664
1938 0.0010858327052516664
1939 0.0010858327052516664
1940 0.0010858327052516664
1941 0.0010858327052516664
1942 0.0010858327052516664
1943 0.0010858327052516664
1944 0.0010858327052516664
1945 0.0010858327052516664
1946 0.0010858327052516664
1947 0.0010858327052516664
1948 0.0010858327052516664
1949 0.0010858327052516664
1950 0.0010858327052516664
1951 0.0010858327052516664
1952 0.0010858327052516664
1953 0.0010858327052516664
1954 0.0010858327052516664
1955 0.0010858327052516664
1956 0.0010858327052516664
1957 0.0010858327052516664
1958 0.0010858327052516664
1959 0.0010858327052516664
1960 0.0010858327052516664
1961 0.0010858327052516664
1962 0.0010858327052516664
1963 0.0010858327052516664
1964 0.0010858327052516664
1965 0.0010858327052516664
1966 0.0010858327052516664
1967 0.0010858327052516664
1968 0.0010858327052516664
1969 0.0010858327052516664
1970 0.0010858327052516664
1971 0.0010858327052516664
1972 0.0010858327052516664
1973 0.0010858327052516664
1974 0.0010858327052516664
1975 0.0010858327052516664
1976 0.0010858327052516664
1977 0.0010858327052516664
1978 0.0010858327052516664
1979 0.0010858327052516664
1980 0.0010858327052516664
1981 0.0010858327052516664
1982 0.0010858327052516664
1983 0.0010858327052516664
1984 0.0010858327052516664
1985 0.0010858327052516664
1986 0.0010858327052516664
1987 0.0010858327052516664
1988 0.0010858327052516664
1989 0.0010858327052516664
1990 0.0010858327052516664
1991 0.0010858327052516664
1992 0.0010858327052516664
1993 0.0010858327052516664
1994 0.0010858327052516664
1995 0.0010858327052516664
1996 0.0010858327052516664
1997 0.0010858327052516664
1998 0.0010858327052516664
1999 0.0010858327052516664
2000 0.0010858327052516664
2001 0.0010858327052516664
2002 0.0010858327052516664
2003 0.0010858327052516664
2004 0.0010858327052516664
2005 0.0010858327052516664
2006 0.0010858327052516664
2007 0.0010858327052516664
2008 0.0010858327052516664
2009 0.0010858327052516664
2010 0.0010858327052516664
2011 0.0010858327052516664
2012 0.0010858327052516664
2013 0.0010858327052516664
2014 0.0010858327052516664
2015 0.0010858327052516664
2016 0.0010858327052516664
2017 0.0010858327052516664
2018 0.0010858327052516664
2019 0.0010858327052516664
2020 0.0010858327052516664
2021 0.0010858327052516664
2022 0.0010858327052516664
2023 0.0010858327052516664
2024 0.0010858327052516664
2025 0.0010858327052516664
2026 0.0010858327052516664
2027 0.0010858327052516664
2028 0.0010858327052516664
2029 0.0010858327052516664
2030 0.0010858327052516664
2031 0.0010858327052516664
2032 0.0010858327052516664
2033 0.0010858327052516664
2034 0.0010858327052516664
2035 0.0010858327052516664
2036 0.0010858327052516664
2037 0.0010858327052516664
2038 0.0010858327052516664
2039 0.0010858327052516664
2040 0.0010858327052516664
2041 0.0010858327052516664
2042 0.0010858327052516664
2043 0.0010858327052516664
2044 0.0010858327052516664
2045 0.0010858327052516664
2046 0.0010858327052516664
2047 0.0010858327052516664
2048 0.0010858327052516664
2049 0.0010858327052516664
2050 0.0010858327052516664
2051 0.0010858327052516664
2052 0.0010858327052516664
2053 0.0010858327052516664
2054 0.0010858327052516664
2055 0.0010858327052516664
2056 0.0010858327052516664
2057 0.0010858327052516664
2058 0.0010858327052516664
2059 0.0010858327052516664
2060 0.0010858327052516664
2061 0.0010858327052516664
2062 0.0010858327052516664
2063 0.0010858327052516664
2064 0.0010858327052516664
2065 0.0010858327052516664
2066 0.0010858327052516664
2067 0.0010858327052516664
2068 0.0010858327052516664
2069 0.0010858327052516664
2070 0.0010858327052516664
2071 0.0010858327052516664
2072 0.0010858327052516664
2073 0.0010858327052516664
2074 0.0010858327052516664
2075 0.0010858327052516664
2076 0.0010858327052516664
2077 0.0010858327052516664
2078 0.0010858327052516664
2079 0.0010858327052516664
2080 0.0010858327052516664
2081 0.0010858327052516664
2082 0.0010858327052516664
2083 0.0010858327052516664
2084 0.0010858327052516664
2085 0.0010858327052516664
2086 0.0010858327052516664
2087 0.0010858327052516664
2088 0.0010858327052516664
2089 0.0010858327052516664
2090 0.0010858327052516664
2091 0.0010858327052516664
2092 0.0010858327052516664
2093 0.0010858327052516664
2094 0.0010858327052516664
2095 0.0010858327052516664
2096 0.0010858327052516664
2097 0.0010858327052516664
2098 0.0010858327052516664
2099 0.0010858327052516664
2100 0.0010858327052516664
2101 0.0010858327052516664
2102 0.0010858327052516664
2103 0.0010858327052516664
2104 0.0010858327052516664
2105 0.0010858327052516664
2106 0.0010858327052516664
2107 0.0010858327052516664
2108 0.0010858327052516664
2109 0.0010858327052516664
2110 0.0010858327052516664
2111 0.0010858327052516664
2112 0.0010858327052516664
2113 0.0010858327052516664
2114 0.0010858327052516664
2115 0.0010858327052516664
2116 0.0010858327052516664
2117 0.0010858327052516664
2118 0.0010858327052516664
2119 0.0010858327052516664
2120 0.0010858327052516664
2121 0.0010858327052516664
2122 0.0016287490578773501
2123 0.0016287490578773501
2124 0.0016287490578773501
2125 0.0016287490578773501
2126 0.0016287490578773501
2127 0.0016287490578773501
2128 0.0016287490578773501
2129 0.0016287490578773501
2130 0.0016287490578773501
2131 0.0016287490578773501
2132 0.0016287490578773501
2133 0.0016287490578773501
2134 0.0016287490578773501
2135 0.0016287490578773501
2136 0.0016287490578773501
2137 0.0016287490578773501
2138 0.0016287490578773501
2139 0.0016287490578773501
2140 0.0016287490578773501
2141 0.0016287490578773501
2142 0.0016287490578773501
2143 0.0016287490578773501
2144 0.0016287490578773501
2145 0.0016287490578773501
2146 0.0016287490578773501
2147 0.0016287490578773501
2148 0.0016287490578773501
2149 0.0016287490578773501
2150 0.0016287490578773501
2151 0.0016287490578773501
2152 0.0016287490578773501
2153 0.0016287490578773501
2154 0.0016287490578773501
2155 0.0016287490578773501
2156 0.0016287490578773501
2157 0.0016287490578773501
2158 0.0016287490578773501
2159 0.0016287490578773501
2160 0.0016287490578773501
2161 0.0016287490578773501
2162 0.0016287490578773501
2163 0.0016287490578773501
2164 0.0016287490578773501
2165 0.0016287490578773501
2166 0.0016287490578773501
2167 0.0016287490578773501
2168 0.0016287490578773501
2169 0.0016287490578773501
2170 0.0016287490578773501
2171 0.0016287490578773501
2172 0.0016287490578773501
2173 0.0016287490578773501
2174 0.0016287490578773501
2175 0.0016287490578773501
2176 0.0016287490578773501
2177 0.0016287490578773501
2178 0.0016287490578773501
2179 0.0016287490578773501
2180 0.0016287490578773501
2181 0.0016287490578773501
2182 0.0016287490578773501
2183 0.0010858327052516664
2184 0.0016287490578773501
2185 0.0016287490578773501
2186 0.0016287490578773501
2187 0.0016287490578773501
2188 0.0016287490578773501
2189 0.0016287490578773501
2190 0.0016287490578773501
2191 0.0016287490578773501
2192 0.0016287490578773501
2193 0.0016287490578773501
2194 0.0016287490578773501
2195 0.0016287490578773501
2196 0.0016287490578773501
2197 0.0016287490578773501
2198 0.0016287490578773501
2199 0.0016287490578773501
2200 0.0016287490578773501
2201 0.0016287490578773501
2202 0.0016287490578773501
2203 0.0016287490578773501
2204 0.0016287490578773501
2205 0.0016287490578773501
2206 0.0016287490578773501
2207 0.0016287490578773501
2208 0.0016287490578773501
2209 0.0016287490578773501
2210 0.0016287490578773501
2211 0.0016287490578773501
2212 0.0016287490578773501
2213 0.0016287490578773501
2214 0.0016287490578773501
2215 0.0016287490578773501
2216 0.0016287490578773501
2217 0.0016287490578773501
2218 0.0016287490578773501
2219 0.0016287490578773501
2220 0.0016287490578773501
2221 0.0016287490578773501
2222 0.0016287490578773501
2223 0.0016287490578773501
2224 0.0016287490578773501
2225 0.0016287490578773501
2226 0.0016287490578773501
2227 0.0016287490578773501
2228 0.0016287490578773501
2229 0.0016287490578773501
2230 0.0016287490578773501
2231 0.0016287490578773501
2232 0.0016287490578773501
2233 0.0016287490578773501
2234 0.0016287490578773501
2235 0.0016287490578773501
2236 0.0016287490578773501
2237 0.0016287490578773501
2238 0.0016287490578773501
2239 0.0016287490578773501
2240 0.0016287490578773501
2241 0.0016287490578773501
2242 0.0016287490578773501
2243 0.0016287490578773501
2244 0.0016287490578773501
2245 0.0016287490578773501
2246 0.0016287490578773501
2247 0.0016287490578773501
2248 0.0016287490578773501
2249 0.0016287490578773501
2250 0.0016287490578773501
2251 0.0016287490578773501
2252 0.0016287490578773501
2253 0.0016287490578773501
2254 0.0016287490578773501
2255 0.0016287490578773501
2256 0.0016287490578773501
2257 0.0016287490578773501
2258 0.0016287490578773501
2259 0.0016287490578773501
2260 0.0016287490578773501
2261 0.0016287490578773501
2262 0.0016287490578773501
2263 0.0016287490578773501
2264 0.0016287490578773501
2265 0.0016287490578773501
2266 0.0016287490578773501
2267 0.0016287490578773501
2268 0.0016287490578773501
2269 0.0016287490578773501
2270 0.0016287490578773501
2271 0.0016287490578773501
2272 0.0016287490578773501
2273 0.0016287490578773501
2274 0.0016287490578773501
2275 0.0016287490578773501
2276 0.0016287490578773501
2277 0.0016287490578773501
2278 0.0016287490578773501
2279 0.0016287490578773501
2280 0.0016287490578773501
2281 0.0016287490578773501
2282 0.0016287490578773501
2283 0.0016287490578773501
2284 0.0016287490578773501
2285 0.0016287490578773501
2286 0.0016287490578773501
2287 0.0016287490578773501
2288 0.0016287490578773501
2289 0.0016287490578773501
2290 0.0016287490578773501
2291 0.0016287490578773501
2292 0.0010858327052516664
2293 0.0010858327052516664
2294 0.0016287490578773501
2295 0.0016287490578773501
2296 0.0010858327052516664
2297 0.0010858327052516664
2298 0.0010858327052516664
2299 0.0010858327052516664
2300 0.0010858327052516664
2301 0.0010858327052516664
2302 0.0010858327052516664
2303 0.0010858327052516664
2304 0.0010858327052516664
2305 0.0010858327052516664
2306 0.0010858327052516664
2307 0.0010858327052516664
2308 0.0010858327052516664
2309 0.0010858327052516664
2310 0.0010858327052516664
2311 0.0010858327052516664
2312 0.0010858327052516664
2313 0.0010858327052516664
2314 0.0010858327052516664
2315 0.0010858327052516664
2316 0.0010858327052516664
2317 0.0010858327052516664
2318 0.0016287490578773501
2319 0.0016287490578773501
2320 0.0016287490578773501
2321 0.0010858327052516664
2322 0.0010858327052516664
2323 0.0016287490578773501
2324 0.0016287490578773501
2325 0.0016287490578773501
2326 0.0016287490578773501
2327 0.0016287490578773501
2328 0.0016287490578773501
2329 0.0010858327052516664
2330 0.0010858327052516664
2331 0.0010858327052516664
2332 0.0010858327052516664
2333 0.0010858327052516664
2334 0.0010858327052516664
2335 0.0010858327052516664
2336 0.0010858327052516664
2337 0.0010858327052516664
2338 0.0010858327052516664
2339 0.0010858327052516664
2340 0.0010858327052516664
2341 0.0010858327052516664
2342 0.0010858327052516664
2343 0.0010858327052516664
2344 0.0010858327052516664
2345 0.0010858327052516664
2346 0.0010858327052516664
2347 0.0010858327052516664
2348 0.0010858327052516664
2349 0.0010858327052516664
2350 0.0010858327052516664
2351 0.0010858327052516664
2352 0.0010858327052516664
2353 0.0010858327052516664
2354 0.0010858327052516664
2355 0.0010858327052516664
2356 0.0010858327052516664
2357 0.0010858327052516664
2358 0.0010858327052516664
2359 0.0010858327052516664
2360 0.0010858327052516664
2361 0.0010858327052516664
2362 0.0010858327052516664
2363 0.0010858327052516664
2364 0.0010858327052516664
2365 0.0010858327052516664
2366 0.0010858327052516664
2367 0.0010858327052516664
2368 0.0010858327052516664
2369 0.0010858327052516664
2370 0.0010858327052516664
2371 0.0010858327052516664
2372 0.0010858327052516664
2373 0.0010858327052516664
2374 0.0010858327052516664
2375 0.0010858327052516664
2376 0.0010858327052516664
2377 0.0010858327052516664
2378 0.0010858327052516664
2379 0.0010858327052516664
2380 0.0010858327052516664
2381 0.0010858327052516664
2382 0.0010858327052516664
2383 0.0010858327052516664
2384 0.0010858327052516664
2385 0.0010858327052516664
2386 0.0010858327052516664
2387 0.0010858327052516664
2388 0.0010858327052516664
2389 0.0010858327052516664
2390 0.0010858327052516664
2391 0.0010858327052516664
2392 0.0010858327052516664
2393 0.0010858327052516664
2394 0.0010858327052516664
2395 0.0010858327052516664
2396 0.0010858327052516664
2397 0.0010858327052516664
2398 0.0010858327052516664
2399 0.0010858327052516664
2400 0.0010858327052516664
2401 0.0010858327052516664
2402 0.0010858327052516664
2403 0.0010858327052516664
2404 0.0010858327052516664
2405 0.0010858327052516664
2406 0.0010858327052516664
