1 0.10858327052515722
2 0.05103413714682384
3 0.047776639031069136
4 0.04289039185743709
5 0.04234747550481125
6 0.039632893741682385
7 0.036918311978553366
8 0.03366081386279867
9 0.0309462320996698
10 0.029317483041792453
11 0.026602901278663434
12 0.026602901278663434
13 0.02605998492603775
14 0.024974152220786236
15 0.0244312358681604
16 0.0244312358681604
17 0.022802486810283053
18 0.022259570457657217
19 0.021173737752405702
20 0.021173737752405702
21 0.02063082139977987
22 0.02063082139977987
23 0.01791623963665085
24 0.017373323284025168
25 0.015744574226147817
26 0.015201657873521984
27 0.015201657873521984
28 0.014658741520896301
29 0.01465874152089615
30 0.014658741520896301
31 0.014115825168270467
32 0.014115825168270467
33 0.013572908815644784
34 0.011944159757767284
35 0.011944159757767284
36 0.01140124340514145
37 0.01140124340514145
38 0.01140124340514145
39 0.01140124340514145
40 0.01140124340514145
41 0.010858327052515767
42 0.010858327052515767
43 0.010315410699889935
44 0.010858327052515618
45 0.010858327052515618
46 0.010315410699889935
47 0.00977249434726425
48 0.010315410699889935
49 0.010315410699889935
50 0.010315410699889935
51 0.010315410699889935
52 0.010315410699889935
53 0.0097724943472641
54 0.010315410699889935
55 0.009229577994638418
56 0.009229577994638418
57 0.008686661642012584
58 0.00814374528938675
59 0.00814374528938675
60 0.0076008289367609175
61 0.0076008289367609175
62 0.0076008289367609175
63 0.007057912584135234
64 0.007057912584135234
65 0.007057912584135234
66 0.007057912584135234
67 0.007057912584135234
68 0.007057912584135234
69 0.007057912584135234
70 0.007057912584135234
71 0.007057912584135234
72 0.0065149962315094005
73 0.0065149962315094005
74 0.007057912584135234
75 0.0065149962315094005
76 0.00651499623150955
77 0.00651499623150955
78 0.005972079878883717
79 0.005972079878883717
80 0.005972079878883717
81 0.005972079878883717
82 0.005972079878883717
83 0.0065149962315094005
84 0.0065149962315094005
85 0.0065149962315094005
86 0.005972079878883717
87 0.0065149962315094005
88 0.0065149962315094005
89 0.005972079878883717
90 0.005972079878883717
91 0.005972079878883717
92 0.005972079878883717
93 0.005972079878883717
94 0.005972079878883717
95 0.005972079878883717
96 0.005972079878883717
97 0.0054291635262578835
98 0.0054291635262578835
99 0.0054291635262578835
100 0.0048862471736322
101 0.0048862471736322
102 0.0048862471736322
103 0.0048862471736322
104 0.0054291635262578835
105 0.0054291635262578835
106 0.0054291635262578835
107 0.0054291635262578835
108 0.0054291635262578835
109 0.0054291635262578835
110 0.0054291635262578835
111 0.0054291635262578835
112 0.0054291635262578835
113 0.0054291635262578835
114 0.0054291635262578835
115 0.0054291635262578835
116 0.0054291635262578835
117 0.0048862471736322
118 0.0048862471736322
119 0.0048862471736322
120 0.0048862471736322
121 0.0048862471736322
122 0.0048862471736322
123 0.0048862471736322
124 0.0048862471736322
125 0.0054291635262578835
126 0.0054291635262578835
127 0.0054291635262578835
128 0.0054291635262578835
129 0.0048862471736322
130 0.0048862471736322
131 0.0048862471736322
132 0.0048862471736322
133 0.0048862471736322
134 0.0048862471736322
135 0.0048862471736322
136 0.0048862471736322
137 0.0048862471736322
138 0.0048862471736322
139 0.0048862471736322
140 0.0048862471736322
141 0.0048862471736322
142 0.0048862471736322
143 0.0048862471736322
144 0.0048862471736322
145 0.0048862471736322
146 0.0048862471736322
147 0.0048862471736322
148 0.0048862471736322
149 0.0048862471736322
150 0.0048862471736322
151 0.0048862471736322
152 0.0048862471736322
153 0.0048862471736322
154 0.0048862471736322
155 0.0048862471736322
156 0.0048862471736322
157 0.0048862471736322
158 0.0048862471736322
159 0.0043433308210063665
160 0.0043433308210063665
161 0.0043433308210063665
162 0.0043433308210063665
163 0.0043433308210063665
164 0.0043433308210063665
165 0.0043433308210063665
166 0.0043433308210063665
167 0.0043433308210063665
168 0.0043433308210063665
169 0.0043433308210063665
170 0.0043433308210063665
171 0.0043433308210063665
172 0.0043433308210063665
173 0.0043433308210063665
174 0.0043433308210063665
175 0.0043433308210063665
176 0.0043433308210063665
177 0.0043433308210063665
178 0.0043433308210063665
179 0.0043433308210063665
180 0.0043433308210063665
181 0.0043433308210063665
182 0.0043433308210063665
183 0.0043433308210063665
184 0.0038004144683805334
185 0.0043433308210063665
186 0.0043433308210063665
187 0.0043433308210063665
188 0.0043433308210063665
189 0.0043433308210063665
190 0.0043433308210063665
191 0.0043433308210063665
192 0.0038004144683805334
193 0.0043433308210063665
194 0.0038004144683805334
195 0.0038004144683805334
196 0.0038004144683805334
197 0.0038004144683805334
198 0.0038004144683805334
199 0.0038004144683805334
200 0.0043433308210063665
201 0.0043433308210063665
202 0.0043433308210063665
203 0.0043433308210063665
204 0.0043433308210063665
205 0.0043433308210063665
206 0.0043433308210063665
207 0.0043433308210063665
208 0.0043433308210063665
209 0.0043433308210063665
210 0.0043433308210063665
211 0.0043433308210063665
212 0.0043433308210063665
213 0.0043433308210063665
214 0.0043433308210063665
215 0.0043433308210063665
216 0.0043433308210063665
217 0.0043433308210063665
218 0.0043433308210063665
219 0.0043433308210063665
220 0.0038004144683805334
221 0.0038004144683805334
222 0.0038004144683805334
223 0.0038004144683805334
224 0.0038004144683805334
225 0.0043433308210063665
226 0.0038004144683805334
227 0.0038004144683805334
228 0.0038004144683805334
229 0.0038004144683805334
230 0.0038004144683805334
231 0.0038004144683805334
232 0.0038004144683805334
233 0.0043433308210063665
234 0.0043433308210063665
235 0.0043433308210063665
236 0.0043433308210063665
237 0.0038004144683805334
238 0.0038004144683805334
239 0.0038004144683805334
240 0.0038004144683805334
241 0.0038004144683805334
242 0.0038004144683805334
243 0.0038004144683805334
244 0.0038004144683805334
245 0.0038004144683805334
246 0.0038004144683805334
247 0.0038004144683805334
248 0.0038004144683805334
249 0.0038004144683805334
250 0.0038004144683805334
251 0.0038004144683805334
252 0.0038004144683805334
253 0.0038004144683805334
254 0.0038004144683805334
255 0.0038004144683805334
256 0.0038004144683805334
257 0.0038004144683805334
258 0.0038004144683805334
259 0.0038004144683805334
260 0.0038004144683805334
261 0.0038004144683805334
262 0.0038004144683805334
263 0.0038004144683805334
264 0.0038004144683805334
265 0.0038004144683805334
266 0.0038004144683805334
267 0.0038004144683805334
268 0.0038004144683805334
269 0.0038004144683805334
270 0.0038004144683805334
271 0.0038004144683805334
272 0.0038004144683805334
273 0.0032574981157547003
274 0.0038004144683805334
275 0.0032574981157547003
276 0.0032574981157547003
277 0.0032574981157547003
278 0.0032574981157547003
279 0.0032574981157547003
280 0.0032574981157547003
281 0.0038004144683805334
282 0.0038004144683805334
283 0.0038004144683805334
284 0.0032574981157547003
285 0.0032574981157547003
286 0.0038004144683805334
287 0.0032574981157547003
288 0.0032574981157547003
289 0.0032574981157547003
290 0.0032574981157547003
291 0.0032574981157547003
292 0.0032574981157547003
293 0.0032574981157547003
294 0.0032574981157547003
295 0.0032574981157547003
296 0.0032574981157547003
297 0.0032574981157547003
298 0.0032574981157547003
299 0.0032574981157547003
300 0.0032574981157547003
301 0.0032574981157547003
302 0.0032574981157547003
303 0.0032574981157547003
304 0.0032574981157547003
305 0.0032574981157547003
306 0.0032574981157547003
307 0.0032574981157547003
308 0.0032574981157547003
309 0.0032574981157547003
310 0.0032574981157547003
311 0.0032574981157547003
312 0.0032574981157547003
313 0.0032574981157547003
314 0.0032574981157547003
315 0.0032574981157547003
316 0.0032574981157547003
317 0.0032574981157547003
318 0.0032574981157547003
319 0.0032574981157547003
320 0.0032574981157547003
321 0.0032574981157547003
322 0.0032574981157547003
323 0.0032574981157547003
324 0.0032574981157547003
325 0.0032574981157547003
326 0.0032574981157547003
327 0.0032574981157547003
328 0.0032574981157547003
329 0.0032574981157547003
330 0.0032574981157547003
331 0.0032574981157547003
332 0.0032574981157547003
333 0.0032574981157547003
334 0.0032574981157547003
335 0.0032574981157547003
336 0.0032574981157547003
337 0.0032574981157547003
338 0.0032574981157547003
339 0.0032574981157547003
340 0.0032574981157547003
341 0.0032574981157547003
342 0.0032574981157547003
343 0.0032574981157547003
344 0.0032574981157547003
345 0.0032574981157547003
346 0.0032574981157547003
347 0.0032574981157547003
348 0.0032574981157547003
349 0.0032574981157547003
350 0.0032574981157547003
351 0.0032574981157547003
352 0.0032574981157547003
353 0.0032574981157547003
354 0.0032574981157547003
355 0.0032574981157547003
356 0.0032574981157547003
357 0.0032574981157547003
358 0.0032574981157547003
359 0.0032574981157547003
360 0.0032574981157547003
361 0.0032574981157547003
362 0.0032574981157547003
363 0.0032574981157547003
364 0.0032574981157547003
365 0.0032574981157547003
366 0.0032574981157547003
367 0.0032574981157547003
368 0.0032574981157547003
369 0.0032574981157547003
370 0.0032574981157547003
371 0.0032574981157547003
372 0.0032574981157547003
373 0.0032574981157547003
374 0.0032574981157547003
375 0.0032574981157547003
376 0.0032574981157547003
377 0.0032574981157547003
378 0.0032574981157547003
379 0.0032574981157547003
380 0.0032574981157547003
381 0.0032574981157547003
382 0.0032574981157547003
383 0.0032574981157547003
384 0.0032574981157547003
385 0.0032574981157547003
386 0.0032574981157547003
387 0.0032574981157547003
388 0.0032574981157547003
389 0.0032574981157547003
390 0.0032574981157547003
391 0.0032574981157547003
392 0.0032574981157547003
393 0.002714581763128867
394 0.0032574981157547003
395 0.002714581763128867
396 0.002714581763128867
397 0.002714581763128867
398 0.002714581763128867
399 0.002714581763128867
400 0.002714581763128867
401 0.002714581763128867
402 0.002714581763128867
403 0.002714581763128867
404 0.002714581763128867
405 0.002714581763128867
406 0.002714581763128867
407 0.002714581763128867
408 0.002714581763128867
409 0.002714581763128867
410 0.002714581763128867
411 0.002714581763128867
412 0.002714581763128867
413 0.002714581763128867
414 0.002714581763128867
415 0.002714581763128867
416 0.002714581763128867
417 0.002714581763128867
418 0.002714581763128867
419 0.002714581763128867
420 0.002714581763128867
421 0.002714581763128867
422 0.002714581763128867
423 0.002714581763128867
424 0.002714581763128867
425 0.002714581763128867
426 0.002714581763128867
427 0.002714581763128867
428 0.002714581763128867
429 0.002714581763128867
430 0.002714581763128867
431 0.002714581763128867
432 0.002714581763128867
433 0.002714581763128867
434 0.002714581763128867
435 0.002714581763128867
436 0.002714581763128867
437 0.002714581763128867
438 0.002714581763128867
439 0.002714581763128867
440 0.002714581763128867
441 0.002714581763128867
442 0.002714581763128867
443 0.002714581763128867
444 0.002714581763128867
445 0.002714581763128867
446 0.002714581763128867
447 0.002714581763128867
448 0.002714581763128867
449 0.002714581763128867
450 0.002714581763128867
451 0.002714581763128867
452 0.002714581763128867
453 0.002714581763128867
454 0.002714581763128867
455 0.002714581763128867
456 0.002714581763128867
457 0.002714581763128867
458 0.002714581763128867
459 0.002714581763128867
460 0.002714581763128867
461 0.002714581763128867
462 0.002714581763128867
463 0.002714581763128867
464 0.002714581763128867
465 0.002714581763128867
466 0.002714581763128867
467 0.002714581763128867
468 0.002714581763128867
469 0.002714581763128867
470 0.002714581763128867
471 0.002714581763128867
472 0.002714581763128867
473 0.002714581763128867
474 0.002714581763128867
475 0.002714581763128867
476 0.002714581763128867
477 0.002714581763128867
478 0.002714581763128867
479 0.002714581763128867
480 0.002714581763128867
481 0.002714581763128867
482 0.002714581763128867
483 0.002714581763128867
484 0.002714581763128867
485 0.002714581763128867
486 0.002714581763128867
487 0.002714581763128867
488 0.002714581763128867
489 0.002714581763128867
490 0.002714581763128867
491 0.002714581763128867
492 0.002714581763128867
493 0.002714581763128867
494 0.002714581763128867
495 0.002714581763128867
496 0.002714581763128867
497 0.002714581763128867
498 0.002714581763128867
499 0.002714581763128867
500 0.002714581763128867
501 0.002714581763128867
502 0.002714581763128867
503 0.002714581763128867
504 0.002714581763128867
505 0.002714581763128867
506 0.002714581763128867
507 0.002714581763128867
508 0.002714581763128867
509 0.002714581763128867
510 0.0021716654105031832
511 0.0021716654105031832
512 0.0021716654105031832
513 0.0021716654105031832
514 0.0021716654105031832
515 0.0021716654105031832
516 0.0021716654105031832
517 0.0021716654105031832
518 0.0021716654105031832
519 0.0021716654105031832
520 0.0021716654105031832
521 0.0021716654105031832
522 0.0021716654105031832
523 0.0021716654105031832
524 0.0021716654105031832
525 0.0021716654105031832
526 0.0021716654105031832
527 0.0021716654105031832
528 0.0021716654105031832
529 0.0021716654105031832
530 0.0021716654105031832
531 0.0021716654105031832
532 0.0021716654105031832
533 0.0021716654105031832
534 0.0021716654105031832
535 0.0021716654105031832
536 0.0021716654105031832
537 0.0021716654105031832
538 0.0021716654105031832
539 0.0021716654105031832
540 0.0021716654105031832
541 0.0021716654105031832
542 0.0021716654105031832
543 0.0021716654105031832
544 0.0021716654105031832
545 0.0021716654105031832
546 0.0021716654105031832
547 0.0021716654105031832
548 0.0021716654105031832
549 0.0021716654105031832
550 0.0021716654105031832
551 0.0021716654105031832
552 0.0021716654105031832
553 0.0021716654105031832
554 0.0021716654105031832
555 0.0021716654105031832
556 0.0021716654105031832
557 0.0021716654105031832
558 0.0021716654105031832
559 0.0021716654105031832
560 0.0021716654105031832
561 0.0021716654105031832
562 0.0021716654105031832
563 0.0021716654105031832
564 0.0021716654105031832
565 0.0021716654105031832
566 0.0021716654105031832
567 0.0021716654105031832
568 0.0021716654105031832
569 0.0021716654105031832
570 0.0021716654105031832
571 0.0021716654105031832
572 0.0021716654105031832
573 0.0021716654105031832
574 0.0021716654105031832
575 0.0021716654105031832
576 0.0021716654105031832
577 0.0021716654105031832
578 0.0021716654105031832
579 0.0021716654105031832
580 0.0021716654105031832
581 0.0021716654105031832
582 0.0021716654105031832
583 0.0021716654105031832
584 0.0021716654105031832
585 0.0021716654105031832
586 0.0021716654105031832
587 0.0021716654105031832
588 0.0021716654105031832
589 0.0021716654105031832
590 0.0021716654105031832
591 0.0021716654105031832
592 0.0021716654105031832
593 0.0021716654105031832
594 0.0021716654105031832
595 0.0021716654105031832
596 0.0021716654105031832
597 0.0021716654105031832
598 0.0021716654105031832
599 0.0021716654105031832
600 0.0021716654105031832
601 0.0021716654105031832
602 0.0021716654105031832
603 0.0021716654105031832
604 0.0021716654105031832
605 0.0021716654105031832
606 0.0021716654105031832
607 0.0021716654105031832
608 0.0021716654105031832
609 0.0021716654105031832
610 0.0021716654105031832
611 0.0021716654105031832
612 0.0021716654105031832
613 0.0021716654105031832
614 0.0021716654105031832
615 0.0021716654105031832
616 0.0021716654105031832
617 0.0021716654105031832
618 0.0021716654105031832
619 0.0021716654105031832
620 0.0021716654105031832
621 0.0021716654105031832
622 0.0021716654105031832
623 0.0021716654105031832
624 0.0021716654105031832
625 0.0021716654105031832
626 0.0021716654105031832
627 0.0021716654105031832
628 0.0021716654105031832
629 0.0021716654105031832
630 0.002714581763128867
631 0.002714581763128867
632 0.002714581763128867
633 0.002714581763128867
634 0.002714581763128867
635 0.002714581763128867
636 0.002714581763128867
637 0.002714581763128867
638 0.002714581763128867
639 0.002714581763128867
640 0.002714581763128867
641 0.002714581763128867
642 0.002714581763128867
643 0.002714581763128867
644 0.002714581763128867
645 0.002714581763128867
646 0.002714581763128867
647 0.002714581763128867
648 0.002714581763128867
649 0.002714581763128867
650 0.002714581763128867
651 0.002714581763128867
652 0.002714581763128867
653 0.002714581763128867
654 0.002714581763128867
655 0.002714581763128867
656 0.002714581763128867
657 0.002714581763128867
658 0.002714581763128867
659 0.002714581763128867
660 0.002714581763128867
661 0.002714581763128867
662 0.002714581763128867
663 0.002714581763128867
664 0.002714581763128867
665 0.002714581763128867
666 0.002714581763128867
667 0.002714581763128867
668 0.002714581763128867
669 0.002714581763128867
670 0.002714581763128867
671 0.002714581763128867
672 0.002714581763128867
673 0.002714581763128867
674 0.002714581763128867
675 0.002714581763128867
676 0.002714581763128867
677 0.002714581763128867
678 0.002714581763128867
679 0.002714581763128867
680 0.002714581763128867
681 0.002714581763128867
682 0.002714581763128867
683 0.002714581763128867
684 0.002714581763128867
685 0.002714581763128867
686 0.002714581763128867
687 0.002714581763128867
688 0.002714581763128867
689 0.002714581763128867
690 0.002714581763128867
691 0.002714581763128867
692 0.002714581763128867
693 0.002714581763128867
694 0.002714581763128867
695 0.002714581763128867
696 0.002714581763128867
697 0.002714581763128867
698 0.002714581763128867
699 0.002714581763128867
700 0.0021716654105031832
701 0.0021716654105031832
702 0.0021716654105031832
703 0.0021716654105031832
704 0.0021716654105031832
705 0.0021716654105031832
706 0.0021716654105031832
707 0.0021716654105031832
708 0.0021716654105031832
709 0.0021716654105031832
710 0.0021716654105031832
711 0.0021716654105031832
712 0.0021716654105031832
713 0.0021716654105031832
714 0.0021716654105031832
715 0.0021716654105031832
716 0.0021716654105031832
717 0.0021716654105031832
718 0.0021716654105031832
719 0.0021716654105031832
720 0.0021716654105031832
721 0.0021716654105031832
722 0.0021716654105031832
723 0.0021716654105031832
724 0.0021716654105031832
725 0.0021716654105031832
726 0.0021716654105031832
727 0.0021716654105031832
728 0.0021716654105031832
729 0.0021716654105031832
730 0.0021716654105031832
731 0.0021716654105031832
732 0.0021716654105031832
733 0.0021716654105031832
734 0.0021716654105031832
735 0.0021716654105031832
736 0.0021716654105031832
737 0.0021716654105031832
738 0.0021716654105031832
739 0.0021716654105031832
740 0.0021716654105031832
741 0.0021716654105031832
742 0.0021716654105031832
743 0.0021716654105031832
744 0.0021716654105031832
745 0.0021716654105031832
746 0.0021716654105031832
747 0.0021716654105031832
748 0.0021716654105031832
749 0.0021716654105031832
750 0.0021716654105031832
751 0.0021716654105031832
752 0.0021716654105031832
753 0.0021716654105031832
754 0.0021716654105031832
755 0.0021716654105031832
756 0.0021716654105031832
757 0.0021716654105031832
758 0.0021716654105031832
759 0.0021716654105031832
760 0.0021716654105031832
761 0.0021716654105031832
762 0.0021716654105031832
763 0.0021716654105031832
764 0.0021716654105031832
765 0.0021716654105031832
766 0.0021716654105031832
767 0.0021716654105031832
768 0.0021716654105031832
769 0.0021716654105031832
770 0.0021716654105031832
771 0.0021716654105031832
772 0.0021716654105031832
773 0.0021716654105031832
774 0.0021716654105031832
775 0.0021716654105031832
776 0.0021716654105031832
777 0.0021716654105031832
778 0.0021716654105031832
779 0.0021716654105031832
780 0.0021716654105031832
781 0.0021716654105031832
782 0.0021716654105031832
783 0.0021716654105031832
784 0.0021716654105031832
785 0.0021716654105031832
786 0.0021716654105031832
787 0.0021716654105031832
788 0.0021716654105031832
789 0.0021716654105031832
790 0.0021716654105031832
791 0.0021716654105031832
792 0.0021716654105031832
793 0.0021716654105031832
794 0.0021716654105031832
795 0.0021716654105031832
796 0.0021716654105031832
797 0.0021716654105031832
798 0.0021716654105031832
799 0.0021716654105031832
800 0.0021716654105031832
801 0.0021716654105031832
802 0.0021716654105031832
803 0.0021716654105031832
804 0.0021716654105031832
805 0.0021716654105031832
806 0.0021716654105031832
807 0.0021716654105031832
808 0.0021716654105031832
809 0.0021716654105031832
810 0.0021716654105031832
811 0.0021716654105031832
812 0.0021716654105031832
813 0.0021716654105031832
814 0.0021716654105031832
815 0.0021716654105031832
816 0.0021716654105031832
817 0.0021716654105031832
818 0.0021716654105031832
819 0.0021716654105031832
820 0.0021716654105031832
821 0.0021716654105031832
822 0.0021716654105031832
823 0.0021716654105031832
824 0.0021716654105031832
825 0.0021716654105031832
826 0.0021716654105031832
827 0.0021716654105031832
828 0.0021716654105031832
829 0.0021716654105031832
830 0.0021716654105031832
831 0.0021716654105031832
832 0.0021716654105031832
833 0.0021716654105031832
834 0.0021716654105031832
835 0.0021716654105031832
836 0.0021716654105031832
837 0.0021716654105031832
838 0.0021716654105031832
839 0.0021716654105031832
840 0.0021716654105031832
841 0.0021716654105031832
842 0.0021716654105031832
843 0.0021716654105031832
844 0.0021716654105031832
845 0.0021716654105031832
846 0.0021716654105031832
847 0.0021716654105031832
848 0.0021716654105031832
849 0.0021716654105031832
850 0.0021716654105031832
851 0.0021716654105031832
852 0.0021716654105031832
853 0.0021716654105031832
854 0.0021716654105031832
855 0.0021716654105031832
856 0.0021716654105031832
857 0.0021716654105031832
858 0.0021716654105031832
859 0.0021716654105031832
860 0.0021716654105031832
861 0.0021716654105031832
862 0.0021716654105031832
863 0.0021716654105031832
864 0.0021716654105031832
865 0.0021716654105031832
866 0.0021716654105031832
867 0.0021716654105031832
868 0.0021716654105031832
869 0.0021716654105031832
870 0.0021716654105031832
871 0.0021716654105031832
872 0.0021716654105031832
873 0.0021716654105031832
874 0.0021716654105031832
875 0.0021716654105031832
876 0.0021716654105031832
877 0.0021716654105031832
878 0.0021716654105031832
879 0.0021716654105031832
880 0.0021716654105031832
881 0.0021716654105031832
882 0.0021716654105031832
883 0.0021716654105031832
884 0.0021716654105031832
885 0.0021716654105031832
886 0.0021716654105031832
887 0.0021716654105031832
888 0.0021716654105031832
889 0.0021716654105031832
890 0.0021716654105031832
891 0.0021716654105031832
892 0.0021716654105031832
893 0.0021716654105031832
894 0.0021716654105031832
895 0.0021716654105031832
896 0.0021716654105031832
897 0.0021716654105031832
898 0.0021716654105031832
899 0.0021716654105031832
900 0.0021716654105031832
901 0.0021716654105031832
902 0.0021716654105031832
903 0.0021716654105031832
904 0.0021716654105031832
905 0.0021716654105031832
906 0.0021716654105031832
907 0.0021716654105031832
908 0.0021716654105031832
909 0.0021716654105031832
910 0.0021716654105031832
911 0.0021716654105031832
912 0.0021716654105031832
913 0.0021716654105031832
914 0.0021716654105031832
915 0.0021716654105031832
916 0.0021716654105031832
917 0.0021716654105031832
918 0.0021716654105031832
919 0.0021716654105031832
920 0.0021716654105031832
921 0.0021716654105031832
922 0.0021716654105031832
923 0.0021716654105031832
924 0.0021716654105031832
925 0.0021716654105031832
926 0.0021716654105031832
927 0.0021716654105031832
928 0.0021716654105031832
929 0.0021716654105031832
930 0.0021716654105031832
931 0.0021716654105031832
932 0.0021716654105031832
933 0.0021716654105031832
934 0.0021716654105031832
935 0.0021716654105031832
936 0.0021716654105031832
937 0.0021716654105031832
938 0.0021716654105031832
939 0.0021716654105031832
940 0.0021716654105031832
941 0.0021716654105031832
942 0.0021716654105031832
943 0.0021716654105031832
944 0.0021716654105031832
945 0.0021716654105031832
946 0.0021716654105031832
947 0.0021716654105031832
948 0.0021716654105031832
949 0.0021716654105031832
950 0.0021716654105031832
951 0.0021716654105031832
952 0.0021716654105031832
953 0.0021716654105031832
954 0.0021716654105031832
955 0.0021716654105031832
956 0.0021716654105031832
957 0.0021716654105031832
958 0.0021716654105031832
959 0.0021716654105031832
960 0.0021716654105031832
961 0.0021716654105031832
962 0.0021716654105031832
963 0.0021716654105031832
964 0.0021716654105031832
965 0.0021716654105031832
966 0.0021716654105031832
967 0.0021716654105031832
968 0.0021716654105031832
969 0.0021716654105031832
970 0.0021716654105031832
971 0.0021716654105031832
972 0.0021716654105031832
973 0.0021716654105031832
974 0.0021716654105031832
975 0.0021716654105031832
976 0.0021716654105031832
977 0.0021716654105031832
978 0.0021716654105031832
979 0.0021716654105031832
980 0.0021716654105031832
981 0.0021716654105031832
982 0.0021716654105031832
983 0.0021716654105031832
984 0.0021716654105031832
985 0.0021716654105031832
986 0.0021716654105031832
987 0.0021716654105031832
988 0.0021716654105031832
989 0.0021716654105031832
990 0.0021716654105031832
991 0.0021716654105031832
992 0.0021716654105031832
993 0.0021716654105031832
994 0.0021716654105031832
995 0.0021716654105031832
996 0.0021716654105031832
997 0.0021716654105031832
998 0.0021716654105031832
999 0.0021716654105031832
1000 0.0021716654105031832
1001 0.0021716654105031832
1002 0.0021716654105031832
1003 0.0021716654105031832
1004 0.0021716654105031832
1005 0.0021716654105031832
1006 0.0021716654105031832
1007 0.0021716654105031832
1008 0.0021716654105031832
1009 0.0021716654105031832
1010 0.0021716654105031832
1011 0.0021716654105031832
1012 0.0021716654105031832
1013 0.0021716654105031832
1014 0.0021716654105031832
1015 0.0021716654105031832
1016 0.0021716654105031832
1017 0.0021716654105031832
1018 0.0021716654105031832
1019 0.0021716654105031832
1020 0.0021716654105031832
1021 0.0021716654105031832
1022 0.0021716654105031832
1023 0.0021716654105031832
1024 0.0021716654105031832
1025 0.0021716654105031832
1026 0.0021716654105031832
1027 0.0021716654105031832
1028 0.0021716654105031832
1029 0.0021716654105031832
1030 0.0021716654105031832
1031 0.0021716654105031832
1032 0.0021716654105031832
1033 0.0021716654105031832
1034 0.0021716654105031832
1035 0.0021716654105031832
1036 0.0021716654105031832
1037 0.0021716654105031832
1038 0.0016287490578773501
1039 0.0016287490578773501
1040 0.0016287490578773501
1041 0.0016287490578773501
1042 0.0016287490578773501
1043 0.0021716654105031832
1044 0.0016287490578773501
1045 0.0021716654105031832
1046 0.0021716654105031832
1047 0.0016287490578773501
1048 0.0021716654105031832
1049 0.0021716654105031832
1050 0.0021716654105031832
1051 0.0021716654105031832
1052 0.0016287490578773501
1053 0.0016287490578773501
1054 0.0016287490578773501
1055 0.0016287490578773501
1056 0.0016287490578773501
1057 0.0016287490578773501
1058 0.0016287490578773501
1059 0.0016287490578773501
1060 0.0016287490578773501
1061 0.0016287490578773501
1062 0.0016287490578773501
1063 0.0016287490578773501
1064 0.0016287490578773501
1065 0.0016287490578773501
1066 0.0016287490578773501
1067 0.0016287490578773501
1068 0.0016287490578773501
1069 0.0016287490578773501
1070 0.0016287490578773501
1071 0.0016287490578773501
1072 0.0016287490578773501
1073 0.0016287490578773501
1074 0.0016287490578773501
1075 0.0016287490578773501
1076 0.0016287490578773501
1077 0.0016287490578773501
1078 0.0016287490578773501
1079 0.0016287490578773501
1080 0.0016287490578773501
1081 0.0016287490578773501
1082 0.0016287490578773501
1083 0.0016287490578773501
1084 0.0016287490578773501
1085 0.0016287490578773501
1086 0.0016287490578773501
1087 0.0016287490578773501
1088 0.0016287490578773501
1089 0.0016287490578773501
1090 0.0016287490578773501
1091 0.0016287490578773501
1092 0.0016287490578773501
1093 0.0016287490578773501
1094 0.0016287490578773501
1095 0.0016287490578773501
1096 0.0016287490578773501
1097 0.0016287490578773501
1098 0.0016287490578773501
1099 0.0016287490578773501
1100 0.0016287490578773501
1101 0.0016287490578773501
1102 0.0016287490578773501
1103 0.0016287490578773501
1104 0.0016287490578773501
1105 0.0016287490578773501
1106 0.0016287490578773501
1107 0.0016287490578773501
1108 0.0016287490578773501
1109 0.0016287490578773501
1110 0.0016287490578773501
1111 0.0016287490578773501
1112 0.0016287490578773501
1113 0.0016287490578773501
1114 0.0016287490578773501
1115 0.0016287490578773501
1116 0.0016287490578773501
1117 0.0016287490578773501
1118 0.0016287490578773501
1119 0.0016287490578773501
1120 0.0016287490578773501
1121 0.0016287490578773501
1122 0.0016287490578773501
1123 0.0016287490578773501
1124 0.0016287490578773501
1125 0.0016287490578773501
1126 0.0016287490578773501
1127 0.0016287490578773501
1128 0.0016287490578773501
1129 0.0016287490578773501
1130 0.0016287490578773501
1131 0.0016287490578773501
1132 0.0016287490578773501
1133 0.0016287490578773501
1134 0.0016287490578773501
1135 0.0016287490578773501
1136 0.0016287490578773501
1137 0.0016287490578773501
1138 0.0016287490578773501
1139 0.0016287490578773501
1140 0.0016287490578773501
1141 0.0016287490578773501
1142 0.0016287490578773501
1143 0.0016287490578773501
1144 0.0016287490578773501
1145 0.0016287490578773501
1146 0.0016287490578773501
1147 0.0016287490578773501
1148 0.0016287490578773501
1149 0.0016287490578773501
1150 0.0016287490578773501
1151 0.0016287490578773501
1152 0.0016287490578773501
1153 0.0016287490578773501
1154 0.0016287490578773501
1155 0.0016287490578773501
1156 0.0016287490578773501
1157 0.0016287490578773501
1158 0.0016287490578773501
1159 0.0016287490578773501
1160 0.0016287490578773501
1161 0.0016287490578773501
1162 0.0016287490578773501
1163 0.0016287490578773501
1164 0.0016287490578773501
1165 0.0016287490578773501
1166 0.0016287490578773501
1167 0.0016287490578773501
1168 0.0016287490578773501
1169 0.0016287490578773501
1170 0.0016287490578773501
1171 0.0016287490578773501
1172 0.0016287490578773501
1173 0.0016287490578773501
1174 0.0016287490578773501
1175 0.0016287490578773501
1176 0.0016287490578773501
1177 0.0016287490578773501
1178 0.0016287490578773501
1179 0.0016287490578773501
1180 0.0016287490578773501
1181 0.0016287490578773501
1182 0.0016287490578773501
1183 0.0016287490578773501
1184 0.0016287490578773501
1185 0.0016287490578773501
1186 0.0016287490578773501
1187 0.0016287490578773501
1188 0.0016287490578773501
1189 0.0016287490578773501
1190 0.0016287490578773501
1191 0.0016287490578773501
1192 0.0016287490578773501
1193 0.0016287490578773501
1194 0.0016287490578773501
1195 0.0016287490578773501
1196 0.0016287490578773501
1197 0.0016287490578773501
1198 0.0016287490578773501
1199 0.0016287490578773501
1200 0.0016287490578773501
1201 0.0016287490578773501
1202 0.0016287490578773501
1203 0.0016287490578773501
1204 0.0016287490578773501
1205 0.0016287490578773501
1206 0.0016287490578773501
1207 0.0016287490578773501
1208 0.0016287490578773501
1209 0.0016287490578773501
1210 0.0016287490578773501
1211 0.0016287490578773501
1212 0.0016287490578773501
1213 0.0016287490578773501
1214 0.0016287490578773501
1215 0.0016287490578773501
1216 0.0016287490578773501
1217 0.0016287490578773501
1218 0.0016287490578773501
1219 0.0016287490578773501
1220 0.0016287490578773501
1221 0.0016287490578773501
1222 0.0016287490578773501
1223 0.0016287490578773501
1224 0.0016287490578773501
1225 0.0016287490578773501
1226 0.0016287490578773501
1227 0.0016287490578773501
1228 0.0016287490578773501
1229 0.0016287490578773501
1230 0.0016287490578773501
1231 0.0016287490578773501
1232 0.0016287490578773501
1233 0.0016287490578773501
1234 0.0016287490578773501
1235 0.0016287490578773501
1236 0.0016287490578773501
1237 0.0016287490578773501
1238 0.0016287490578773501
1239 0.0016287490578773501
1240 0.0016287490578773501
1241 0.0016287490578773501
1242 0.0016287490578773501
1243 0.0016287490578773501
1244 0.0016287490578773501
1245 0.0016287490578773501
1246 0.0016287490578773501
1247 0.0016287490578773501
1248 0.0016287490578773501
1249 0.0016287490578773501
1250 0.0016287490578773501
1251 0.0016287490578773501
1252 0.0016287490578773501
1253 0.0016287490578773501
1254 0.0016287490578773501
1255 0.0016287490578773501
1256 0.0016287490578773501
1257 0.0016287490578773501
1258 0.0016287490578773501
1259 0.0016287490578773501
1260 0.0016287490578773501
1261 0.0016287490578773501
1262 0.0016287490578773501
1263 0.0016287490578773501
1264 0.0016287490578773501
1265 0.0016287490578773501
1266 0.0016287490578773501
1267 0.0016287490578773501
1268 0.0016287490578773501
1269 0.0016287490578773501
1270 0.0016287490578773501
1271 0.0016287490578773501
1272 0.0016287490578773501
1273 0.0016287490578773501
1274 0.0016287490578773501
1275 0.0016287490578773501
1276 0.0016287490578773501
1277 0.0016287490578773501
1278 0.0016287490578773501
1279 0.0016287490578773501
1280 0.0016287490578773501
1281 0.0016287490578773501
1282 0.0016287490578773501
1283 0.0016287490578773501
1284 0.0016287490578773501
1285 0.0016287490578773501
1286 0.0016287490578773501
1287 0.0016287490578773501
1288 0.0016287490578773501
1289 0.0016287490578773501
1290 0.0016287490578773501
1291 0.0016287490578773501
1292 0.0016287490578773501
1293 0.0016287490578773501
1294 0.0016287490578773501
1295 0.0016287490578773501
1296 0.0016287490578773501
1297 0.0016287490578773501
1298 0.0016287490578773501
1299 0.0016287490578773501
1300 0.0016287490578773501
1301 0.0016287490578773501
1302 0.0016287490578773501
1303 0.0016287490578773501
1304 0.0016287490578773501
1305 0.0016287490578773501
1306 0.0016287490578773501
1307 0.0016287490578773501
1308 0.0016287490578773501
1309 0.0016287490578773501
1310 0.0016287490578773501
1311 0.0016287490578773501
1312 0.0016287490578773501
1313 0.0016287490578773501
1314 0.0016287490578773501
1315 0.0016287490578773501
1316 0.0016287490578773501
1317 0.0016287490578773501
1318 0.0016287490578773501
1319 0.0016287490578773501
1320 0.0016287490578773501
1321 0.0016287490578773501
1322 0.0016287490578773501
1323 0.0016287490578773501
1324 0.0016287490578773501
1325 0.0016287490578773501
1326 0.0016287490578773501
1327 0.0016287490578773501
1328 0.0016287490578773501
1329 0.0016287490578773501
1330 0.0016287490578773501
1331 0.0016287490578773501
1332 0.0016287490578773501
1333 0.0016287490578773501
1334 0.0016287490578773501
1335 0.0016287490578773501
1336 0.0016287490578773501
1337 0.0016287490578773501
1338 0.0016287490578773501
1339 0.0016287490578773501
1340 0.0016287490578773501
1341 0.0016287490578773501
1342 0.0016287490578773501
1343 0.0016287490578773501
1344 0.0016287490578773501
1345 0.0016287490578773501
1346 0.0016287490578773501
1347 0.0016287490578773501
1348 0.0016287490578773501
1349 0.0016287490578773501
1350 0.0016287490578773501
1351 0.0016287490578773501
1352 0.0016287490578773501
1353 0.0016287490578773501
1354 0.0016287490578773501
1355 0.0016287490578773501
1356 0.0016287490578773501
1357 0.0016287490578773501
1358 0.0016287490578773501
1359 0.0016287490578773501
1360 0.0016287490578773501
1361 0.0016287490578773501
1362 0.0016287490578773501
1363 0.0016287490578773501
1364 0.0016287490578773501
1365 0.0016287490578773501
1366 0.0016287490578773501
1367 0.0016287490578773501
1368 0.0016287490578773501
1369 0.0016287490578773501
1370 0.0016287490578773501
1371 0.0016287490578773501
1372 0.0016287490578773501
1373 0.0016287490578773501
1374 0.0016287490578773501
1375 0.0016287490578773501
1376 0.0016287490578773501
1377 0.0016287490578773501
1378 0.0016287490578773501
1379 0.0016287490578773501
1380 0.0016287490578773501
1381 0.0016287490578773501
1382 0.0016287490578773501
1383 0.0016287490578773501
1384 0.0016287490578773501
1385 0.0016287490578773501
1386 0.0016287490578773501
1387 0.0016287490578773501
1388 0.0016287490578773501
1389 0.0016287490578773501
1390 0.0016287490578773501
1391 0.0016287490578773501
1392 0.0016287490578773501
1393 0.0016287490578773501
1394 0.0016287490578773501
1395 0.0016287490578773501
1396 0.0016287490578773501
1397 0.0016287490578773501
1398 0.0016287490578773501
1399 0.0016287490578773501
1400 0.0016287490578773501
1401 0.0016287490578773501
1402 0.0016287490578773501
1403 0.0016287490578773501
1404 0.0016287490578773501
1405 0.0016287490578773501
1406 0.0016287490578773501
1407 0.0016287490578773501
1408 0.0016287490578773501
1409 0.0016287490578773501
1410 0.0016287490578773501
1411 0.0016287490578773501
1412 0.0016287490578773501
1413 0.0016287490578773501
1414 0.0016287490578773501
1415 0.0016287490578773501
1416 0.0016287490578773501
1417 0.0016287490578773501
1418 0.0016287490578773501
1419 0.0016287490578773501
1420 0.0016287490578773501
1421 0.0016287490578773501
1422 0.0016287490578773501
1423 0.0016287490578773501
1424 0.0016287490578773501
1425 0.0016287490578773501
1426 0.0016287490578773501
1427 0.0016287490578773501
1428 0.0016287490578773501
1429 0.0016287490578773501
1430 0.0016287490578773501
1431 0.0016287490578773501
1432 0.0016287490578773501
1433 0.0016287490578773501
1434 0.0016287490578773501
1435 0.0016287490578773501
1436 0.0016287490578773501
1437 0.0016287490578773501
1438 0.0016287490578773501
1439 0.0016287490578773501
1440 0.0016287490578773501
1441 0.0016287490578773501
1442 0.0016287490578773501
1443 0.0016287490578773501
1444 0.0016287490578773501
1445 0.0016287490578773501
1446 0.0016287490578773501
1447 0.0016287490578773501
1448 0.0016287490578773501
1449 0.0016287490578773501
1450 0.0016287490578773501
1451 0.0016287490578773501
1452 0.0016287490578773501
1453 0.0016287490578773501
1454 0.0016287490578773501
1455 0.0016287490578773501
1456 0.0016287490578773501
1457 0.0016287490578773501
1458 0.0016287490578773501
1459 0.0016287490578773501
1460 0.0016287490578773501
1461 0.0016287490578773501
1462 0.0016287490578773501
1463 0.0016287490578773501
1464 0.0016287490578773501
1465 0.0016287490578773501
1466 0.0016287490578773501
1467 0.0016287490578773501
1468 0.0016287490578773501
1469 0.0016287490578773501
1470 0.0016287490578773501
1471 0.0016287490578773501
1472 0.0016287490578773501
1473 0.0016287490578773501
1474 0.0016287490578773501
1475 0.0016287490578773501
1476 0.0016287490578773501
1477 0.0016287490578773501
1478 0.0016287490578773501
1479 0.0016287490578773501
1480 0.0016287490578773501
1481 0.0016287490578773501
1482 0.0016287490578773501
1483 0.0016287490578773501
1484 0.0016287490578773501
1485 0.0016287490578773501
1486 0.0016287490578773501
1487 0.0016287490578773501
1488 0.0016287490578773501
1489 0.0016287490578773501
1490 0.0016287490578773501
1491 0.0016287490578773501
1492 0.0016287490578773501
1493 0.0016287490578773501
1494 0.0016287490578773501
1495 0.0016287490578773501
1496 0.0016287490578773501
1497 0.0016287490578773501
1498 0.0016287490578773501
1499 0.0016287490578773501
1500 0.0016287490578773501
1501 0.0016287490578773501
1502 0.0016287490578773501
1503 0.0016287490578773501
1504 0.0016287490578773501
1505 0.0016287490578773501
1506 0.0016287490578773501
1507 0.0016287490578773501
1508 0.0016287490578773501
1509 0.0016287490578773501
1510 0.0016287490578773501
1511 0.0016287490578773501
1512 0.0016287490578773501
1513 0.0016287490578773501
1514 0.0016287490578773501
1515 0.0016287490578773501
1516 0.0016287490578773501
1517 0.0016287490578773501
1518 0.0016287490578773501
1519 0.0016287490578773501
1520 0.0016287490578773501
1521 0.0016287490578773501
1522 0.0016287490578773501
1523 0.0016287490578773501
1524 0.0016287490578773501
1525 0.0016287490578773501
1526 0.0016287490578773501
1527 0.0016287490578773501
1528 0.0016287490578773501
1529 0.0016287490578773501
1530 0.0016287490578773501
1531 0.0016287490578773501
1532 0.0016287490578773501
1533 0.0016287490578773501
1534 0.0016287490578773501
1535 0.0016287490578773501
1536 0.0016287490578773501
1537 0.0016287490578773501
1538 0.0016287490578773501
1539 0.0016287490578773501
1540 0.0016287490578773501
1541 0.0016287490578773501
1542 0.0016287490578773501
1543 0.0016287490578773501
1544 0.0016287490578773501
1545 0.0016287490578773501
1546 0.0016287490578773501
1547 0.0016287490578773501
1548 0.0016287490578773501
1549 0.0016287490578773501
1550 0.0016287490578773501
1551 0.0016287490578773501
1552 0.0016287490578773501
1553 0.0016287490578773501
1554 0.0016287490578773501
1555 0.0016287490578773501
1556 0.0016287490578773501
1557 0.0016287490578773501
1558 0.0016287490578773501
1559 0.0016287490578773501
1560 0.0016287490578773501
1561 0.0016287490578773501
1562 0.0016287490578773501
1563 0.0016287490578773501
1564 0.0016287490578773501
1565 0.0016287490578773501
1566 0.0016287490578773501
1567 0.0016287490578773501
1568 0.0016287490578773501
1569 0.0016287490578773501
1570 0.0016287490578773501
1571 0.0016287490578773501
1572 0.0016287490578773501
1573 0.0016287490578773501
1574 0.0016287490578773501
1575 0.0016287490578773501
1576 0.0016287490578773501
1577 0.0016287490578773501
1578 0.0016287490578773501
1579 0.0016287490578773501
1580 0.0016287490578773501
1581 0.0016287490578773501
1582 0.0016287490578773501
1583 0.0016287490578773501
1584 0.0016287490578773501
1585 0.0016287490578773501
1586 0.0016287490578773501
1587 0.0016287490578773501
1588 0.0016287490578773501
1589 0.0016287490578773501
1590 0.0016287490578773501
1591 0.0016287490578773501
1592 0.0016287490578773501
1593 0.0016287490578773501
1594 0.0016287490578773501
1595 0.0016287490578773501
1596 0.0016287490578773501
1597 0.0016287490578773501
1598 0.0016287490578773501
1599 0.0016287490578773501
1600 0.0016287490578773501
1601 0.0016287490578773501
1602 0.0016287490578773501
1603 0.0016287490578773501
1604 0.0016287490578773501
1605 0.0016287490578773501
1606 0.0016287490578773501
1607 0.0016287490578773501
1608 0.0016287490578773501
1609 0.0016287490578773501
1610 0.0016287490578773501
1611 0.0016287490578773501
1612 0.0016287490578773501
1613 0.0016287490578773501
1614 0.0016287490578773501
1615 0.0016287490578773501
1616 0.0016287490578773501
1617 0.0016287490578773501
1618 0.0016287490578773501
1619 0.0016287490578773501
1620 0.0016287490578773501
1621 0.0016287490578773501
1622 0.0016287490578773501
1623 0.0016287490578773501
1624 0.0016287490578773501
1625 0.0016287490578773501
1626 0.0016287490578773501
1627 0.0016287490578773501
1628 0.0016287490578773501
1629 0.0016287490578773501
1630 0.0016287490578773501
1631 0.0016287490578773501
1632 0.0016287490578773501
1633 0.0016287490578773501
1634 0.0016287490578773501
1635 0.0016287490578773501
1636 0.0016287490578773501
1637 0.0016287490578773501
1638 0.0016287490578773501
1639 0.0016287490578773501
1640 0.0016287490578773501
1641 0.0016287490578773501
1642 0.0016287490578773501
1643 0.0016287490578773501
1644 0.0016287490578773501
1645 0.0016287490578773501
1646 0.0016287490578773501
1647 0.0016287490578773501
1648 0.0016287490578773501
1649 0.0016287490578773501
1650 0.0016287490578773501
1651 0.0016287490578773501
1652 0.0016287490578773501
1653 0.0016287490578773501
1654 0.0016287490578773501
1655 0.0016287490578773501
1656 0.0016287490578773501
1657 0.0016287490578773501
1658 0.0016287490578773501
1659 0.0016287490578773501
1660 0.0016287490578773501
1661 0.0016287490578773501
1662 0.0016287490578773501
1663 0.0016287490578773501
1664 0.0016287490578773501
1665 0.0016287490578773501
1666 0.0016287490578773501
1667 0.0016287490578773501
1668 0.0016287490578773501
1669 0.0016287490578773501
1670 0.0016287490578773501
1671 0.0016287490578773501
1672 0.0016287490578773501
1673 0.0016287490578773501
1674 0.0016287490578773501
1675 0.0016287490578773501
1676 0.0016287490578773501
1677 0.0016287490578773501
1678 0.0016287490578773501
1679 0.0016287490578773501
1680 0.0016287490578773501
1681 0.0016287490578773501
1682 0.0016287490578773501
1683 0.0016287490578773501
1684 0.0016287490578773501
1685 0.0016287490578773501
1686 0.0016287490578773501
1687 0.0016287490578773501
1688 0.0016287490578773501
1689 0.0016287490578773501
1690 0.0016287490578773501
1691 0.0016287490578773501
1692 0.0016287490578773501
1693 0.0016287490578773501
1694 0.0016287490578773501
1695 0.0016287490578773501
1696 0.0016287490578773501
1697 0.0016287490578773501
1698 0.0016287490578773501
1699 0.0016287490578773501
1700 0.0016287490578773501
1701 0.0016287490578773501
1702 0.0016287490578773501
1703 0.0016287490578773501
1704 0.0016287490578773501
1705 0.0016287490578773501
1706 0.0016287490578773501
1707 0.0016287490578773501
1708 0.0016287490578773501
1709 0.0016287490578773501
1710 0.0016287490578773501
1711 0.0016287490578773501
1712 0.0016287490578773501
1713 0.0016287490578773501
1714 0.0016287490578773501
1715 0.0016287490578773501
1716 0.0016287490578773501
1717 0.0016287490578773501
1718 0.0016287490578773501
1719 0.0016287490578773501
1720 0.0016287490578773501
1721 0.0016287490578773501
1722 0.0016287490578773501
1723 0.0016287490578773501
1724 0.0016287490578773501
1725 0.0016287490578773501
1726 0.0016287490578773501
1727 0.0016287490578773501
1728 0.0016287490578773501
1729 0.0016287490578773501
1730 0.0016287490578773501
1731 0.0016287490578773501
1732 0.0016287490578773501
1733 0.0016287490578773501
1734 0.0016287490578773501
1735 0.0016287490578773501
1736 0.0016287490578773501
1737 0.0016287490578773501
1738 0.0016287490578773501
1739 0.0016287490578773501
1740 0.0016287490578773501
1741 0.0016287490578773501
1742 0.0016287490578773501
1743 0.0016287490578773501
1744 0.0016287490578773501
1745 0.0016287490578773501
1746 0.0016287490578773501
1747 0.0016287490578773501
1748 0.0016287490578773501
1749 0.0016287490578773501
1750 0.0016287490578773501
1751 0.0016287490578773501
1752 0.0016287490578773501
1753 0.0016287490578773501
1754 0.0016287490578773501
1755 0.0016287490578773501
1756 0.0016287490578773501
1757 0.0016287490578773501
1758 0.0016287490578773501
1759 0.0016287490578773501
1760 0.0016287490578773501
1761 0.0016287490578773501
1762 0.0016287490578773501
1763 0.0016287490578773501
1764 0.0016287490578773501
1765 0.0016287490578773501
1766 0.0016287490578773501
1767 0.0016287490578773501
1768 0.0016287490578773501
1769 0.0016287490578773501
1770 0.0016287490578773501
1771 0.0016287490578773501
1772 0.0016287490578773501
1773 0.0016287490578773501
1774 0.0016287490578773501
1775 0.0016287490578773501
1776 0.0016287490578773501
1777 0.0016287490578773501
1778 0.0016287490578773501
1779 0.0016287490578773501
1780 0.0016287490578773501
1781 0.0016287490578773501
1782 0.0016287490578773501
1783 0.0016287490578773501
1784 0.0016287490578773501
1785 0.0016287490578773501
1786 0.0016287490578773501
1787 0.0016287490578773501
1788 0.0016287490578773501
1789 0.0016287490578773501
1790 0.0016287490578773501
1791 0.0016287490578773501
1792 0.0016287490578773501
1793 0.0016287490578773501
1794 0.0016287490578773501
1795 0.0016287490578773501
1796 0.0016287490578773501
1797 0.0016287490578773501
1798 0.0016287490578773501
1799 0.0016287490578773501
1800 0.0016287490578773501
1801 0.0016287490578773501
1802 0.0016287490578773501
1803 0.0016287490578773501
1804 0.0016287490578773501
1805 0.0016287490578773501
1806 0.0016287490578773501
1807 0.0016287490578773501
1808 0.0016287490578773501
1809 0.0016287490578773501
1810 0.0016287490578773501
1811 0.0016287490578773501
1812 0.0016287490578773501
1813 0.0016287490578773501
1814 0.0016287490578773501
1815 0.0016287490578773501
1816 0.0016287490578773501
1817 0.0016287490578773501
1818 0.0016287490578773501
1819 0.0016287490578773501
1820 0.0016287490578773501
1821 0.0016287490578773501
1822 0.0016287490578773501
1823 0.0016287490578773501
1824 0.0016287490578773501
1825 0.0016287490578773501
1826 0.0016287490578773501
1827 0.0016287490578773501
1828 0.0016287490578773501
1829 0.0016287490578773501
1830 0.0016287490578773501
1831 0.0016287490578773501
1832 0.0016287490578773501
1833 0.0016287490578773501
1834 0.0016287490578773501
1835 0.0016287490578773501
1836 0.0016287490578773501
1837 0.0016287490578773501
1838 0.0016287490578773501
1839 0.0016287490578773501
1840 0.0016287490578773501
1841 0.0016287490578773501
1842 0.0016287490578773501
1843 0.0016287490578773501
1844 0.0016287490578773501
1845 0.0016287490578773501
1846 0.0016287490578773501
1847 0.0016287490578773501
1848 0.0016287490578773501
1849 0.0016287490578773501
1850 0.0016287490578773501
1851 0.0016287490578773501
1852 0.0016287490578773501
1853 0.0016287490578773501
1854 0.0016287490578773501
1855 0.0016287490578773501
1856 0.0016287490578773501
1857 0.0016287490578773501
1858 0.0016287490578773501
1859 0.0016287490578773501
1860 0.0016287490578773501
1861 0.0016287490578773501
1862 0.0016287490578773501
1863 0.0016287490578773501
1864 0.0016287490578773501
1865 0.0016287490578773501
1866 0.0016287490578773501
1867 0.0016287490578773501
1868 0.0016287490578773501
1869 0.0016287490578773501
1870 0.0016287490578773501
1871 0.0016287490578773501
1872 0.0016287490578773501
1873 0.0016287490578773501
1874 0.0016287490578773501
1875 0.0016287490578773501
1876 0.0016287490578773501
1877 0.0016287490578773501
1878 0.0016287490578773501
1879 0.0016287490578773501
1880 0.0016287490578773501
1881 0.0016287490578773501
1882 0.0016287490578773501
1883 0.0016287490578773501
1884 0.0016287490578773501
1885 0.0016287490578773501
1886 0.0016287490578773501
1887 0.0016287490578773501
1888 0.0016287490578773501
1889 0.0016287490578773501
1890 0.0016287490578773501
1891 0.0016287490578773501
1892 0.0016287490578773501
1893 0.0016287490578773501
1894 0.0016287490578773501
1895 0.0016287490578773501
1896 0.0016287490578773501
1897 0.0016287490578773501
1898 0.0016287490578773501
1899 0.0016287490578773501
1900 0.0016287490578773501
1901 0.0016287490578773501
1902 0.0016287490578773501
1903 0.0016287490578773501
1904 0.0016287490578773501
1905 0.0016287490578773501
1906 0.0016287490578773501
1907 0.0016287490578773501
1908 0.0016287490578773501
1909 0.0016287490578773501
1910 0.0016287490578773501
1911 0.0016287490578773501
1912 0.0016287490578773501
1913 0.0016287490578773501
1914 0.0016287490578773501
1915 0.0016287490578773501
1916 0.0016287490578773501
1917 0.0016287490578773501
1918 0.0016287490578773501
1919 0.0016287490578773501
1920 0.0016287490578773501
1921 0.0016287490578773501
1922 0.0016287490578773501
1923 0.0016287490578773501
1924 0.0016287490578773501
1925 0.0016287490578773501
1926 0.0016287490578773501
1927 0.0016287490578773501
1928 0.0016287490578773501
1929 0.0016287490578773501
1930 0.0016287490578773501
1931 0.0016287490578773501
1932 0.0016287490578773501
1933 0.0016287490578773501
1934 0.0016287490578773501
1935 0.0016287490578773501
1936 0.0016287490578773501
1937 0.0016287490578773501
1938 0.0016287490578773501
1939 0.0016287490578773501
1940 0.0016287490578773501
1941 0.0016287490578773501
1942 0.0016287490578773501
1943 0.0016287490578773501
1944 0.0016287490578773501
1945 0.0016287490578773501
1946 0.0016287490578773501
1947 0.0016287490578773501
1948 0.0016287490578773501
1949 0.0016287490578773501
1950 0.0016287490578773501
1951 0.0016287490578773501
1952 0.0016287490578773501
1953 0.0016287490578773501
1954 0.0016287490578773501
1955 0.0016287490578773501
1956 0.0016287490578773501
1957 0.0016287490578773501
1958 0.0016287490578773501
1959 0.0016287490578773501
1960 0.0016287490578773501
1961 0.0016287490578773501
1962 0.0016287490578773501
1963 0.0016287490578773501
1964 0.0016287490578773501
1965 0.0016287490578773501
1966 0.0016287490578773501
1967 0.0016287490578773501
1968 0.0016287490578773501
1969 0.0016287490578773501
1970 0.0016287490578773501
1971 0.0016287490578773501
1972 0.0016287490578773501
1973 0.0016287490578773501
1974 0.0016287490578773501
1975 0.0016287490578773501
1976 0.0016287490578773501
1977 0.0016287490578773501
1978 0.0016287490578773501
1979 0.0016287490578773501
1980 0.0016287490578773501
1981 0.0016287490578773501
1982 0.0016287490578773501
1983 0.0016287490578773501
1984 0.0016287490578773501
1985 0.0016287490578773501
1986 0.0016287490578773501
1987 0.0016287490578773501
1988 0.0016287490578773501
1989 0.0016287490578773501
1990 0.0016287490578773501
1991 0.0016287490578773501
1992 0.0016287490578773501
1993 0.0016287490578773501
1994 0.0016287490578773501
1995 0.0016287490578773501
1996 0.0016287490578773501
1997 0.0016287490578773501
1998 0.0016287490578773501
1999 0.0016287490578773501
2000 0.0016287490578773501
2001 0.0016287490578773501
2002 0.0016287490578773501
2003 0.0016287490578773501
2004 0.0016287490578773501
2005 0.0016287490578773501
2006 0.0016287490578773501
2007 0.0016287490578773501
2008 0.0016287490578773501
2009 0.0016287490578773501
2010 0.0016287490578773501
2011 0.0016287490578773501
2012 0.0016287490578773501
2013 0.0016287490578773501
2014 0.0016287490578773501
2015 0.0016287490578773501
2016 0.0016287490578773501
2017 0.0016287490578773501
2018 0.0016287490578773501
2019 0.0016287490578773501
2020 0.0016287490578773501
2021 0.0016287490578773501
2022 0.0016287490578773501
2023 0.0016287490578773501
2024 0.0016287490578773501
2025 0.0016287490578773501
2026 0.0016287490578773501
2027 0.0016287490578773501
2028 0.0016287490578773501
2029 0.0016287490578773501
2030 0.0016287490578773501
2031 0.0016287490578773501
2032 0.0016287490578773501
2033 0.0016287490578773501
2034 0.0016287490578773501
2035 0.0016287490578773501
2036 0.0016287490578773501
2037 0.0016287490578773501
2038 0.0016287490578773501
2039 0.0016287490578773501
2040 0.0016287490578773501
2041 0.0016287490578773501
2042 0.0016287490578773501
2043 0.0016287490578773501
2044 0.0010858327052516664
2045 0.0016287490578773501
2046 0.0010858327052516664
2047 0.0010858327052516664
2048 0.0010858327052516664
2049 0.0010858327052516664
2050 0.0010858327052516664
2051 0.0010858327052516664
2052 0.0010858327052516664
2053 0.0016287490578773501
2054 0.0010858327052516664
2055 0.0010858327052516664
2056 0.0010858327052516664
2057 0.0016287490578773501
2058 0.0010858327052516664
2059 0.0010858327052516664
2060 0.0010858327052516664
2061 0.0010858327052516664
2062 0.0010858327052516664
2063 0.0010858327052516664
2064 0.0010858327052516664
2065 0.0010858327052516664
2066 0.0016287490578773501
2067 0.0016287490578773501
2068 0.0010858327052516664
2069 0.0010858327052516664
2070 0.0010858327052516664
2071 0.0010858327052516664
2072 0.0010858327052516664
2073 0.0010858327052516664
2074 0.0010858327052516664
2075 0.0010858327052516664
2076 0.0010858327052516664
2077 0.0010858327052516664
2078 0.0010858327052516664
2079 0.0010858327052516664
2080 0.0010858327052516664
2081 0.0016287490578773501
2082 0.0010858327052516664
2083 0.0010858327052516664
2084 0.0016287490578773501
2085 0.0016287490578773501
2086 0.0016287490578773501
2087 0.0016287490578773501
2088 0.0016287490578773501
2089 0.0016287490578773501
2090 0.0016287490578773501
2091 0.0016287490578773501
2092 0.0016287490578773501
2093 0.0016287490578773501
2094 0.0016287490578773501
2095 0.0016287490578773501
2096 0.0016287490578773501
2097 0.0016287490578773501
2098 0.0016287490578773501
2099 0.0016287490578773501
2100 0.0016287490578773501
2101 0.0016287490578773501
2102 0.0016287490578773501
2103 0.0016287490578773501
2104 0.0016287490578773501
2105 0.0016287490578773501
2106 0.0016287490578773501
2107 0.0016287490578773501
2108 0.0016287490578773501
2109 0.0016287490578773501
2110 0.0016287490578773501
2111 0.0016287490578773501
2112 0.0016287490578773501
2113 0.0016287490578773501
2114 0.0016287490578773501
2115 0.0016287490578773501
2116 0.0016287490578773501
2117 0.0016287490578773501
2118 0.0016287490578773501
2119 0.0016287490578773501
2120 0.0016287490578773501
2121 0.0016287490578773501
2122 0.0016287490578773501
2123 0.0016287490578773501
2124 0.0016287490578773501
2125 0.0016287490578773501
2126 0.0016287490578773501
2127 0.0016287490578773501
2128 0.0016287490578773501
2129 0.0016287490578773501
2130 0.0016287490578773501
2131 0.0016287490578773501
2132 0.0016287490578773501
2133 0.0016287490578773501
2134 0.0016287490578773501
2135 0.0016287490578773501
2136 0.0010858327052516664
2137 0.0010858327052516664
2138 0.0016287490578773501
2139 0.0016287490578773501
2140 0.0016287490578773501
2141 0.0010858327052516664
2142 0.0010858327052516664
2143 0.0010858327052516664
2144 0.0010858327052516664
2145 0.0016287490578773501
2146 0.0016287490578773501
2147 0.0016287490578773501
2148 0.0016287490578773501
2149 0.0016287490578773501
2150 0.0016287490578773501
2151 0.0010858327052516664
2152 0.0010858327052516664
2153 0.0016287490578773501
2154 0.0010858327052516664
2155 0.0010858327052516664
2156 0.0010858327052516664
2157 0.0010858327052516664
2158 0.0010858327052516664
2159 0.0010858327052516664
2160 0.0010858327052516664
2161 0.0010858327052516664
2162 0.0010858327052516664
2163 0.0010858327052516664
2164 0.0010858327052516664
2165 0.0010858327052516664
2166 0.0010858327052516664
2167 0.0016287490578773501
2168 0.0016287490578773501
2169 0.0016287490578773501
2170 0.0016287490578773501
2171 0.0016287490578773501
2172 0.0016287490578773501
2173 0.0016287490578773501
2174 0.0016287490578773501
2175 0.0016287490578773501
2176 0.0016287490578773501
2177 0.0016287490578773501
2178 0.0016287490578773501
2179 0.0016287490578773501
2180 0.0016287490578773501
2181 0.0016287490578773501
2182 0.0016287490578773501
2183 0.0010858327052516664
2184 0.0010858327052516664
2185 0.0010858327052516664
2186 0.0010858327052516664
2187 0.0016287490578773501
2188 0.0016287490578773501
2189 0.0016287490578773501
2190 0.0016287490578773501
2191 0.0016287490578773501
2192 0.0016287490578773501
2193 0.0016287490578773501
2194 0.0016287490578773501
2195 0.0010858327052516664
2196 0.0010858327052516664
2197 0.0016287490578773501
2198 0.0010858327052516664
2199 0.0010858327052516664
2200 0.0010858327052516664
2201 0.0010858327052516664
2202 0.0010858327052516664
2203 0.0010858327052516664
2204 0.0010858327052516664
2205 0.0010858327052516664
2206 0.0010858327052516664
2207 0.0010858327052516664
2208 0.0010858327052516664
2209 0.0010858327052516664
2210 0.0010858327052516664
2211 0.0010858327052516664
2212 0.0010858327052516664
2213 0.0010858327052516664
2214 0.0010858327052516664
2215 0.0010858327052516664
2216 0.0010858327052516664
2217 0.0010858327052516664
2218 0.0010858327052516664
2219 0.0010858327052516664
2220 0.0010858327052516664
2221 0.0010858327052516664
2222 0.0010858327052516664
2223 0.0010858327052516664
2224 0.0010858327052516664
2225 0.0010858327052516664
2226 0.0010858327052516664
2227 0.0010858327052516664
2228 0.0010858327052516664
2229 0.0010858327052516664
2230 0.0010858327052516664
2231 0.0010858327052516664
2232 0.0010858327052516664
2233 0.0010858327052516664
2234 0.0010858327052516664
2235 0.0010858327052516664
2236 0.0010858327052516664
2237 0.0010858327052516664
2238 0.0010858327052516664
2239 0.0010858327052516664
2240 0.0010858327052516664
2241 0.0010858327052516664
2242 0.0010858327052516664
2243 0.0010858327052516664
2244 0.0010858327052516664
2245 0.0010858327052516664
2246 0.0010858327052516664
2247 0.0010858327052516664
2248 0.0010858327052516664
2249 0.0010858327052516664
2250 0.0010858327052516664
2251 0.0010858327052516664
2252 0.0010858327052516664
2253 0.0010858327052516664
2254 0.0010858327052516664
2255 0.0010858327052516664
2256 0.0010858327052516664
2257 0.0010858327052516664
2258 0.0010858327052516664
2259 0.0010858327052516664
2260 0.0010858327052516664
2261 0.0010858327052516664
2262 0.0010858327052516664
2263 0.0010858327052516664
2264 0.0010858327052516664
2265 0.0010858327052516664
2266 0.0010858327052516664
2267 0.0010858327052516664
2268 0.0010858327052516664
2269 0.0010858327052516664
2270 0.0010858327052516664
2271 0.0010858327052516664
2272 0.0010858327052516664
2273 0.0010858327052516664
2274 0.0010858327052516664
2275 0.0010858327052516664
2276 0.0010858327052516664
2277 0.0010858327052516664
2278 0.0010858327052516664
2279 0.0010858327052516664
2280 0.0010858327052516664
2281 0.0010858327052516664
2282 0.0010858327052516664
2283 0.0010858327052516664
2284 0.0010858327052516664
2285 0.0010858327052516664
2286 0.0010858327052516664
2287 0.0010858327052516664
2288 0.0010858327052516664
2289 0.0010858327052516664
2290 0.0010858327052516664
2291 0.0010858327052516664
2292 0.0010858327052516664
2293 0.0010858327052516664
2294 0.0010858327052516664
2295 0.0010858327052516664
2296 0.0010858327052516664
2297 0.0010858327052516664
2298 0.0010858327052516664
2299 0.0010858327052516664
2300 0.0010858327052516664
2301 0.0010858327052516664
2302 0.0010858327052516664
2303 0.0010858327052516664
2304 0.0010858327052516664
2305 0.0010858327052516664
2306 0.0010858327052516664
2307 0.0010858327052516664
2308 0.0010858327052516664
2309 0.0010858327052516664
2310 0.0010858327052516664
2311 0.0010858327052516664
2312 0.0010858327052516664
2313 0.0010858327052516664
2314 0.0010858327052516664
2315 0.0010858327052516664
2316 0.0010858327052516664
2317 0.0010858327052516664
2318 0.0010858327052516664
2319 0.0010858327052516664
2320 0.0010858327052516664
2321 0.0010858327052516664
2322 0.0010858327052516664
2323 0.0010858327052516664
2324 0.0010858327052516664
2325 0.0010858327052516664
2326 0.0010858327052516664
2327 0.0010858327052516664
2328 0.0010858327052516664
2329 0.0010858327052516664
2330 0.0010858327052516664
2331 0.0010858327052516664
2332 0.0010858327052516664
2333 0.0010858327052516664
2334 0.0010858327052516664
2335 0.0010858327052516664
2336 0.0010858327052516664
2337 0.0010858327052516664
2338 0.0010858327052516664
2339 0.0010858327052516664
2340 0.0010858327052516664
2341 0.0010858327052516664
2342 0.0010858327052516664
2343 0.0010858327052516664
2344 0.0010858327052516664
2345 0.0010858327052516664
2346 0.0010858327052516664
2347 0.0010858327052516664
2348 0.0010858327052516664
2349 0.0010858327052516664
2350 0.0010858327052516664
2351 0.0010858327052516664
2352 0.0010858327052516664
2353 0.0010858327052516664
2354 0.0010858327052516664
2355 0.0010858327052516664
2356 0.0010858327052516664
2357 0.0010858327052516664
2358 0.0010858327052516664
2359 0.0010858327052516664
2360 0.0010858327052516664
2361 0.0010858327052516664
2362 0.0010858327052516664
2363 0.0010858327052516664
2364 0.0010858327052516664
2365 0.0010858327052516664
2366 0.0010858327052516664
2367 0.0010858327052516664
2368 0.0010858327052516664
2369 0.0010858327052516664
2370 0.0010858327052516664
2371 0.0010858327052516664
2372 0.0010858327052516664
2373 0.0010858327052516664
2374 0.0010858327052516664
2375 0.0010858327052516664
2376 0.0010858327052516664
2377 0.0010858327052516664
2378 0.0010858327052516664
2379 0.0010858327052516664
2380 0.0010858327052516664
2381 0.0010858327052516664
2382 0.0010858327052516664
2383 0.0010858327052516664
2384 0.0010858327052516664
2385 0.0010858327052516664
2386 0.0010858327052516664
2387 0.0010858327052516664
2388 0.0010858327052516664
2389 0.0010858327052516664
2390 0.0010858327052516664
2391 0.0010858327052516664
2392 0.0010858327052516664
2393 0.0010858327052516664
2394 0.0010858327052516664
2395 0.0010858327052516664
2396 0.0010858327052516664
2397 0.0010858327052516664
2398 0.0010858327052516664
2399 0.0010858327052516664
2400 0.0010858327052516664
2401 0.0010858327052516664
2402 0.0010858327052516664
2403 0.0010858327052516664
2404 0.0010858327052516664
2405 0.0010858327052516664
2406 0.0010858327052516664
