1 0.09066703088850622
2 0.04343330821006292
3 0.03800414468380504
4 0.03637539562592768
5 0.03311789751017299
6 0.029860399394418286
7 0.029860399394418286
8 0.029317483041792453
9 0.0293174830417923
10 0.02605998492603775
11 0.02551706857341192
12 0.024974152220786083
13 0.024974152220786236
14 0.022802486810283053
15 0.021716654105031385
16 0.021716654105031385
17 0.021173737752405702
18 0.020087905047154183
19 0.02063082139977987
20 0.020087905047154034
21 0.01954498869452835
22 0.02063082139977987
23 0.020087905047154034
24 0.020087905047154183
25 0.01954498869452835
26 0.01954498869452835
27 0.01900207234190252
28 0.01900207234190252
29 0.01791623963665085
30 0.016830406931399484
31 0.016830406931399484
32 0.016287490578773652
33 0.0162874905787735
34 0.015201657873522133
35 0.013029992463018801
36 0.01302999246301895
37 0.01302999246301895
38 0.01302999246301895
39 0.013029992463018801
40 0.012487076110393118
41 0.011401243405141601
42 0.01140124340514145
43 0.01140124340514145
44 0.011944159757767284
45 0.011944159757767284
46 0.01140124340514145
47 0.010858327052515618
48 0.010858327052515618
49 0.011944159757767433
50 0.011944159757767433
51 0.011401243405141601
52 0.011401243405141601
53 0.010858327052515767
54 0.010315410699889935
55 0.010858327052515767
56 0.010315410699889935
57 0.010858327052515767
58 0.0097724943472641
59 0.00977249434726425
60 0.009229577994638418
61 0.009229577994638418
62 0.009229577994638418
63 0.009229577994638418
64 0.009229577994638418
65 0.008686661642012584
66 0.009229577994638418
67 0.008686661642012584
68 0.008686661642012584
69 0.008686661642012584
70 0.008686661642012584
71 0.008686661642012584
72 0.00814374528938675
73 0.00814374528938675
74 0.00814374528938675
75 0.00814374528938675
76 0.00814374528938675
77 0.00814374528938675
78 0.00814374528938675
79 0.008686661642012584
80 0.00814374528938675
81 0.00814374528938675
82 0.00814374528938675
83 0.00814374528938675
84 0.007057912584135234
85 0.007057912584135234
86 0.0076008289367609175
87 0.007057912584135234
88 0.007057912584135234
89 0.007057912584135234
90 0.007057912584135234
91 0.007057912584135234
92 0.007057912584135234
93 0.007057912584135234
94 0.007057912584135234
95 0.007057912584135234
96 0.007057912584135234
97 0.007057912584135234
98 0.007057912584135234
99 0.007057912584135234
100 0.007057912584135234
101 0.007057912584135234
102 0.007057912584135234
103 0.00651499623150955
104 0.00651499623150955
105 0.00651499623150955
106 0.00651499623150955
107 0.00651499623150955
108 0.00651499623150955
109 0.00651499623150955
110 0.00651499623150955
111 0.00651499623150955
112 0.005972079878883717
113 0.005972079878883717
114 0.005972079878883717
115 0.0065149962315094005
116 0.0065149962315094005
117 0.0065149962315094005
118 0.0065149962315094005
119 0.005972079878883717
120 0.005972079878883717
121 0.00651499623150955
122 0.00651499623150955
123 0.00651499623150955
124 0.005972079878883717
125 0.005972079878883717
126 0.005972079878883717
127 0.005972079878883717
128 0.005972079878883717
129 0.005972079878883717
130 0.005972079878883717
131 0.005972079878883717
132 0.0054291635262578835
133 0.0054291635262578835
134 0.005972079878883567
135 0.005429163526257734
136 0.005429163526257734
137 0.005429163526257734
138 0.005429163526257734
139 0.005429163526257734
140 0.005429163526257734
141 0.005429163526257734
142 0.005429163526257734
143 0.005429163526257734
144 0.005429163526257734
145 0.00488624717363205
146 0.00488624717363205
147 0.00488624717363205
148 0.00488624717363205
149 0.00488624717363205
150 0.00488624717363205
151 0.00488624717363205
152 0.00488624717363205
153 0.00488624717363205
154 0.00488624717363205
155 0.00488624717363205
156 0.00488624717363205
157 0.00488624717363205
158 0.00488624717363205
159 0.00488624717363205
160 0.00488624717363205
161 0.00488624717363205
162 0.00488624717363205
163 0.00488624717363205
164 0.00488624717363205
165 0.00488624717363205
166 0.00488624717363205
167 0.00488624717363205
168 0.00488624717363205
169 0.00488624717363205
170 0.004343330821006217
171 0.004343330821006217
172 0.004343330821006217
173 0.004343330821006217
174 0.00488624717363205
175 0.004343330821006217
176 0.00488624717363205
177 0.00488624717363205
178 0.00488624717363205
179 0.00488624717363205
180 0.00488624717363205
181 0.00488624717363205
182 0.00488624717363205
183 0.00488624717363205
184 0.00488624717363205
185 0.00488624717363205
186 0.00488624717363205
187 0.004343330821006217
188 0.00488624717363205
189 0.00488624717363205
190 0.00488624717363205
191 0.00488624717363205
192 0.0043433308210063665
193 0.004343330821006217
194 0.004343330821006217
195 0.004343330821006217
196 0.0043433308210063665
197 0.0043433308210063665
198 0.0043433308210063665
199 0.0043433308210063665
200 0.004343330821006217
201 0.004343330821006217
202 0.0043433308210063665
203 0.0043433308210063665
204 0.0043433308210063665
205 0.0038004144683805334
206 0.0038004144683805334
207 0.0038004144683805334
208 0.0038004144683805334
209 0.0038004144683805334
210 0.0038004144683805334
211 0.0038004144683805334
212 0.0038004144683805334
213 0.0038004144683805334
214 0.0038004144683805334
215 0.0038004144683805334
216 0.0038004144683805334
217 0.0038004144683805334
218 0.0038004144683805334
219 0.0038004144683805334
220 0.0038004144683805334
221 0.0038004144683805334
222 0.0038004144683805334
223 0.0038004144683805334
224 0.0038004144683805334
225 0.0038004144683805334
226 0.0038004144683805334
227 0.0038004144683805334
228 0.0038004144683805334
229 0.0038004144683805334
230 0.0038004144683805334
231 0.0038004144683805334
232 0.0038004144683805334
233 0.0038004144683805334
234 0.0038004144683805334
235 0.0038004144683805334
236 0.0038004144683805334
237 0.0038004144683805334
238 0.0038004144683805334
239 0.0038004144683805334
240 0.0038004144683805334
241 0.0038004144683805334
242 0.0032574981157547003
243 0.0038004144683805334
244 0.0038004144683805334
245 0.0038004144683805334
246 0.0038004144683805334
247 0.0038004144683805334
248 0.0038004144683805334
249 0.0038004144683805334
250 0.0038004144683805334
251 0.0038004144683805334
252 0.0038004144683805334
253 0.0038004144683805334
254 0.0038004144683805334
255 0.0038004144683805334
256 0.0038004144683805334
257 0.0038004144683805334
258 0.0038004144683805334
259 0.0038004144683805334
260 0.0038004144683805334
261 0.0038004144683805334
262 0.0038004144683805334
263 0.0038004144683805334
264 0.0032574981157547003
265 0.0032574981157547003
266 0.0032574981157547003
267 0.0032574981157547003
268 0.0032574981157547003
269 0.0032574981157547003
270 0.0032574981157547003
271 0.0032574981157547003
272 0.0032574981157547003
273 0.0032574981157547003
274 0.0032574981157547003
275 0.0032574981157547003
276 0.0032574981157547003
277 0.0032574981157547003
278 0.0032574981157547003
279 0.0032574981157547003
280 0.0032574981157547003
281 0.0032574981157547003
282 0.0032574981157547003
283 0.0032574981157547003
284 0.0032574981157547003
285 0.0032574981157547003
286 0.0032574981157547003
287 0.0032574981157547003
288 0.0032574981157547003
289 0.0032574981157547003
290 0.0032574981157547003
291 0.0032574981157547003
292 0.0032574981157547003
293 0.0032574981157547003
294 0.0032574981157547003
295 0.0032574981157547003
296 0.0032574981157547003
297 0.0032574981157547003
298 0.0032574981157547003
299 0.0032574981157547003
300 0.0032574981157547003
301 0.0032574981157547003
302 0.0032574981157547003
303 0.0032574981157547003
304 0.0032574981157547003
305 0.0032574981157547003
306 0.0032574981157547003
307 0.0032574981157547003
308 0.0032574981157547003
309 0.0032574981157547003
310 0.0032574981157547003
311 0.0032574981157547003
312 0.0032574981157547003
313 0.0032574981157547003
314 0.0032574981157547003
315 0.0032574981157547003
316 0.0032574981157547003
317 0.0032574981157547003
318 0.0032574981157547003
319 0.0032574981157547003
320 0.0032574981157547003
321 0.0032574981157547003
322 0.0032574981157547003
323 0.0032574981157547003
324 0.0032574981157547003
325 0.0032574981157547003
326 0.0032574981157547003
327 0.0032574981157547003
328 0.0032574981157547003
329 0.0032574981157547003
330 0.0032574981157547003
331 0.0032574981157547003
332 0.0032574981157547003
333 0.0032574981157547003
334 0.0032574981157547003
335 0.0032574981157547003
336 0.0032574981157547003
337 0.0032574981157547003
338 0.0032574981157547003
339 0.0032574981157547003
340 0.0032574981157547003
341 0.0032574981157547003
342 0.0032574981157547003
343 0.0032574981157547003
344 0.0027145817631290168
345 0.0027145817631290168
346 0.0027145817631290168
347 0.0032574981157547003
348 0.0027145817631290168
349 0.0032574981157547003
350 0.0032574981157547003
351 0.0032574981157547003
352 0.0032574981157547003
353 0.0027145817631290168
354 0.0027145817631290168
355 0.0027145817631290168
356 0.0027145817631290168
357 0.0027145817631290168
358 0.0027145817631290168
359 0.0032574981157547003
360 0.0032574981157547003
361 0.0027145817631290168
362 0.0027145817631290168
363 0.0027145817631290168
364 0.0027145817631290168
365 0.0027145817631290168
366 0.0027145817631290168
367 0.0027145817631290168
368 0.0027145817631290168
369 0.0027145817631290168
370 0.0027145817631290168
371 0.0027145817631290168
372 0.0027145817631290168
373 0.0027145817631290168
374 0.0027145817631290168
375 0.0027145817631290168
376 0.0027145817631290168
377 0.0027145817631290168
378 0.0027145817631290168
379 0.0027145817631290168
380 0.0027145817631290168
381 0.0027145817631290168
382 0.0027145817631290168
383 0.0027145817631290168
384 0.0027145817631290168
385 0.0027145817631290168
386 0.0027145817631290168
387 0.0027145817631290168
388 0.0027145817631290168
389 0.0027145817631290168
390 0.0027145817631290168
391 0.0027145817631290168
392 0.0027145817631290168
393 0.0027145817631290168
394 0.0027145817631290168
395 0.0027145817631290168
396 0.0027145817631290168
397 0.0027145817631290168
398 0.0027145817631290168
399 0.0027145817631290168
400 0.0027145817631290168
401 0.0027145817631290168
402 0.0027145817631290168
403 0.0027145817631290168
404 0.0027145817631290168
405 0.0027145817631290168
406 0.0027145817631290168
407 0.0027145817631290168
408 0.0027145817631290168
409 0.0027145817631290168
410 0.0027145817631290168
411 0.0027145817631290168
412 0.0027145817631290168
413 0.0027145817631290168
414 0.0027145817631290168
415 0.0027145817631290168
416 0.0027145817631290168
417 0.0027145817631290168
418 0.0027145817631290168
419 0.0027145817631290168
420 0.0027145817631290168
421 0.0027145817631290168
422 0.0027145817631290168
423 0.0027145817631290168
424 0.0027145817631290168
425 0.0027145817631290168
426 0.0027145817631290168
427 0.0027145817631290168
428 0.0027145817631290168
429 0.0027145817631290168
430 0.0027145817631290168
431 0.0027145817631290168
432 0.0027145817631290168
433 0.0027145817631290168
434 0.0027145817631290168
435 0.0027145817631290168
436 0.0027145817631290168
437 0.0027145817631290168
438 0.0027145817631290168
439 0.0027145817631290168
440 0.0027145817631290168
441 0.0027145817631290168
442 0.0027145817631290168
443 0.0027145817631290168
444 0.0027145817631290168
445 0.0027145817631290168
446 0.0027145817631290168
447 0.0027145817631290168
448 0.0027145817631290168
449 0.0027145817631290168
450 0.0027145817631290168
451 0.0027145817631290168
452 0.0027145817631290168
453 0.0027145817631290168
454 0.0027145817631290168
455 0.0027145817631290168
456 0.0027145817631290168
457 0.0027145817631290168
458 0.0027145817631290168
459 0.0027145817631290168
460 0.0027145817631290168
461 0.0027145817631290168
462 0.0027145817631290168
463 0.0027145817631290168
464 0.0027145817631290168
465 0.0027145817631290168
466 0.0027145817631290168
467 0.0027145817631290168
468 0.0027145817631290168
469 0.0027145817631290168
470 0.0027145817631290168
471 0.0027145817631290168
472 0.0027145817631290168
473 0.0027145817631290168
474 0.0027145817631290168
475 0.0027145817631290168
476 0.0027145817631290168
477 0.0027145817631290168
478 0.0027145817631290168
479 0.0027145817631290168
480 0.0027145817631290168
481 0.0027145817631290168
482 0.0027145817631290168
483 0.0027145817631290168
484 0.0027145817631290168
485 0.0027145817631290168
486 0.0027145817631290168
487 0.0027145817631290168
488 0.0027145817631290168
489 0.0027145817631290168
490 0.0027145817631290168
491 0.0027145817631290168
492 0.0027145817631290168
493 0.0027145817631290168
494 0.0027145817631290168
495 0.0027145817631290168
496 0.0027145817631290168
497 0.0027145817631290168
498 0.0027145817631290168
499 0.0027145817631290168
500 0.0027145817631290168
501 0.0027145817631290168
502 0.0027145817631290168
503 0.0027145817631290168
504 0.0027145817631290168
505 0.0027145817631290168
506 0.0027145817631290168
507 0.0027145817631290168
508 0.0027145817631290168
509 0.0027145817631290168
510 0.0027145817631290168
511 0.0027145817631290168
512 0.0027145817631290168
513 0.0027145817631290168
514 0.0027145817631290168
515 0.0027145817631290168
516 0.0027145817631290168
517 0.0027145817631290168
518 0.0027145817631290168
519 0.0027145817631290168
520 0.0027145817631290168
521 0.0027145817631290168
522 0.0027145817631290168
523 0.0027145817631290168
524 0.0027145817631290168
525 0.0027145817631290168
526 0.0027145817631290168
527 0.0027145817631290168
528 0.0027145817631290168
529 0.0027145817631290168
530 0.0027145817631290168
531 0.0027145817631290168
532 0.0027145817631290168
533 0.0027145817631290168
534 0.0027145817631290168
535 0.0027145817631290168
536 0.0027145817631290168
537 0.0027145817631290168
538 0.0027145817631290168
539 0.0027145817631290168
540 0.0027145817631290168
541 0.0027145817631290168
542 0.0027145817631290168
543 0.0027145817631290168
544 0.0027145817631290168
545 0.0027145817631290168
546 0.0027145817631290168
547 0.0027145817631290168
548 0.0027145817631290168
549 0.0027145817631290168
550 0.0027145817631290168
551 0.0027145817631290168
552 0.0027145817631290168
553 0.0027145817631290168
554 0.0027145817631290168
555 0.0027145817631290168
556 0.0027145817631290168
557 0.0027145817631290168
558 0.0027145817631290168
559 0.0027145817631290168
560 0.0027145817631290168
561 0.0027145817631290168
562 0.0027145817631290168
563 0.0027145817631290168
564 0.0027145817631290168
565 0.0027145817631290168
566 0.0027145817631290168
567 0.0027145817631290168
568 0.0027145817631290168
569 0.0027145817631290168
570 0.0027145817631290168
571 0.0027145817631290168
572 0.0027145817631290168
573 0.0027145817631290168
574 0.0027145817631290168
575 0.0027145817631290168
576 0.0027145817631290168
577 0.0027145817631290168
578 0.0027145817631290168
579 0.0027145817631290168
580 0.0027145817631290168
581 0.0027145817631290168
582 0.0027145817631290168
583 0.0027145817631290168
584 0.0027145817631290168
585 0.0027145817631290168
586 0.0027145817631290168
587 0.0027145817631290168
588 0.0027145817631290168
589 0.0027145817631290168
590 0.0027145817631290168
591 0.0027145817631290168
592 0.0027145817631290168
593 0.0027145817631290168
594 0.0027145817631290168
595 0.0027145817631290168
596 0.0027145817631290168
597 0.0027145817631290168
598 0.0027145817631290168
599 0.0027145817631290168
600 0.0027145817631290168
601 0.0027145817631290168
602 0.0027145817631290168
603 0.0027145817631290168
604 0.0027145817631290168
605 0.0027145817631290168
606 0.0027145817631290168
607 0.0027145817631290168
608 0.0027145817631290168
609 0.0027145817631290168
610 0.0027145817631290168
611 0.0027145817631290168
612 0.0027145817631290168
613 0.0027145817631290168
614 0.0027145817631290168
615 0.0027145817631290168
616 0.0027145817631290168
617 0.0027145817631290168
618 0.0027145817631290168
619 0.0027145817631290168
620 0.0027145817631290168
621 0.0027145817631290168
622 0.0027145817631290168
623 0.0027145817631290168
624 0.0027145817631290168
625 0.0027145817631290168
626 0.0027145817631290168
627 0.0027145817631290168
628 0.0027145817631290168
629 0.0027145817631290168
630 0.0027145817631290168
631 0.0027145817631290168
632 0.0027145817631290168
633 0.0027145817631290168
634 0.0027145817631290168
635 0.0027145817631290168
636 0.0027145817631290168
637 0.0027145817631290168
638 0.0027145817631290168
639 0.0027145817631290168
640 0.0027145817631290168
641 0.0027145817631290168
642 0.0027145817631290168
643 0.0027145817631290168
644 0.0027145817631290168
645 0.0027145817631290168
646 0.0027145817631290168
647 0.0027145817631290168
648 0.0027145817631290168
649 0.0027145817631290168
650 0.0027145817631290168
651 0.0027145817631290168
652 0.0027145817631290168
653 0.0027145817631290168
654 0.0027145817631290168
655 0.0027145817631290168
656 0.0027145817631290168
657 0.0027145817631290168
658 0.0027145817631290168
659 0.0027145817631290168
660 0.0027145817631290168
661 0.0027145817631290168
662 0.0027145817631290168
663 0.0027145817631290168
664 0.0027145817631290168
665 0.0027145817631290168
666 0.0027145817631290168
667 0.0027145817631290168
668 0.0027145817631290168
669 0.0027145817631290168
670 0.0027145817631290168
671 0.0027145817631290168
672 0.0027145817631290168
673 0.0027145817631290168
674 0.0027145817631290168
675 0.0027145817631290168
676 0.0027145817631290168
677 0.0027145817631290168
678 0.0027145817631290168
679 0.0027145817631290168
680 0.0027145817631290168
681 0.0027145817631290168
682 0.0027145817631290168
683 0.0027145817631290168
684 0.0027145817631290168
685 0.0027145817631290168
686 0.0027145817631290168
687 0.0021716654105031832
688 0.0021716654105031832
689 0.0021716654105031832
690 0.0021716654105031832
691 0.0021716654105031832
692 0.0027145817631290168
693 0.0027145817631290168
694 0.0027145817631290168
695 0.0027145817631290168
696 0.0027145817631290168
697 0.0027145817631290168
698 0.0027145817631290168
699 0.0027145817631290168
700 0.0027145817631290168
701 0.0027145817631290168
702 0.0027145817631290168
703 0.0027145817631290168
704 0.0027145817631290168
705 0.0027145817631290168
706 0.0027145817631290168
707 0.0027145817631290168
708 0.0027145817631290168
709 0.0021716654105031832
710 0.0021716654105031832
711 0.0021716654105031832
712 0.0021716654105031832
713 0.0021716654105031832
714 0.0021716654105031832
715 0.0021716654105031832
716 0.0021716654105031832
717 0.0021716654105031832
718 0.0027145817631290168
719 0.0027145817631290168
720 0.0027145817631290168
721 0.0027145817631290168
722 0.0027145817631290168
723 0.0027145817631290168
724 0.0027145817631290168
725 0.0027145817631290168
726 0.0027145817631290168
727 0.0027145817631290168
728 0.0027145817631290168
729 0.0027145817631290168
730 0.0027145817631290168
731 0.0027145817631290168
732 0.0027145817631290168
733 0.0027145817631290168
734 0.0027145817631290168
735 0.0027145817631290168
736 0.0027145817631290168
737 0.0027145817631290168
738 0.0021716654105031832
739 0.0027145817631290168
740 0.0021716654105031832
741 0.0021716654105031832
742 0.0021716654105031832
743 0.0021716654105031832
744 0.0021716654105031832
745 0.0021716654105031832
746 0.0021716654105031832
747 0.0021716654105031832
748 0.0021716654105031832
749 0.0021716654105031832
750 0.0021716654105031832
751 0.0021716654105031832
752 0.0021716654105031832
753 0.0021716654105031832
754 0.0021716654105031832
755 0.0021716654105031832
756 0.0021716654105031832
757 0.0021716654105031832
758 0.0021716654105031832
759 0.0021716654105031832
760 0.0021716654105031832
761 0.0021716654105031832
762 0.0021716654105031832
763 0.0021716654105031832
764 0.0021716654105031832
765 0.0021716654105031832
766 0.0021716654105031832
767 0.0021716654105031832
768 0.0021716654105031832
769 0.0021716654105031832
770 0.0021716654105031832
771 0.0021716654105031832
772 0.0021716654105031832
773 0.0021716654105031832
774 0.0021716654105031832
775 0.0021716654105031832
776 0.0021716654105031832
777 0.0021716654105031832
778 0.0021716654105031832
779 0.0021716654105031832
780 0.0021716654105031832
781 0.0021716654105031832
782 0.0021716654105031832
783 0.0021716654105031832
784 0.0021716654105031832
785 0.0021716654105031832
786 0.0021716654105031832
787 0.0021716654105031832
788 0.0021716654105031832
789 0.0021716654105031832
790 0.0021716654105031832
791 0.0021716654105031832
792 0.0021716654105031832
793 0.0021716654105031832
794 0.0021716654105031832
795 0.0021716654105031832
796 0.0021716654105031832
797 0.0021716654105031832
798 0.0021716654105031832
799 0.0021716654105031832
800 0.0021716654105031832
801 0.0021716654105031832
802 0.0021716654105031832
803 0.0021716654105031832
804 0.0021716654105031832
805 0.0021716654105031832
806 0.0021716654105031832
807 0.0021716654105031832
808 0.0021716654105031832
809 0.0021716654105031832
810 0.0021716654105031832
811 0.0021716654105031832
812 0.0021716654105031832
813 0.0021716654105031832
814 0.0021716654105031832
815 0.0021716654105031832
816 0.0021716654105031832
817 0.0021716654105031832
818 0.0021716654105031832
819 0.0021716654105031832
820 0.0021716654105031832
821 0.0021716654105031832
822 0.0021716654105031832
823 0.0021716654105031832
824 0.0021716654105031832
825 0.0021716654105031832
826 0.0021716654105031832
827 0.0021716654105031832
828 0.0021716654105031832
829 0.0021716654105031832
830 0.0021716654105031832
831 0.0021716654105031832
832 0.0021716654105031832
833 0.0021716654105031832
834 0.0021716654105031832
835 0.0021716654105031832
836 0.0021716654105031832
837 0.0021716654105031832
838 0.0021716654105031832
839 0.0021716654105031832
840 0.0021716654105031832
841 0.0021716654105031832
842 0.0021716654105031832
843 0.0021716654105031832
844 0.0021716654105031832
845 0.0021716654105031832
846 0.0021716654105031832
847 0.0021716654105031832
848 0.0021716654105031832
849 0.0021716654105031832
850 0.0021716654105031832
851 0.0021716654105031832
852 0.0021716654105031832
853 0.0021716654105031832
854 0.0021716654105031832
855 0.0021716654105031832
856 0.0021716654105031832
857 0.0021716654105031832
858 0.0021716654105031832
859 0.0021716654105031832
860 0.0021716654105031832
861 0.0021716654105031832
862 0.0021716654105031832
863 0.0021716654105031832
864 0.0021716654105031832
865 0.0021716654105031832
866 0.0021716654105031832
867 0.0021716654105031832
868 0.0021716654105031832
869 0.0021716654105031832
870 0.0021716654105031832
871 0.0021716654105031832
872 0.0021716654105031832
873 0.0021716654105031832
874 0.0021716654105031832
875 0.0021716654105031832
876 0.0021716654105031832
877 0.0021716654105031832
878 0.0021716654105031832
879 0.0021716654105031832
880 0.0021716654105031832
881 0.0021716654105031832
882 0.0021716654105031832
883 0.0021716654105031832
884 0.0021716654105031832
885 0.0021716654105031832
886 0.0021716654105031832
887 0.0021716654105031832
888 0.0021716654105031832
889 0.0021716654105031832
890 0.0021716654105031832
891 0.0021716654105031832
892 0.0021716654105031832
893 0.0021716654105031832
894 0.0021716654105031832
895 0.0021716654105031832
896 0.0021716654105031832
897 0.0021716654105031832
898 0.0021716654105031832
899 0.0021716654105031832
900 0.0021716654105031832
901 0.0021716654105031832
902 0.0021716654105031832
903 0.0021716654105031832
904 0.0016287490578773501
905 0.0016287490578773501
906 0.0016287490578773501
907 0.0021716654105031832
908 0.0021716654105031832
909 0.0021716654105031832
910 0.0021716654105031832
911 0.0021716654105031832
912 0.0021716654105031832
913 0.0016287490578773501
914 0.0021716654105031832
915 0.0016287490578773501
916 0.0016287490578773501
917 0.0016287490578773501
918 0.0016287490578773501
919 0.0021716654105031832
920 0.0016287490578773501
921 0.0016287490578773501
922 0.0016287490578773501
923 0.0016287490578773501
924 0.0016287490578773501
925 0.0016287490578773501
926 0.0016287490578773501
927 0.0016287490578773501
928 0.0016287490578773501
929 0.0016287490578773501
930 0.0016287490578773501
931 0.0016287490578773501
932 0.0016287490578773501
933 0.0016287490578773501
934 0.0016287490578773501
935 0.0021716654105031832
936 0.0021716654105031832
937 0.0021716654105031832
938 0.0021716654105031832
939 0.0021716654105031832
940 0.0021716654105031832
941 0.0021716654105031832
942 0.0016287490578773501
943 0.0021716654105031832
944 0.0021716654105031832
945 0.0021716654105031832
946 0.0021716654105031832
947 0.0021716654105031832
948 0.0021716654105031832
949 0.0016287490578773501
950 0.0016287490578773501
951 0.0016287490578773501
952 0.0016287490578773501
953 0.0016287490578773501
954 0.0016287490578773501
955 0.0016287490578773501
956 0.0016287490578773501
957 0.0016287490578773501
958 0.0016287490578773501
959 0.0016287490578773501
960 0.0016287490578773501
961 0.0016287490578773501
962 0.0016287490578773501
963 0.0016287490578773501
964 0.0016287490578773501
965 0.0016287490578773501
966 0.0016287490578773501
967 0.0016287490578773501
968 0.0016287490578773501
969 0.0016287490578773501
970 0.0016287490578773501
971 0.0016287490578773501
972 0.0016287490578773501
973 0.0016287490578773501
974 0.0016287490578773501
975 0.0016287490578773501
976 0.0016287490578773501
977 0.0016287490578773501
978 0.0016287490578773501
979 0.0016287490578773501
980 0.0016287490578773501
981 0.0016287490578773501
982 0.0016287490578773501
983 0.0016287490578773501
984 0.0016287490578773501
985 0.0016287490578773501
986 0.0016287490578773501
987 0.0016287490578773501
988 0.0016287490578773501
989 0.0016287490578773501
990 0.0016287490578773501
991 0.0016287490578773501
992 0.0016287490578773501
993 0.0016287490578773501
994 0.0016287490578773501
995 0.0016287490578773501
996 0.0016287490578773501
997 0.0016287490578773501
998 0.0016287490578773501
999 0.0016287490578773501
1000 0.0016287490578773501
1001 0.0016287490578773501
1002 0.0016287490578773501
1003 0.0016287490578773501
1004 0.0016287490578773501
1005 0.0016287490578773501
1006 0.0016287490578773501
1007 0.0016287490578773501
1008 0.0016287490578773501
1009 0.0016287490578773501
1010 0.0016287490578773501
1011 0.0016287490578773501
1012 0.0016287490578773501
1013 0.0016287490578773501
1014 0.0016287490578773501
1015 0.0016287490578773501
1016 0.0016287490578773501
1017 0.0016287490578773501
1018 0.0016287490578773501
1019 0.0016287490578773501
1020 0.0016287490578773501
1021 0.0016287490578773501
1022 0.0016287490578773501
1023 0.0016287490578773501
1024 0.0016287490578773501
1025 0.0016287490578773501
1026 0.0016287490578773501
1027 0.0016287490578773501
1028 0.0016287490578773501
1029 0.0016287490578773501
1030 0.0016287490578773501
1031 0.0016287490578773501
1032 0.0016287490578773501
1033 0.0016287490578773501
1034 0.0016287490578773501
1035 0.0016287490578773501
1036 0.0016287490578773501
1037 0.0016287490578773501
1038 0.0016287490578773501
1039 0.0016287490578773501
1040 0.0016287490578773501
1041 0.0016287490578773501
1042 0.0016287490578773501
1043 0.0016287490578773501
1044 0.0016287490578773501
1045 0.0016287490578773501
1046 0.0016287490578773501
1047 0.0016287490578773501
1048 0.0016287490578773501
1049 0.0016287490578773501
1050 0.0016287490578773501
1051 0.0016287490578773501
1052 0.0016287490578773501
1053 0.0016287490578773501
1054 0.0016287490578773501
1055 0.0016287490578773501
1056 0.0016287490578773501
1057 0.0016287490578773501
1058 0.0016287490578773501
1059 0.0016287490578773501
1060 0.0016287490578773501
1061 0.0016287490578773501
1062 0.0016287490578773501
1063 0.0016287490578773501
1064 0.0016287490578773501
1065 0.0016287490578773501
1066 0.0016287490578773501
1067 0.0016287490578773501
1068 0.0016287490578773501
1069 0.0016287490578773501
1070 0.0016287490578773501
1071 0.0016287490578773501
1072 0.0016287490578773501
1073 0.0016287490578773501
1074 0.0016287490578773501
1075 0.0016287490578773501
1076 0.0016287490578773501
1077 0.0016287490578773501
1078 0.0016287490578773501
1079 0.0016287490578773501
1080 0.0016287490578773501
1081 0.0016287490578773501
1082 0.0016287490578773501
1083 0.0016287490578773501
1084 0.0016287490578773501
1085 0.0016287490578773501
1086 0.0016287490578773501
1087 0.0016287490578773501
1088 0.0016287490578773501
1089 0.0016287490578773501
1090 0.0016287490578773501
1091 0.0016287490578773501
1092 0.0016287490578773501
1093 0.0016287490578773501
1094 0.0016287490578773501
1095 0.0016287490578773501
1096 0.0016287490578773501
1097 0.0016287490578773501
1098 0.0016287490578773501
1099 0.0016287490578773501
1100 0.0016287490578773501
1101 0.0016287490578773501
1102 0.0016287490578773501
1103 0.0016287490578773501
1104 0.0016287490578773501
1105 0.0016287490578773501
1106 0.0016287490578773501
1107 0.0016287490578773501
1108 0.0016287490578773501
1109 0.0016287490578773501
1110 0.0016287490578773501
1111 0.0016287490578773501
1112 0.0016287490578773501
1113 0.0016287490578773501
1114 0.0016287490578773501
1115 0.0016287490578773501
1116 0.0016287490578773501
1117 0.0016287490578773501
1118 0.0016287490578773501
1119 0.0016287490578773501
1120 0.0016287490578773501
1121 0.0016287490578773501
1122 0.0016287490578773501
1123 0.0016287490578773501
1124 0.0016287490578773501
1125 0.0016287490578773501
1126 0.0016287490578773501
1127 0.0016287490578773501
1128 0.0016287490578773501
1129 0.0016287490578773501
1130 0.0016287490578773501
1131 0.0016287490578773501
1132 0.0016287490578773501
1133 0.0016287490578773501
1134 0.0016287490578773501
1135 0.0016287490578773501
1136 0.0016287490578773501
1137 0.0016287490578773501
1138 0.0016287490578773501
1139 0.0016287490578773501
1140 0.0016287490578773501
1141 0.0016287490578773501
1142 0.0016287490578773501
1143 0.0016287490578773501
1144 0.0016287490578773501
1145 0.0016287490578773501
1146 0.0016287490578773501
1147 0.0016287490578773501
1148 0.0016287490578773501
1149 0.0016287490578773501
1150 0.0016287490578773501
1151 0.0016287490578773501
1152 0.0016287490578773501
1153 0.0016287490578773501
1154 0.0016287490578773501
1155 0.0016287490578773501
1156 0.0016287490578773501
1157 0.0016287490578773501
1158 0.0016287490578773501
1159 0.0016287490578773501
1160 0.0016287490578773501
1161 0.0016287490578773501
1162 0.0016287490578773501
1163 0.0016287490578773501
1164 0.0016287490578773501
1165 0.0016287490578773501
1166 0.0016287490578773501
1167 0.0016287490578773501
1168 0.0016287490578773501
1169 0.0016287490578773501
1170 0.0016287490578773501
1171 0.0016287490578773501
1172 0.0016287490578773501
1173 0.0016287490578773501
1174 0.0016287490578773501
1175 0.0016287490578773501
1176 0.0016287490578773501
1177 0.0016287490578773501
1178 0.0016287490578773501
1179 0.0016287490578773501
1180 0.0016287490578773501
1181 0.0016287490578773501
1182 0.0016287490578773501
1183 0.0016287490578773501
1184 0.0016287490578773501
1185 0.0016287490578773501
1186 0.0016287490578773501
1187 0.0016287490578773501
1188 0.0016287490578773501
1189 0.0016287490578773501
1190 0.0016287490578773501
1191 0.0016287490578773501
1192 0.0016287490578773501
1193 0.0016287490578773501
1194 0.0016287490578773501
1195 0.0016287490578773501
1196 0.0016287490578773501
1197 0.0016287490578773501
1198 0.0016287490578773501
1199 0.0016287490578773501
1200 0.0016287490578773501
1201 0.0016287490578773501
1202 0.0016287490578773501
1203 0.0016287490578773501
1204 0.0016287490578773501
1205 0.0016287490578773501
1206 0.0016287490578773501
1207 0.0016287490578773501
1208 0.0016287490578773501
1209 0.0016287490578773501
1210 0.0016287490578773501
1211 0.0016287490578773501
1212 0.0016287490578773501
1213 0.0016287490578773501
1214 0.0016287490578773501
1215 0.0016287490578773501
1216 0.0016287490578773501
1217 0.0016287490578773501
1218 0.0016287490578773501
1219 0.0016287490578773501
1220 0.0016287490578773501
1221 0.0016287490578773501
1222 0.0016287490578773501
1223 0.0016287490578773501
1224 0.0016287490578773501
1225 0.0016287490578773501
1226 0.0016287490578773501
1227 0.0016287490578773501
1228 0.0016287490578773501
1229 0.0016287490578773501
1230 0.0016287490578773501
1231 0.0016287490578773501
1232 0.0016287490578773501
1233 0.0016287490578773501
1234 0.0016287490578773501
1235 0.0016287490578773501
1236 0.0016287490578773501
1237 0.0016287490578773501
1238 0.0016287490578773501
1239 0.0016287490578773501
1240 0.0016287490578773501
1241 0.0016287490578773501
1242 0.0016287490578773501
1243 0.0016287490578773501
1244 0.0016287490578773501
1245 0.0016287490578773501
1246 0.0016287490578773501
1247 0.0016287490578773501
1248 0.0016287490578773501
1249 0.0016287490578773501
1250 0.0016287490578773501
1251 0.0016287490578773501
1252 0.0016287490578773501
1253 0.0016287490578773501
1254 0.0016287490578773501
1255 0.0016287490578773501
1256 0.0016287490578773501
1257 0.0016287490578773501
1258 0.0016287490578773501
1259 0.0016287490578773501
1260 0.0016287490578773501
1261 0.0016287490578773501
1262 0.0016287490578773501
1263 0.0016287490578773501
1264 0.0016287490578773501
1265 0.0016287490578773501
1266 0.0016287490578773501
1267 0.0016287490578773501
1268 0.0016287490578773501
1269 0.0016287490578773501
1270 0.0016287490578773501
1271 0.0016287490578773501
1272 0.0016287490578773501
1273 0.0016287490578773501
1274 0.0016287490578773501
1275 0.0016287490578773501
1276 0.0016287490578773501
1277 0.0016287490578773501
1278 0.0016287490578773501
1279 0.0016287490578773501
1280 0.0016287490578773501
1281 0.0016287490578773501
1282 0.0016287490578773501
1283 0.0016287490578773501
1284 0.0016287490578773501
1285 0.0016287490578773501
1286 0.0016287490578773501
1287 0.0016287490578773501
1288 0.0016287490578773501
1289 0.0016287490578773501
1290 0.0016287490578773501
1291 0.0016287490578773501
1292 0.0016287490578773501
1293 0.0016287490578773501
1294 0.0016287490578773501
1295 0.0016287490578773501
1296 0.0016287490578773501
1297 0.0016287490578773501
1298 0.0016287490578773501
1299 0.0016287490578773501
1300 0.0016287490578773501
1301 0.0016287490578773501
1302 0.0016287490578773501
1303 0.0016287490578773501
1304 0.0016287490578773501
1305 0.0016287490578773501
1306 0.0016287490578773501
1307 0.0016287490578773501
1308 0.0016287490578773501
1309 0.0016287490578773501
1310 0.0016287490578773501
1311 0.0016287490578773501
1312 0.0016287490578773501
1313 0.0016287490578773501
1314 0.0016287490578773501
1315 0.0016287490578773501
1316 0.0016287490578773501
1317 0.0016287490578773501
1318 0.0016287490578773501
1319 0.0016287490578773501
1320 0.0016287490578773501
1321 0.0016287490578773501
1322 0.0016287490578773501
1323 0.0016287490578773501
1324 0.0016287490578773501
1325 0.0016287490578773501
1326 0.0016287490578773501
1327 0.0016287490578773501
1328 0.0016287490578773501
1329 0.0016287490578773501
1330 0.0016287490578773501
1331 0.0016287490578773501
1332 0.0016287490578773501
1333 0.0016287490578773501
1334 0.0016287490578773501
1335 0.0016287490578773501
1336 0.0016287490578773501
1337 0.0016287490578773501
1338 0.0016287490578773501
1339 0.0016287490578773501
1340 0.0016287490578773501
1341 0.0016287490578773501
1342 0.0016287490578773501
1343 0.0016287490578773501
1344 0.0016287490578773501
1345 0.0016287490578773501
1346 0.0016287490578773501
1347 0.0016287490578773501
1348 0.0016287490578773501
1349 0.0016287490578773501
1350 0.0016287490578773501
1351 0.0016287490578773501
1352 0.0016287490578773501
1353 0.0016287490578773501
1354 0.0016287490578773501
1355 0.0016287490578773501
1356 0.0016287490578773501
1357 0.0016287490578773501
1358 0.0016287490578773501
1359 0.0016287490578773501
1360 0.0016287490578773501
1361 0.0016287490578773501
1362 0.0016287490578773501
1363 0.0016287490578773501
1364 0.0016287490578773501
1365 0.0016287490578773501
1366 0.0016287490578773501
1367 0.0016287490578773501
1368 0.0016287490578773501
1369 0.0016287490578773501
1370 0.0016287490578773501
1371 0.0016287490578773501
1372 0.0016287490578773501
1373 0.0016287490578773501
1374 0.0016287490578773501
1375 0.0016287490578773501
1376 0.0016287490578773501
1377 0.0016287490578773501
1378 0.0016287490578773501
1379 0.0016287490578773501
1380 0.0016287490578773501
1381 0.0016287490578773501
1382 0.0016287490578773501
1383 0.0016287490578773501
1384 0.0016287490578773501
1385 0.0016287490578773501
1386 0.0016287490578773501
1387 0.0016287490578773501
1388 0.0016287490578773501
1389 0.0016287490578773501
1390 0.0016287490578773501
1391 0.0016287490578773501
1392 0.0016287490578773501
1393 0.0016287490578773501
1394 0.0016287490578773501
1395 0.0016287490578773501
1396 0.0016287490578773501
1397 0.0016287490578773501
1398 0.0016287490578773501
1399 0.0016287490578773501
1400 0.0016287490578773501
1401 0.0016287490578773501
1402 0.0016287490578773501
1403 0.0016287490578773501
1404 0.0016287490578773501
1405 0.0016287490578773501
1406 0.0016287490578773501
1407 0.0016287490578773501
1408 0.0016287490578773501
1409 0.0016287490578773501
1410 0.0016287490578773501
1411 0.0016287490578773501
1412 0.0016287490578773501
1413 0.0016287490578773501
1414 0.0016287490578773501
1415 0.0016287490578773501
1416 0.0016287490578773501
1417 0.0016287490578773501
1418 0.0016287490578773501
1419 0.0016287490578773501
1420 0.0016287490578773501
1421 0.0016287490578773501
1422 0.0016287490578773501
1423 0.0016287490578773501
1424 0.0016287490578773501
1425 0.0016287490578773501
1426 0.0016287490578773501
1427 0.0016287490578773501
1428 0.0016287490578773501
1429 0.0016287490578773501
1430 0.0016287490578773501
1431 0.0016287490578773501
1432 0.0016287490578773501
1433 0.0016287490578773501
1434 0.0016287490578773501
1435 0.0016287490578773501
1436 0.0016287490578773501
1437 0.0016287490578773501
1438 0.0016287490578773501
1439 0.0016287490578773501
1440 0.0016287490578773501
1441 0.0016287490578773501
1442 0.0016287490578773501
1443 0.0016287490578773501
1444 0.0016287490578773501
1445 0.0016287490578773501
1446 0.0016287490578773501
1447 0.0016287490578773501
1448 0.0016287490578773501
1449 0.0016287490578773501
1450 0.0016287490578773501
1451 0.0016287490578773501
1452 0.0016287490578773501
1453 0.0016287490578773501
1454 0.0016287490578773501
1455 0.0016287490578773501
1456 0.0016287490578773501
1457 0.0016287490578773501
1458 0.0016287490578773501
1459 0.0016287490578773501
1460 0.0016287490578773501
1461 0.0016287490578773501
1462 0.0016287490578773501
1463 0.0016287490578773501
1464 0.0016287490578773501
1465 0.0016287490578773501
1466 0.0016287490578773501
1467 0.0016287490578773501
1468 0.0016287490578773501
1469 0.0016287490578773501
1470 0.0016287490578773501
1471 0.0016287490578773501
1472 0.0016287490578773501
1473 0.0016287490578773501
1474 0.0016287490578773501
1475 0.0016287490578773501
1476 0.0016287490578773501
1477 0.0016287490578773501
1478 0.0016287490578773501
1479 0.0016287490578773501
1480 0.0016287490578773501
1481 0.0016287490578773501
1482 0.0016287490578773501
1483 0.0016287490578773501
1484 0.0016287490578773501
1485 0.0016287490578773501
1486 0.0016287490578773501
1487 0.0016287490578773501
1488 0.0016287490578773501
1489 0.0016287490578773501
1490 0.0016287490578773501
1491 0.0016287490578773501
1492 0.0016287490578773501
1493 0.0016287490578773501
1494 0.0016287490578773501
1495 0.0016287490578773501
1496 0.0016287490578773501
1497 0.0016287490578773501
1498 0.0016287490578773501
1499 0.0016287490578773501
1500 0.0016287490578773501
1501 0.0016287490578773501
1502 0.0016287490578773501
1503 0.0016287490578773501
1504 0.0016287490578773501
1505 0.0016287490578773501
1506 0.0016287490578773501
1507 0.0016287490578773501
1508 0.0016287490578773501
1509 0.0016287490578773501
1510 0.0016287490578773501
1511 0.0016287490578773501
1512 0.0016287490578773501
1513 0.0016287490578773501
1514 0.0016287490578773501
1515 0.0016287490578773501
1516 0.0016287490578773501
1517 0.0016287490578773501
1518 0.0016287490578773501
1519 0.0016287490578773501
1520 0.0016287490578773501
1521 0.0016287490578773501
1522 0.0016287490578773501
1523 0.0016287490578773501
1524 0.0016287490578773501
1525 0.0016287490578773501
1526 0.0016287490578773501
1527 0.0016287490578773501
1528 0.0016287490578773501
1529 0.0016287490578773501
1530 0.0016287490578773501
1531 0.0016287490578773501
1532 0.0016287490578773501
1533 0.0016287490578773501
1534 0.0016287490578773501
1535 0.0016287490578773501
1536 0.0016287490578773501
1537 0.0016287490578773501
1538 0.0016287490578773501
1539 0.0016287490578773501
1540 0.0016287490578773501
1541 0.0016287490578773501
1542 0.0016287490578773501
1543 0.0016287490578773501
1544 0.0016287490578773501
1545 0.0016287490578773501
1546 0.0016287490578773501
1547 0.0016287490578773501
1548 0.0016287490578773501
1549 0.0016287490578773501
1550 0.0016287490578773501
1551 0.0016287490578773501
1552 0.0016287490578773501
1553 0.0016287490578773501
1554 0.0016287490578773501
1555 0.0016287490578773501
1556 0.0016287490578773501
1557 0.0016287490578773501
1558 0.0016287490578773501
1559 0.0016287490578773501
1560 0.0016287490578773501
1561 0.0016287490578773501
1562 0.0016287490578773501
1563 0.0016287490578773501
1564 0.0016287490578773501
1565 0.0016287490578773501
1566 0.0016287490578773501
1567 0.0016287490578773501
1568 0.0016287490578773501
1569 0.0016287490578773501
1570 0.0016287490578773501
1571 0.0016287490578773501
1572 0.0016287490578773501
1573 0.0016287490578773501
1574 0.0016287490578773501
1575 0.0016287490578773501
1576 0.0016287490578773501
1577 0.0016287490578773501
1578 0.0016287490578773501
1579 0.0016287490578773501
1580 0.0016287490578773501
1581 0.0016287490578773501
1582 0.0016287490578773501
1583 0.0016287490578773501
1584 0.0016287490578773501
1585 0.0016287490578773501
1586 0.0016287490578773501
1587 0.0016287490578773501
1588 0.0016287490578773501
1589 0.0016287490578773501
1590 0.0016287490578773501
1591 0.0016287490578773501
1592 0.0016287490578773501
1593 0.0016287490578773501
1594 0.0016287490578773501
1595 0.0016287490578773501
1596 0.0016287490578773501
1597 0.0016287490578773501
1598 0.0016287490578773501
1599 0.0016287490578773501
1600 0.0016287490578773501
1601 0.0016287490578773501
1602 0.0016287490578773501
1603 0.0016287490578773501
1604 0.0016287490578773501
1605 0.0016287490578773501
1606 0.0016287490578773501
1607 0.0016287490578773501
1608 0.0016287490578773501
1609 0.0016287490578773501
1610 0.0016287490578773501
1611 0.0016287490578773501
1612 0.0016287490578773501
1613 0.0016287490578773501
1614 0.0016287490578773501
1615 0.0016287490578773501
1616 0.0016287490578773501
1617 0.0016287490578773501
1618 0.0016287490578773501
1619 0.0016287490578773501
1620 0.0016287490578773501
1621 0.0016287490578773501
1622 0.0016287490578773501
1623 0.0016287490578773501
1624 0.0016287490578773501
1625 0.0016287490578773501
1626 0.0016287490578773501
1627 0.0016287490578773501
1628 0.0016287490578773501
1629 0.0016287490578773501
1630 0.0016287490578773501
1631 0.0016287490578773501
1632 0.0016287490578773501
1633 0.0016287490578773501
1634 0.0016287490578773501
1635 0.0016287490578773501
1636 0.0016287490578773501
1637 0.0016287490578773501
1638 0.0016287490578773501
1639 0.0016287490578773501
1640 0.0016287490578773501
1641 0.0016287490578773501
1642 0.0016287490578773501
1643 0.0016287490578773501
1644 0.0016287490578773501
1645 0.0016287490578773501
1646 0.0016287490578773501
1647 0.0016287490578773501
1648 0.0016287490578773501
1649 0.0016287490578773501
1650 0.0016287490578773501
1651 0.0016287490578773501
1652 0.0016287490578773501
1653 0.0016287490578773501
1654 0.0016287490578773501
1655 0.0016287490578773501
1656 0.0016287490578773501
1657 0.0016287490578773501
1658 0.0016287490578773501
1659 0.0016287490578773501
1660 0.0016287490578773501
1661 0.0016287490578773501
1662 0.0016287490578773501
1663 0.0016287490578773501
1664 0.0016287490578773501
1665 0.0016287490578773501
1666 0.0016287490578773501
1667 0.0016287490578773501
1668 0.0016287490578773501
1669 0.0016287490578773501
1670 0.0016287490578773501
1671 0.0016287490578773501
1672 0.0016287490578773501
1673 0.0016287490578773501
1674 0.0016287490578773501
1675 0.0016287490578773501
1676 0.0016287490578773501
1677 0.0016287490578773501
1678 0.0016287490578773501
1679 0.0016287490578773501
1680 0.0016287490578773501
1681 0.0016287490578773501
1682 0.0016287490578773501
1683 0.0016287490578773501
1684 0.0016287490578773501
1685 0.0016287490578773501
1686 0.0016287490578773501
1687 0.0016287490578773501
1688 0.0016287490578773501
1689 0.0016287490578773501
1690 0.0016287490578773501
1691 0.0016287490578773501
1692 0.0016287490578773501
1693 0.0016287490578773501
1694 0.0016287490578773501
1695 0.0016287490578773501
1696 0.0016287490578773501
1697 0.0016287490578773501
1698 0.0016287490578773501
1699 0.0016287490578773501
1700 0.0016287490578773501
1701 0.0016287490578773501
1702 0.0016287490578773501
1703 0.0016287490578773501
1704 0.0016287490578773501
1705 0.0016287490578773501
1706 0.0016287490578773501
1707 0.0016287490578773501
1708 0.0016287490578773501
1709 0.0016287490578773501
1710 0.0016287490578773501
1711 0.0016287490578773501
1712 0.0016287490578773501
1713 0.0016287490578773501
1714 0.0016287490578773501
1715 0.0016287490578773501
1716 0.0016287490578773501
1717 0.0016287490578773501
1718 0.0016287490578773501
1719 0.0016287490578773501
1720 0.0016287490578773501
1721 0.0016287490578773501
1722 0.0016287490578773501
1723 0.0016287490578773501
1724 0.0016287490578773501
1725 0.0016287490578773501
1726 0.0016287490578773501
1727 0.0016287490578773501
1728 0.0016287490578773501
1729 0.0016287490578773501
1730 0.0016287490578773501
1731 0.0016287490578773501
1732 0.0016287490578773501
1733 0.0016287490578773501
1734 0.0016287490578773501
1735 0.0016287490578773501
1736 0.0016287490578773501
1737 0.0016287490578773501
1738 0.0016287490578773501
1739 0.0016287490578773501
1740 0.0016287490578773501
1741 0.0016287490578773501
1742 0.0016287490578773501
1743 0.0016287490578773501
1744 0.0016287490578773501
1745 0.0016287490578773501
1746 0.0016287490578773501
1747 0.0016287490578773501
1748 0.0016287490578773501
1749 0.0016287490578773501
1750 0.0016287490578773501
1751 0.0016287490578773501
1752 0.0016287490578773501
1753 0.0016287490578773501
1754 0.0016287490578773501
1755 0.0016287490578773501
1756 0.0016287490578773501
1757 0.0016287490578773501
1758 0.0016287490578773501
1759 0.0016287490578773501
1760 0.0016287490578773501
1761 0.0016287490578773501
1762 0.0016287490578773501
1763 0.0016287490578773501
1764 0.0016287490578773501
1765 0.0016287490578773501
1766 0.0016287490578773501
1767 0.0016287490578773501
1768 0.0016287490578773501
1769 0.0016287490578773501
1770 0.0016287490578773501
1771 0.0016287490578773501
1772 0.0016287490578773501
1773 0.0016287490578773501
1774 0.0016287490578773501
1775 0.0016287490578773501
1776 0.0016287490578773501
1777 0.0016287490578773501
1778 0.0016287490578773501
1779 0.0016287490578773501
1780 0.0016287490578773501
1781 0.0016287490578773501
1782 0.0016287490578773501
1783 0.0016287490578773501
1784 0.0016287490578773501
1785 0.0016287490578773501
1786 0.0016287490578773501
1787 0.0016287490578773501
1788 0.0016287490578773501
1789 0.0016287490578773501
1790 0.0016287490578773501
1791 0.0016287490578773501
1792 0.0016287490578773501
1793 0.0016287490578773501
1794 0.0016287490578773501
1795 0.0016287490578773501
1796 0.0016287490578773501
1797 0.0016287490578773501
1798 0.0016287490578773501
1799 0.0016287490578773501
1800 0.0016287490578773501
1801 0.0016287490578773501
1802 0.0016287490578773501
1803 0.0016287490578773501
1804 0.0016287490578773501
1805 0.0016287490578773501
1806 0.0016287490578773501
1807 0.0016287490578773501
1808 0.0016287490578773501
1809 0.0016287490578773501
1810 0.0016287490578773501
1811 0.0016287490578773501
1812 0.0016287490578773501
1813 0.0016287490578773501
1814 0.0016287490578773501
1815 0.0016287490578773501
1816 0.0016287490578773501
1817 0.0016287490578773501
1818 0.0016287490578773501
1819 0.0016287490578773501
1820 0.0016287490578773501
1821 0.0016287490578773501
1822 0.0016287490578773501
1823 0.0016287490578773501
1824 0.0016287490578773501
1825 0.0016287490578773501
1826 0.0016287490578773501
1827 0.0016287490578773501
1828 0.0016287490578773501
1829 0.0016287490578773501
1830 0.0016287490578773501
1831 0.0016287490578773501
1832 0.0016287490578773501
1833 0.0016287490578773501
1834 0.0016287490578773501
1835 0.0016287490578773501
1836 0.0016287490578773501
1837 0.0016287490578773501
1838 0.0016287490578773501
1839 0.0016287490578773501
1840 0.0016287490578773501
1841 0.0016287490578773501
1842 0.0016287490578773501
1843 0.0016287490578773501
1844 0.0016287490578773501
1845 0.0016287490578773501
1846 0.0016287490578773501
1847 0.0016287490578773501
1848 0.0016287490578773501
1849 0.0016287490578773501
1850 0.0016287490578773501
1851 0.0016287490578773501
1852 0.0016287490578773501
1853 0.0016287490578773501
1854 0.0016287490578773501
1855 0.0016287490578773501
1856 0.0016287490578773501
1857 0.0016287490578773501
1858 0.0016287490578773501
1859 0.0016287490578773501
1860 0.0016287490578773501
1861 0.0016287490578773501
1862 0.0016287490578773501
1863 0.0016287490578773501
1864 0.0016287490578773501
1865 0.0016287490578773501
1866 0.0016287490578773501
1867 0.0016287490578773501
1868 0.0016287490578773501
1869 0.0016287490578773501
1870 0.0016287490578773501
1871 0.0016287490578773501
1872 0.0016287490578773501
1873 0.0016287490578773501
1874 0.0016287490578773501
1875 0.0016287490578773501
1876 0.0016287490578773501
1877 0.0016287490578773501
1878 0.0016287490578773501
1879 0.0016287490578773501
1880 0.0016287490578773501
1881 0.0016287490578773501
1882 0.0016287490578773501
1883 0.0016287490578773501
1884 0.0016287490578773501
1885 0.0016287490578773501
1886 0.0016287490578773501
1887 0.0016287490578773501
1888 0.0016287490578773501
1889 0.0016287490578773501
1890 0.0016287490578773501
1891 0.0016287490578773501
1892 0.0016287490578773501
1893 0.0016287490578773501
1894 0.0016287490578773501
1895 0.0016287490578773501
1896 0.0016287490578773501
1897 0.0016287490578773501
1898 0.0016287490578773501
1899 0.0016287490578773501
1900 0.0016287490578773501
1901 0.0016287490578773501
1902 0.0016287490578773501
1903 0.0016287490578773501
1904 0.0016287490578773501
1905 0.0016287490578773501
1906 0.0016287490578773501
1907 0.0016287490578773501
1908 0.0016287490578773501
1909 0.0016287490578773501
1910 0.0016287490578773501
1911 0.0016287490578773501
1912 0.0016287490578773501
1913 0.0016287490578773501
1914 0.0016287490578773501
1915 0.0016287490578773501
1916 0.0016287490578773501
1917 0.0016287490578773501
1918 0.0016287490578773501
1919 0.0016287490578773501
1920 0.0016287490578773501
1921 0.0016287490578773501
1922 0.0016287490578773501
1923 0.0016287490578773501
1924 0.0016287490578773501
1925 0.0016287490578773501
1926 0.0016287490578773501
1927 0.0016287490578773501
1928 0.0016287490578773501
1929 0.0016287490578773501
1930 0.0016287490578773501
1931 0.0016287490578773501
1932 0.0016287490578773501
1933 0.0016287490578773501
1934 0.0016287490578773501
1935 0.0016287490578773501
1936 0.0016287490578773501
1937 0.0016287490578773501
1938 0.0016287490578773501
1939 0.0016287490578773501
1940 0.0016287490578773501
1941 0.0016287490578773501
1942 0.0016287490578773501
1943 0.0016287490578773501
1944 0.0016287490578773501
1945 0.0016287490578773501
1946 0.0016287490578773501
1947 0.0016287490578773501
1948 0.0016287490578773501
1949 0.0016287490578773501
1950 0.0016287490578773501
1951 0.0016287490578773501
1952 0.0016287490578773501
1953 0.0016287490578773501
1954 0.0016287490578773501
1955 0.0016287490578773501
1956 0.0016287490578773501
1957 0.0016287490578773501
1958 0.0016287490578773501
1959 0.0016287490578773501
1960 0.0016287490578773501
1961 0.0016287490578773501
1962 0.0016287490578773501
1963 0.0016287490578773501
1964 0.0016287490578773501
1965 0.0016287490578773501
1966 0.0016287490578773501
1967 0.0016287490578773501
1968 0.0016287490578773501
1969 0.0016287490578773501
1970 0.0016287490578773501
1971 0.0016287490578773501
1972 0.0016287490578773501
1973 0.0016287490578773501
1974 0.0016287490578773501
1975 0.0016287490578773501
1976 0.0016287490578773501
1977 0.0016287490578773501
1978 0.0016287490578773501
1979 0.0016287490578773501
1980 0.0016287490578773501
1981 0.0016287490578773501
1982 0.0016287490578773501
1983 0.0016287490578773501
1984 0.0016287490578773501
1985 0.0016287490578773501
1986 0.0016287490578773501
1987 0.0016287490578773501
1988 0.0016287490578773501
1989 0.0016287490578773501
1990 0.0016287490578773501
1991 0.0016287490578773501
1992 0.0016287490578773501
1993 0.0016287490578773501
1994 0.0016287490578773501
1995 0.0016287490578773501
1996 0.0016287490578773501
1997 0.0016287490578773501
1998 0.0016287490578773501
1999 0.0016287490578773501
2000 0.0016287490578773501
2001 0.0016287490578773501
2002 0.0016287490578773501
2003 0.0016287490578773501
2004 0.0016287490578773501
2005 0.0016287490578773501
2006 0.0016287490578773501
2007 0.0016287490578773501
2008 0.0016287490578773501
2009 0.0016287490578773501
2010 0.0016287490578773501
2011 0.0016287490578773501
2012 0.0016287490578773501
2013 0.0016287490578773501
2014 0.0016287490578773501
2015 0.0016287490578773501
2016 0.0016287490578773501
2017 0.0016287490578773501
2018 0.0016287490578773501
2019 0.0016287490578773501
2020 0.0016287490578773501
2021 0.0016287490578773501
2022 0.0016287490578773501
2023 0.0016287490578773501
2024 0.0016287490578773501
2025 0.0016287490578773501
2026 0.0016287490578773501
2027 0.0016287490578773501
2028 0.0016287490578773501
2029 0.0016287490578773501
2030 0.0016287490578773501
2031 0.0016287490578773501
2032 0.0016287490578773501
2033 0.0016287490578773501
2034 0.0016287490578773501
2035 0.0016287490578773501
2036 0.0016287490578773501
2037 0.0016287490578773501
2038 0.0016287490578773501
2039 0.0016287490578773501
2040 0.0016287490578773501
2041 0.0016287490578773501
2042 0.0016287490578773501
2043 0.0016287490578773501
2044 0.0016287490578773501
2045 0.0016287490578773501
2046 0.0016287490578773501
2047 0.0016287490578773501
2048 0.0016287490578773501
2049 0.0016287490578773501
2050 0.0016287490578773501
2051 0.0016287490578773501
2052 0.0016287490578773501
2053 0.0016287490578773501
2054 0.0016287490578773501
2055 0.0016287490578773501
2056 0.0016287490578773501
2057 0.0016287490578773501
2058 0.0016287490578773501
2059 0.0016287490578773501
2060 0.0016287490578773501
2061 0.0016287490578773501
2062 0.0016287490578773501
2063 0.0016287490578773501
2064 0.0016287490578773501
2065 0.0016287490578773501
2066 0.0016287490578773501
2067 0.0016287490578773501
2068 0.0016287490578773501
2069 0.0016287490578773501
2070 0.0016287490578773501
2071 0.0016287490578773501
2072 0.0016287490578773501
2073 0.0016287490578773501
2074 0.0016287490578773501
2075 0.0016287490578773501
2076 0.0016287490578773501
2077 0.0016287490578773501
2078 0.0016287490578773501
2079 0.0016287490578773501
2080 0.0016287490578773501
2081 0.0016287490578773501
2082 0.0016287490578773501
2083 0.0016287490578773501
2084 0.0016287490578773501
2085 0.0016287490578773501
2086 0.0016287490578773501
2087 0.0016287490578773501
2088 0.0016287490578773501
2089 0.0016287490578773501
2090 0.0016287490578773501
2091 0.0016287490578773501
2092 0.0016287490578773501
2093 0.0016287490578773501
2094 0.0016287490578773501
2095 0.0016287490578773501
2096 0.0016287490578773501
2097 0.0016287490578773501
2098 0.0016287490578773501
2099 0.0016287490578773501
2100 0.0016287490578773501
2101 0.0016287490578773501
2102 0.0016287490578773501
2103 0.0016287490578773501
2104 0.0016287490578773501
2105 0.0016287490578773501
2106 0.0016287490578773501
2107 0.0016287490578773501
2108 0.0016287490578773501
2109 0.0016287490578773501
2110 0.0016287490578773501
2111 0.0016287490578773501
2112 0.0016287490578773501
2113 0.0016287490578773501
2114 0.0016287490578773501
2115 0.0016287490578773501
2116 0.0016287490578773501
2117 0.0016287490578773501
2118 0.0016287490578773501
2119 0.0016287490578773501
2120 0.0016287490578773501
2121 0.0016287490578773501
2122 0.0016287490578773501
2123 0.0016287490578773501
2124 0.0016287490578773501
2125 0.0016287490578773501
2126 0.0016287490578773501
2127 0.0016287490578773501
2128 0.0016287490578773501
2129 0.0016287490578773501
2130 0.0016287490578773501
2131 0.0016287490578773501
2132 0.0016287490578773501
2133 0.0016287490578773501
2134 0.0016287490578773501
2135 0.0016287490578773501
2136 0.0016287490578773501
2137 0.0016287490578773501
2138 0.0016287490578773501
2139 0.0016287490578773501
2140 0.0016287490578773501
2141 0.0016287490578773501
2142 0.0016287490578773501
2143 0.0016287490578773501
2144 0.0016287490578773501
2145 0.0016287490578773501
2146 0.0016287490578773501
2147 0.0016287490578773501
2148 0.0016287490578773501
2149 0.0016287490578773501
2150 0.0016287490578773501
2151 0.0016287490578773501
2152 0.0016287490578773501
2153 0.0016287490578773501
2154 0.0016287490578773501
2155 0.0016287490578773501
2156 0.0016287490578773501
2157 0.0016287490578773501
2158 0.0016287490578773501
2159 0.0016287490578773501
2160 0.0016287490578773501
2161 0.0016287490578773501
2162 0.0016287490578773501
2163 0.0016287490578773501
2164 0.0016287490578773501
2165 0.0016287490578773501
2166 0.0016287490578773501
2167 0.0016287490578773501
2168 0.0016287490578773501
2169 0.0016287490578773501
2170 0.0016287490578773501
2171 0.0016287490578773501
2172 0.0016287490578773501
2173 0.0016287490578773501
2174 0.0016287490578773501
2175 0.0016287490578773501
2176 0.0016287490578773501
2177 0.0016287490578773501
2178 0.0016287490578773501
2179 0.0016287490578773501
2180 0.0016287490578773501
2181 0.0016287490578773501
2182 0.0016287490578773501
2183 0.0016287490578773501
2184 0.0016287490578773501
2185 0.0016287490578773501
2186 0.0016287490578773501
2187 0.0016287490578773501
2188 0.0016287490578773501
2189 0.0016287490578773501
2190 0.0016287490578773501
2191 0.0016287490578773501
2192 0.0016287490578773501
2193 0.0016287490578773501
2194 0.0016287490578773501
2195 0.0016287490578773501
2196 0.0016287490578773501
2197 0.0016287490578773501
2198 0.0016287490578773501
2199 0.0016287490578773501
2200 0.0016287490578773501
2201 0.0016287490578773501
2202 0.0016287490578773501
2203 0.0016287490578773501
2204 0.0016287490578773501
2205 0.0016287490578773501
2206 0.0016287490578773501
2207 0.0016287490578773501
2208 0.0016287490578773501
2209 0.0016287490578773501
2210 0.0016287490578773501
2211 0.0016287490578773501
2212 0.0016287490578773501
2213 0.0016287490578773501
2214 0.0016287490578773501
2215 0.0016287490578773501
2216 0.0016287490578773501
2217 0.0016287490578773501
2218 0.0016287490578773501
2219 0.0016287490578773501
2220 0.0016287490578773501
2221 0.0016287490578773501
2222 0.0016287490578773501
2223 0.0016287490578773501
2224 0.0016287490578773501
2225 0.0016287490578773501
2226 0.0016287490578773501
2227 0.0016287490578773501
2228 0.0016287490578773501
2229 0.0016287490578773501
2230 0.0016287490578773501
2231 0.0016287490578773501
2232 0.0016287490578773501
2233 0.0016287490578773501
2234 0.0016287490578773501
2235 0.0016287490578773501
2236 0.0016287490578773501
2237 0.0016287490578773501
2238 0.0016287490578773501
2239 0.0016287490578773501
2240 0.0016287490578773501
2241 0.0016287490578773501
2242 0.0016287490578773501
2243 0.0016287490578773501
2244 0.0016287490578773501
2245 0.0016287490578773501
2246 0.0016287490578773501
2247 0.0016287490578773501
2248 0.0016287490578773501
2249 0.0016287490578773501
2250 0.0016287490578773501
2251 0.0016287490578773501
2252 0.0016287490578773501
2253 0.0016287490578773501
2254 0.0016287490578773501
2255 0.0016287490578773501
2256 0.0016287490578773501
2257 0.0016287490578773501
2258 0.0016287490578773501
2259 0.0016287490578773501
2260 0.0016287490578773501
2261 0.0016287490578773501
2262 0.0016287490578773501
2263 0.0016287490578773501
2264 0.0016287490578773501
2265 0.0016287490578773501
2266 0.0016287490578773501
2267 0.0016287490578773501
2268 0.0016287490578773501
2269 0.0016287490578773501
2270 0.0016287490578773501
2271 0.0016287490578773501
2272 0.0016287490578773501
2273 0.0016287490578773501
2274 0.0016287490578773501
2275 0.0016287490578773501
2276 0.0016287490578773501
2277 0.0016287490578773501
2278 0.0016287490578773501
2279 0.0016287490578773501
2280 0.0016287490578773501
2281 0.0016287490578773501
2282 0.0016287490578773501
2283 0.0016287490578773501
2284 0.0016287490578773501
2285 0.0016287490578773501
2286 0.0016287490578773501
2287 0.0016287490578773501
2288 0.0016287490578773501
2289 0.0016287490578773501
2290 0.0016287490578773501
2291 0.0016287490578773501
2292 0.0016287490578773501
2293 0.0016287490578773501
2294 0.0016287490578773501
2295 0.0016287490578773501
2296 0.0016287490578773501
2297 0.0016287490578773501
2298 0.0016287490578773501
2299 0.0016287490578773501
2300 0.0016287490578773501
2301 0.0016287490578773501
2302 0.0016287490578773501
2303 0.0016287490578773501
2304 0.0016287490578773501
2305 0.0016287490578773501
2306 0.0016287490578773501
2307 0.0016287490578773501
2308 0.0016287490578773501
2309 0.0016287490578773501
2310 0.0016287490578773501
2311 0.0016287490578773501
2312 0.0016287490578773501
2313 0.0016287490578773501
2314 0.0016287490578773501
2315 0.0016287490578773501
2316 0.0016287490578773501
2317 0.0016287490578773501
2318 0.0016287490578773501
2319 0.0016287490578773501
2320 0.0016287490578773501
2321 0.0016287490578773501
2322 0.0016287490578773501
2323 0.0016287490578773501
2324 0.0016287490578773501
2325 0.0016287490578773501
2326 0.0016287490578773501
2327 0.0016287490578773501
2328 0.0016287490578773501
2329 0.0010858327052516664
2330 0.0010858327052516664
2331 0.0010858327052516664
2332 0.0010858327052516664
2333 0.0010858327052516664
2334 0.0010858327052516664
2335 0.0010858327052516664
2336 0.0010858327052516664
2337 0.0010858327052516664
2338 0.0010858327052516664
2339 0.0010858327052516664
2340 0.0010858327052516664
2341 0.0010858327052516664
2342 0.0010858327052516664
2343 0.0010858327052516664
2344 0.0010858327052516664
2345 0.0010858327052516664
2346 0.0010858327052516664
2347 0.0010858327052516664
2348 0.0010858327052516664
2349 0.0010858327052516664
2350 0.0010858327052516664
2351 0.0010858327052516664
2352 0.0010858327052516664
2353 0.0010858327052516664
2354 0.0010858327052516664
2355 0.0010858327052516664
2356 0.0010858327052516664
2357 0.0010858327052516664
2358 0.0010858327052516664
2359 0.0010858327052516664
2360 0.0010858327052516664
2361 0.0010858327052516664
2362 0.0010858327052516664
2363 0.0010858327052516664
2364 0.0010858327052516664
2365 0.0010858327052516664
2366 0.0010858327052516664
2367 0.0010858327052516664
2368 0.0010858327052516664
2369 0.0010858327052516664
2370 0.0010858327052516664
2371 0.0010858327052516664
2372 0.0010858327052516664
2373 0.0010858327052516664
2374 0.0010858327052516664
2375 0.0010858327052516664
2376 0.0010858327052516664
2377 0.0010858327052516664
2378 0.0010858327052516664
2379 0.0010858327052516664
2380 0.0010858327052516664
2381 0.0010858327052516664
2382 0.0010858327052516664
2383 0.0010858327052516664
2384 0.0010858327052516664
2385 0.0010858327052516664
2386 0.0010858327052516664
2387 0.0010858327052516664
2388 0.0010858327052516664
2389 0.0010858327052516664
2390 0.0010858327052516664
2391 0.0010858327052516664
2392 0.0010858327052516664
2393 0.0010858327052516664
2394 0.0010858327052516664
2395 0.0010858327052516664
2396 0.0010858327052516664
2397 0.0010858327052516664
2398 0.0010858327052516664
2399 0.0010858327052516664
2400 0.0010858327052516664
2401 0.0010858327052516664
2402 0.0010858327052516664
2403 0.0010858327052516664
2404 0.0010858327052516664
2405 0.0010858327052516664
2406 0.0010858327052516664
