1 0.0651499623150943
2 0.055377467967830205
3 0.051034137146823984
4 0.04343330821006277
5 0.03800414468380504
6 0.035832479273301854
7 0.0342037302154245
8 0.0309462320996698
9 0.028231650336540785
10 0.024974152220786083
11 0.0244312358681604
12 0.023345403162908885
13 0.023345403162908736
14 0.022802486810283053
15 0.022259570457657217
16 0.021173737752405702
17 0.021173737752405702
18 0.02063082139977987
19 0.021173737752405702
20 0.020087905047154034
21 0.01954498869452835
22 0.018459155989276683
23 0.01791623963665085
24 0.017373323284025168
25 0.0162874905787735
26 0.016830406931399335
27 0.015744574226147817
28 0.015744574226147667
29 0.0162874905787735
30 0.015744574226147667
31 0.015201657873521835
32 0.015744574226147817
33 0.015201657873521984
34 0.01465874152089615
35 0.013572908815644635
36 0.014115825168270467
37 0.013572908815644635
38 0.013029992463018801
39 0.013029992463018801
40 0.013572908815644635
41 0.01302999246301895
42 0.01302999246301895
43 0.013029992463018801
44 0.013572908815644635
45 0.012487076110392967
46 0.011944159757767284
47 0.011944159757767284
48 0.012487076110392967
49 0.012487076110392967
50 0.012487076110392967
51 0.012487076110392967
52 0.012487076110392967
53 0.012487076110392967
54 0.012487076110392967
55 0.011944159757767135
56 0.011944159757767135
57 0.01140124340514145
58 0.010858327052515618
59 0.01140124340514145
60 0.00977249434726425
61 0.009229577994638267
62 0.009229577994638418
63 0.008686661642012584
64 0.008686661642012584
65 0.008686661642012584
66 0.008686661642012584
67 0.00814374528938675
68 0.007600828936761067
69 0.007600828936761067
70 0.0076008289367609175
71 0.007600828936761067
72 0.007600828936761067
73 0.007600828936761067
74 0.007600828936761067
75 0.007600828936761067
76 0.007057912584135234
77 0.007600828936761067
78 0.007600828936761067
79 0.007600828936761067
80 0.007600828936761067
81 0.007600828936761067
82 0.007057912584135234
83 0.007057912584135234
84 0.007057912584135234
85 0.00651499623150955
86 0.00651499623150955
87 0.00651499623150955
88 0.00651499623150955
89 0.0065149962315094005
90 0.0065149962315094005
91 0.0065149962315094005
92 0.0065149962315094005
93 0.005972079878883717
94 0.005972079878883717
95 0.005972079878883717
96 0.005972079878883567
97 0.005972079878883567
98 0.005972079878883567
99 0.005972079878883567
100 0.005972079878883567
101 0.005972079878883567
102 0.005429163526257734
103 0.005429163526257734
104 0.00488624717363205
105 0.00488624717363205
106 0.00488624717363205
107 0.00488624717363205
108 0.00488624717363205
109 0.00488624717363205
110 0.00488624717363205
111 0.00488624717363205
112 0.00488624717363205
113 0.00488624717363205
114 0.00488624717363205
115 0.00488624717363205
116 0.00488624717363205
117 0.00488624717363205
118 0.00488624717363205
119 0.00488624717363205
120 0.00488624717363205
121 0.00488624717363205
122 0.00488624717363205
123 0.00488624717363205
124 0.00488624717363205
125 0.00488624717363205
126 0.00488624717363205
127 0.00488624717363205
128 0.00488624717363205
129 0.00488624717363205
130 0.00488624717363205
131 0.00488624717363205
132 0.00488624717363205
133 0.00488624717363205
134 0.00488624717363205
135 0.00488624717363205
136 0.0043433308210063665
137 0.00488624717363205
138 0.0043433308210063665
139 0.00488624717363205
140 0.00488624717363205
141 0.00488624717363205
142 0.00488624717363205
143 0.00488624717363205
144 0.00488624717363205
145 0.00488624717363205
146 0.0043433308210063665
147 0.0043433308210063665
148 0.0043433308210063665
149 0.0043433308210063665
150 0.0043433308210063665
151 0.0043433308210063665
152 0.0043433308210063665
153 0.0043433308210063665
154 0.0043433308210063665
155 0.0043433308210063665
156 0.0043433308210063665
157 0.0043433308210063665
158 0.0043433308210063665
159 0.0043433308210063665
160 0.0043433308210063665
161 0.0043433308210063665
162 0.0043433308210063665
163 0.0043433308210063665
164 0.0043433308210063665
165 0.0043433308210063665
166 0.0043433308210063665
167 0.0043433308210063665
168 0.0043433308210063665
169 0.0043433308210063665
170 0.0043433308210063665
171 0.0043433308210063665
172 0.0043433308210063665
173 0.0043433308210063665
174 0.0043433308210063665
175 0.0043433308210063665
176 0.0043433308210063665
177 0.0043433308210063665
178 0.0038004144683805334
179 0.0038004144683805334
180 0.0038004144683805334
181 0.0038004144683805334
182 0.0038004144683805334
183 0.0038004144683805334
184 0.0038004144683805334
185 0.0038004144683805334
186 0.0038004144683805334
187 0.0038004144683805334
188 0.0038004144683805334
189 0.0038004144683805334
190 0.0038004144683805334
191 0.0038004144683805334
192 0.0038004144683805334
193 0.0038004144683805334
194 0.0038004144683805334
195 0.0038004144683805334
196 0.0038004144683805334
197 0.0038004144683805334
198 0.0038004144683805334
199 0.0038004144683805334
200 0.0038004144683805334
201 0.0038004144683805334
202 0.0038004144683805334
203 0.0038004144683805334
204 0.0038004144683805334
205 0.0038004144683805334
206 0.0038004144683805334
207 0.0038004144683805334
208 0.0038004144683805334
209 0.0038004144683805334
210 0.0038004144683805334
211 0.0038004144683805334
212 0.0038004144683805334
213 0.0038004144683805334
214 0.0038004144683805334
215 0.0038004144683805334
216 0.0038004144683805334
217 0.0038004144683805334
218 0.0038004144683805334
219 0.0032574981157547003
220 0.0032574981157547003
221 0.0032574981157547003
222 0.0032574981157547003
223 0.0032574981157547003
224 0.0032574981157547003
225 0.0032574981157547003
226 0.0032574981157547003
227 0.0032574981157547003
228 0.0032574981157547003
229 0.0032574981157547003
230 0.0032574981157547003
231 0.0032574981157547003
232 0.0032574981157547003
233 0.0032574981157547003
234 0.0032574981157547003
235 0.0032574981157547003
236 0.0032574981157547003
237 0.0032574981157547003
238 0.0032574981157547003
239 0.0032574981157547003
240 0.0032574981157547003
241 0.0032574981157547003
242 0.0032574981157547003
243 0.0032574981157547003
244 0.0032574981157547003
245 0.0032574981157547003
246 0.0032574981157547003
247 0.0032574981157547003
248 0.0032574981157547003
249 0.0032574981157547003
250 0.0032574981157547003
251 0.0032574981157547003
252 0.0032574981157547003
253 0.0032574981157547003
254 0.0032574981157547003
255 0.0032574981157547003
256 0.0032574981157547003
257 0.0032574981157547003
258 0.0032574981157547003
259 0.0032574981157547003
260 0.0032574981157547003
261 0.0032574981157547003
262 0.0032574981157547003
263 0.0027145817631290168
264 0.0027145817631290168
265 0.0027145817631290168
266 0.0027145817631290168
267 0.0027145817631290168
268 0.0027145817631290168
269 0.0027145817631290168
270 0.0027145817631290168
271 0.0027145817631290168
272 0.0027145817631290168
273 0.0027145817631290168
274 0.0027145817631290168
275 0.0027145817631290168
276 0.0027145817631290168
277 0.0027145817631290168
278 0.0027145817631290168
279 0.0027145817631290168
280 0.0027145817631290168
281 0.0027145817631290168
282 0.0027145817631290168
283 0.0027145817631290168
284 0.0027145817631290168
285 0.0027145817631290168
286 0.0027145817631290168
287 0.0027145817631290168
288 0.0027145817631290168
289 0.0027145817631290168
290 0.0027145817631290168
291 0.0027145817631290168
292 0.0027145817631290168
293 0.0027145817631290168
294 0.0027145817631290168
295 0.0027145817631290168
296 0.0027145817631290168
297 0.0027145817631290168
298 0.0027145817631290168
299 0.0027145817631290168
300 0.0027145817631290168
301 0.0027145817631290168
302 0.0027145817631290168
303 0.0027145817631290168
304 0.0027145817631290168
305 0.0027145817631290168
306 0.0027145817631290168
307 0.0027145817631290168
308 0.0027145817631290168
309 0.0027145817631290168
310 0.0027145817631290168
311 0.0027145817631290168
312 0.0027145817631290168
313 0.0027145817631290168
314 0.0027145817631290168
315 0.0027145817631290168
316 0.0027145817631290168
317 0.0027145817631290168
318 0.0027145817631290168
319 0.0027145817631290168
320 0.0027145817631290168
321 0.0027145817631290168
322 0.0027145817631290168
323 0.0027145817631290168
324 0.0027145817631290168
325 0.0027145817631290168
326 0.0027145817631290168
327 0.0027145817631290168
328 0.0027145817631290168
329 0.0027145817631290168
330 0.0027145817631290168
331 0.0027145817631290168
332 0.0027145817631290168
333 0.0027145817631290168
334 0.0027145817631290168
335 0.0027145817631290168
336 0.0027145817631290168
337 0.0027145817631290168
338 0.0027145817631290168
339 0.0027145817631290168
340 0.0027145817631290168
341 0.0027145817631290168
342 0.0027145817631290168
343 0.0027145817631290168
344 0.0027145817631290168
345 0.0027145817631290168
346 0.0027145817631290168
347 0.0027145817631290168
348 0.0027145817631290168
349 0.0027145817631290168
350 0.0027145817631290168
351 0.0027145817631290168
352 0.0027145817631290168
353 0.0027145817631290168
354 0.0027145817631290168
355 0.0027145817631290168
356 0.0027145817631290168
357 0.0027145817631290168
358 0.0027145817631290168
359 0.0027145817631290168
360 0.0027145817631290168
361 0.0027145817631290168
362 0.0027145817631290168
363 0.0027145817631290168
364 0.0027145817631290168
365 0.0027145817631290168
366 0.0027145817631290168
367 0.0027145817631290168
368 0.0027145817631290168
369 0.0027145817631290168
370 0.0027145817631290168
371 0.0027145817631290168
372 0.0027145817631290168
373 0.0027145817631290168
374 0.0027145817631290168
375 0.0027145817631290168
376 0.0027145817631290168
377 0.0027145817631290168
378 0.0027145817631290168
379 0.0027145817631290168
380 0.0027145817631290168
381 0.0027145817631290168
382 0.0027145817631290168
383 0.0027145817631290168
384 0.0027145817631290168
385 0.0027145817631290168
386 0.0027145817631290168
387 0.0027145817631290168
388 0.0027145817631290168
389 0.0027145817631290168
390 0.0027145817631290168
391 0.0027145817631290168
392 0.0027145817631290168
393 0.0027145817631290168
394 0.0027145817631290168
395 0.0027145817631290168
396 0.0027145817631290168
397 0.0027145817631290168
398 0.0027145817631290168
399 0.0027145817631290168
400 0.0027145817631290168
401 0.0027145817631290168
402 0.0027145817631290168
403 0.0027145817631290168
404 0.0027145817631290168
405 0.0027145817631290168
406 0.0027145817631290168
407 0.0027145817631290168
408 0.0027145817631290168
409 0.0027145817631290168
410 0.0027145817631290168
411 0.0027145817631290168
412 0.0027145817631290168
413 0.0027145817631290168
414 0.0027145817631290168
415 0.0027145817631290168
416 0.0027145817631290168
417 0.0027145817631290168
418 0.0027145817631290168
419 0.0027145817631290168
420 0.0027145817631290168
421 0.0027145817631290168
422 0.0027145817631290168
423 0.0027145817631290168
424 0.0027145817631290168
425 0.0027145817631290168
426 0.0027145817631290168
427 0.0027145817631290168
428 0.0027145817631290168
429 0.0027145817631290168
430 0.0027145817631290168
431 0.0027145817631290168
432 0.0027145817631290168
433 0.0027145817631290168
434 0.0027145817631290168
435 0.0027145817631290168
436 0.0027145817631290168
437 0.0027145817631290168
438 0.0027145817631290168
439 0.0027145817631290168
440 0.0027145817631290168
441 0.0027145817631290168
442 0.0027145817631290168
443 0.0027145817631290168
444 0.0027145817631290168
445 0.0027145817631290168
446 0.0027145817631290168
447 0.0027145817631290168
448 0.0027145817631290168
449 0.0027145817631290168
450 0.0027145817631290168
451 0.0027145817631290168
452 0.0027145817631290168
453 0.0027145817631290168
454 0.0027145817631290168
455 0.0027145817631290168
456 0.0027145817631290168
457 0.0027145817631290168
458 0.0027145817631290168
459 0.0027145817631290168
460 0.0027145817631290168
461 0.0027145817631290168
462 0.0027145817631290168
463 0.0027145817631290168
464 0.0027145817631290168
465 0.0027145817631290168
466 0.0027145817631290168
467 0.0027145817631290168
468 0.0027145817631290168
469 0.0027145817631290168
470 0.0027145817631290168
471 0.0027145817631290168
472 0.0027145817631290168
473 0.0027145817631290168
474 0.0027145817631290168
475 0.0027145817631290168
476 0.0027145817631290168
477 0.0027145817631290168
478 0.0027145817631290168
479 0.0027145817631290168
480 0.0027145817631290168
481 0.0027145817631290168
482 0.0027145817631290168
483 0.0027145817631290168
484 0.0027145817631290168
485 0.0027145817631290168
486 0.0027145817631290168
487 0.0027145817631290168
488 0.0027145817631290168
489 0.0027145817631290168
490 0.0027145817631290168
491 0.0027145817631290168
492 0.0027145817631290168
493 0.0027145817631290168
494 0.0027145817631290168
495 0.0027145817631290168
496 0.0027145817631290168
497 0.0027145817631290168
498 0.0027145817631290168
499 0.0027145817631290168
500 0.0027145817631290168
501 0.0027145817631290168
502 0.0027145817631290168
503 0.0027145817631290168
504 0.0027145817631290168
505 0.0027145817631290168
506 0.0027145817631290168
507 0.0027145817631290168
508 0.0027145817631290168
509 0.0027145817631290168
510 0.0027145817631290168
511 0.0027145817631290168
512 0.0027145817631290168
513 0.0027145817631290168
514 0.0027145817631290168
515 0.0027145817631290168
516 0.0027145817631290168
517 0.0027145817631290168
518 0.0027145817631290168
519 0.0027145817631290168
520 0.0027145817631290168
521 0.0027145817631290168
522 0.0027145817631290168
523 0.0027145817631290168
524 0.0027145817631290168
525 0.0027145817631290168
526 0.0027145817631290168
527 0.0027145817631290168
528 0.0027145817631290168
529 0.0027145817631290168
530 0.0027145817631290168
531 0.0027145817631290168
532 0.0027145817631290168
533 0.0027145817631290168
534 0.0027145817631290168
535 0.0027145817631290168
536 0.0027145817631290168
537 0.0027145817631290168
538 0.0027145817631290168
539 0.0027145817631290168
540 0.0027145817631290168
541 0.0027145817631290168
542 0.0027145817631290168
543 0.0027145817631290168
544 0.0027145817631290168
545 0.0027145817631290168
546 0.0027145817631290168
547 0.0027145817631290168
548 0.0027145817631290168
549 0.0027145817631290168
550 0.0027145817631290168
551 0.0027145817631290168
552 0.0027145817631290168
553 0.0027145817631290168
554 0.0027145817631290168
555 0.0027145817631290168
556 0.0027145817631290168
557 0.0027145817631290168
558 0.0027145817631290168
559 0.0027145817631290168
560 0.0027145817631290168
561 0.0027145817631290168
562 0.0027145817631290168
563 0.0027145817631290168
564 0.0027145817631290168
565 0.0027145817631290168
566 0.0027145817631290168
567 0.0027145817631290168
568 0.0027145817631290168
569 0.0027145817631290168
570 0.0027145817631290168
571 0.0027145817631290168
572 0.0021716654105031832
573 0.0027145817631290168
574 0.0027145817631290168
575 0.0027145817631290168
576 0.0027145817631290168
577 0.0027145817631290168
578 0.0027145817631290168
579 0.0027145817631290168
580 0.0027145817631290168
581 0.0027145817631290168
582 0.0027145817631290168
583 0.0027145817631290168
584 0.0027145817631290168
585 0.0027145817631290168
586 0.0027145817631290168
587 0.0027145817631290168
588 0.0027145817631290168
589 0.0027145817631290168
590 0.0021716654105031832
591 0.0021716654105031832
592 0.0021716654105031832
593 0.0027145817631290168
594 0.0027145817631290168
595 0.0021716654105031832
596 0.0021716654105031832
597 0.0027145817631290168
598 0.0027145817631290168
599 0.0021716654105031832
600 0.0021716654105031832
601 0.0021716654105031832
602 0.0021716654105031832
603 0.0027145817631290168
604 0.0027145817631290168
605 0.0027145817631290168
606 0.0027145817631290168
607 0.0021716654105031832
608 0.0021716654105031832
609 0.0021716654105031832
610 0.0021716654105031832
611 0.0021716654105031832
612 0.0021716654105031832
613 0.0021716654105031832
614 0.0021716654105031832
615 0.0021716654105031832
616 0.0021716654105031832
617 0.0021716654105031832
618 0.0021716654105031832
619 0.0021716654105031832
620 0.0021716654105031832
621 0.0021716654105031832
622 0.0021716654105031832
623 0.0021716654105031832
624 0.0021716654105031832
625 0.0021716654105031832
626 0.0021716654105031832
627 0.0021716654105031832
628 0.0021716654105031832
629 0.0021716654105031832
630 0.0021716654105031832
631 0.0021716654105031832
632 0.0021716654105031832
633 0.0021716654105031832
634 0.0021716654105031832
635 0.0021716654105031832
636 0.0021716654105031832
637 0.0021716654105031832
638 0.0021716654105031832
639 0.0021716654105031832
640 0.0021716654105031832
641 0.0021716654105031832
642 0.0021716654105031832
643 0.0021716654105031832
644 0.0021716654105031832
645 0.0021716654105031832
646 0.0021716654105031832
647 0.0016287490578773501
648 0.0016287490578773501
649 0.0016287490578773501
650 0.0021716654105031832
651 0.0016287490578773501
652 0.0021716654105031832
653 0.0021716654105031832
654 0.0021716654105031832
655 0.0021716654105031832
656 0.0021716654105031832
657 0.0021716654105031832
658 0.0021716654105031832
659 0.0021716654105031832
660 0.0021716654105031832
661 0.0021716654105031832
662 0.0021716654105031832
663 0.0016287490578773501
664 0.0016287490578773501
665 0.0016287490578773501
666 0.0016287490578773501
667 0.0021716654105031832
668 0.0021716654105031832
669 0.0021716654105031832
670 0.0021716654105031832
671 0.0016287490578773501
672 0.0016287490578773501
673 0.0016287490578773501
674 0.0016287490578773501
675 0.0016287490578773501
676 0.0016287490578773501
677 0.0016287490578773501
678 0.0016287490578773501
679 0.0016287490578773501
680 0.0016287490578773501
681 0.0016287490578773501
682 0.0016287490578773501
683 0.0016287490578773501
684 0.0016287490578773501
685 0.0016287490578773501
686 0.0016287490578773501
687 0.0016287490578773501
688 0.0016287490578773501
689 0.0016287490578773501
690 0.0016287490578773501
691 0.0016287490578773501
692 0.0016287490578773501
693 0.0016287490578773501
694 0.0016287490578773501
695 0.0016287490578773501
696 0.0016287490578773501
697 0.0016287490578773501
698 0.0016287490578773501
699 0.0016287490578773501
700 0.0016287490578773501
701 0.0016287490578773501
702 0.0016287490578773501
703 0.0016287490578773501
704 0.0016287490578773501
705 0.0016287490578773501
706 0.0016287490578773501
707 0.0016287490578773501
708 0.0016287490578773501
709 0.0016287490578773501
710 0.0016287490578773501
711 0.0016287490578773501
712 0.0016287490578773501
713 0.0016287490578773501
714 0.0016287490578773501
715 0.0016287490578773501
716 0.0016287490578773501
717 0.0016287490578773501
718 0.0016287490578773501
719 0.0016287490578773501
720 0.0016287490578773501
721 0.0016287490578773501
722 0.0016287490578773501
723 0.0016287490578773501
724 0.0021716654105031832
725 0.0021716654105031832
726 0.0016287490578773501
727 0.0016287490578773501
728 0.0016287490578773501
729 0.0016287490578773501
730 0.0016287490578773501
731 0.0016287490578773501
732 0.0016287490578773501
733 0.0016287490578773501
734 0.0016287490578773501
735 0.0016287490578773501
736 0.0016287490578773501
737 0.0016287490578773501
738 0.0016287490578773501
739 0.0016287490578773501
740 0.0016287490578773501
741 0.0016287490578773501
742 0.0016287490578773501
743 0.0016287490578773501
744 0.0016287490578773501
745 0.0016287490578773501
746 0.0016287490578773501
747 0.0016287490578773501
748 0.0016287490578773501
749 0.0016287490578773501
750 0.0016287490578773501
751 0.0016287490578773501
752 0.0016287490578773501
753 0.0016287490578773501
754 0.0016287490578773501
755 0.0016287490578773501
756 0.0016287490578773501
757 0.0016287490578773501
758 0.0016287490578773501
759 0.0016287490578773501
760 0.0016287490578773501
761 0.0016287490578773501
762 0.0016287490578773501
763 0.0016287490578773501
764 0.0016287490578773501
765 0.0016287490578773501
766 0.0016287490578773501
767 0.0016287490578773501
768 0.0016287490578773501
769 0.0016287490578773501
770 0.0016287490578773501
771 0.0016287490578773501
772 0.0016287490578773501
773 0.0016287490578773501
774 0.0016287490578773501
775 0.0016287490578773501
776 0.0016287490578773501
777 0.0016287490578773501
778 0.0016287490578773501
779 0.0016287490578773501
780 0.0016287490578773501
781 0.0016287490578773501
782 0.0016287490578773501
783 0.0016287490578773501
784 0.0016287490578773501
785 0.0016287490578773501
786 0.0016287490578773501
787 0.0016287490578773501
788 0.0016287490578773501
789 0.0016287490578773501
790 0.0016287490578773501
791 0.0016287490578773501
792 0.0016287490578773501
793 0.0016287490578773501
794 0.0016287490578773501
795 0.0016287490578773501
796 0.0016287490578773501
797 0.0016287490578773501
798 0.0016287490578773501
799 0.0016287490578773501
800 0.0016287490578773501
801 0.0016287490578773501
802 0.0016287490578773501
803 0.0016287490578773501
804 0.0016287490578773501
805 0.0016287490578773501
806 0.0016287490578773501
807 0.0016287490578773501
808 0.0016287490578773501
809 0.0016287490578773501
810 0.0016287490578773501
811 0.0016287490578773501
812 0.0016287490578773501
813 0.0016287490578773501
814 0.0016287490578773501
815 0.0016287490578773501
816 0.0016287490578773501
817 0.0016287490578773501
818 0.0016287490578773501
819 0.0016287490578773501
820 0.0016287490578773501
821 0.0016287490578773501
822 0.0016287490578773501
823 0.0016287490578773501
824 0.0016287490578773501
825 0.0016287490578773501
826 0.0016287490578773501
827 0.0016287490578773501
828 0.0016287490578773501
829 0.0016287490578773501
830 0.0016287490578773501
831 0.0016287490578773501
832 0.0016287490578773501
833 0.0016287490578773501
834 0.0016287490578773501
835 0.0016287490578773501
836 0.0016287490578773501
837 0.0016287490578773501
838 0.0016287490578773501
839 0.0016287490578773501
840 0.0016287490578773501
841 0.0016287490578773501
842 0.0016287490578773501
843 0.0016287490578773501
844 0.0016287490578773501
845 0.0016287490578773501
846 0.0016287490578773501
847 0.0016287490578773501
848 0.0016287490578773501
849 0.0016287490578773501
850 0.0016287490578773501
851 0.0016287490578773501
852 0.0016287490578773501
853 0.0016287490578773501
854 0.0016287490578773501
855 0.0016287490578773501
856 0.0016287490578773501
857 0.0016287490578773501
858 0.0016287490578773501
859 0.0016287490578773501
860 0.0016287490578773501
861 0.0016287490578773501
862 0.0016287490578773501
863 0.0016287490578773501
864 0.0016287490578773501
865 0.0016287490578773501
866 0.0016287490578773501
867 0.0016287490578773501
868 0.0016287490578773501
869 0.0016287490578773501
870 0.0016287490578773501
871 0.0016287490578773501
872 0.0016287490578773501
873 0.0016287490578773501
874 0.0016287490578773501
875 0.0016287490578773501
876 0.0016287490578773501
877 0.0016287490578773501
878 0.0016287490578773501
879 0.0016287490578773501
880 0.0016287490578773501
881 0.0016287490578773501
882 0.0016287490578773501
883 0.0016287490578773501
884 0.0016287490578773501
885 0.0016287490578773501
886 0.0016287490578773501
887 0.0016287490578773501
888 0.0016287490578773501
889 0.0016287490578773501
890 0.0016287490578773501
891 0.0016287490578773501
892 0.0016287490578773501
893 0.0016287490578773501
894 0.0016287490578773501
895 0.0016287490578773501
896 0.0016287490578773501
897 0.0016287490578773501
898 0.0016287490578773501
899 0.0016287490578773501
900 0.0016287490578773501
901 0.0016287490578773501
902 0.0016287490578773501
903 0.0016287490578773501
904 0.0016287490578773501
905 0.0016287490578773501
906 0.0016287490578773501
907 0.0016287490578773501
908 0.0016287490578773501
909 0.0016287490578773501
910 0.0016287490578773501
911 0.0016287490578773501
912 0.0016287490578773501
913 0.0016287490578773501
914 0.0016287490578773501
915 0.0016287490578773501
916 0.0016287490578773501
917 0.0016287490578773501
918 0.0016287490578773501
919 0.0016287490578773501
920 0.0016287490578773501
921 0.0016287490578773501
922 0.0016287490578773501
923 0.0016287490578773501
924 0.0016287490578773501
925 0.0016287490578773501
926 0.0016287490578773501
927 0.0016287490578773501
928 0.0016287490578773501
929 0.0016287490578773501
930 0.0016287490578773501
931 0.0016287490578773501
932 0.0016287490578773501
933 0.0016287490578773501
934 0.0016287490578773501
935 0.0016287490578773501
936 0.0016287490578773501
937 0.0016287490578773501
938 0.0016287490578773501
939 0.0016287490578773501
940 0.0016287490578773501
941 0.0016287490578773501
942 0.0016287490578773501
943 0.0016287490578773501
944 0.0016287490578773501
945 0.0016287490578773501
946 0.0016287490578773501
947 0.0016287490578773501
948 0.0016287490578773501
949 0.0016287490578773501
950 0.0016287490578773501
951 0.0016287490578773501
952 0.0016287490578773501
953 0.0016287490578773501
954 0.0016287490578773501
955 0.0016287490578773501
956 0.0016287490578773501
957 0.0016287490578773501
958 0.0016287490578773501
959 0.0016287490578773501
960 0.0016287490578773501
961 0.0016287490578773501
962 0.0016287490578773501
963 0.0016287490578773501
964 0.0016287490578773501
965 0.0016287490578773501
966 0.0016287490578773501
967 0.0016287490578773501
968 0.0016287490578773501
969 0.0016287490578773501
970 0.0016287490578773501
971 0.0016287490578773501
972 0.0016287490578773501
973 0.0016287490578773501
974 0.0016287490578773501
975 0.0016287490578773501
976 0.0016287490578773501
977 0.0016287490578773501
978 0.0016287490578773501
979 0.0016287490578773501
980 0.0016287490578773501
981 0.0016287490578773501
982 0.0016287490578773501
983 0.0016287490578773501
984 0.0016287490578773501
985 0.0016287490578773501
986 0.0016287490578773501
987 0.0016287490578773501
988 0.0016287490578773501
989 0.0016287490578773501
990 0.0016287490578773501
991 0.0016287490578773501
992 0.0016287490578773501
993 0.0016287490578773501
994 0.0016287490578773501
995 0.0016287490578773501
996 0.0016287490578773501
997 0.0016287490578773501
998 0.0016287490578773501
999 0.0016287490578773501
1000 0.0016287490578773501
1001 0.0016287490578773501
1002 0.0016287490578773501
1003 0.0016287490578773501
1004 0.0016287490578773501
1005 0.0016287490578773501
1006 0.0016287490578773501
1007 0.0016287490578773501
1008 0.0016287490578773501
1009 0.0016287490578773501
1010 0.0016287490578773501
1011 0.0016287490578773501
1012 0.0016287490578773501
1013 0.0016287490578773501
1014 0.0016287490578773501
1015 0.0016287490578773501
1016 0.0016287490578773501
1017 0.0016287490578773501
1018 0.0016287490578773501
1019 0.0016287490578773501
1020 0.0016287490578773501
1021 0.0016287490578773501
1022 0.0016287490578773501
1023 0.0016287490578773501
1024 0.0016287490578773501
1025 0.0016287490578773501
1026 0.0016287490578773501
1027 0.0016287490578773501
1028 0.0016287490578773501
1029 0.0016287490578773501
1030 0.0016287490578773501
1031 0.0016287490578773501
1032 0.0016287490578773501
1033 0.0016287490578773501
1034 0.0016287490578773501
1035 0.0016287490578773501
1036 0.0016287490578773501
1037 0.0016287490578773501
1038 0.0016287490578773501
1039 0.0016287490578773501
1040 0.0016287490578773501
1041 0.0016287490578773501
1042 0.0016287490578773501
1043 0.0016287490578773501
1044 0.0016287490578773501
1045 0.0016287490578773501
1046 0.0016287490578773501
1047 0.0016287490578773501
1048 0.0016287490578773501
1049 0.0016287490578773501
1050 0.0016287490578773501
1051 0.0016287490578773501
1052 0.0016287490578773501
1053 0.0016287490578773501
1054 0.0016287490578773501
1055 0.0016287490578773501
1056 0.0016287490578773501
1057 0.0016287490578773501
1058 0.0016287490578773501
1059 0.0016287490578773501
1060 0.0016287490578773501
1061 0.0016287490578773501
1062 0.0016287490578773501
1063 0.0016287490578773501
1064 0.0021716654105031832
1065 0.0016287490578773501
1066 0.0021716654105031832
1067 0.0016287490578773501
1068 0.0021716654105031832
1069 0.0016287490578773501
1070 0.0016287490578773501
1071 0.0021716654105031832
1072 0.0021716654105031832
1073 0.0021716654105031832
1074 0.0021716654105031832
1075 0.0021716654105031832
1076 0.0021716654105031832
1077 0.0021716654105031832
1078 0.0021716654105031832
1079 0.0016287490578773501
1080 0.0016287490578773501
1081 0.0016287490578773501
1082 0.0016287490578773501
1083 0.0016287490578773501
1084 0.0016287490578773501
1085 0.0016287490578773501
1086 0.0016287490578773501
1087 0.0016287490578773501
1088 0.0016287490578773501
1089 0.0016287490578773501
1090 0.0016287490578773501
1091 0.0016287490578773501
1092 0.0016287490578773501
1093 0.0016287490578773501
1094 0.0016287490578773501
1095 0.0016287490578773501
1096 0.0016287490578773501
1097 0.0016287490578773501
1098 0.0016287490578773501
1099 0.0016287490578773501
1100 0.0016287490578773501
1101 0.0016287490578773501
1102 0.0016287490578773501
1103 0.0016287490578773501
1104 0.0016287490578773501
1105 0.0016287490578773501
1106 0.0016287490578773501
1107 0.0016287490578773501
1108 0.0016287490578773501
1109 0.0016287490578773501
1110 0.0016287490578773501
1111 0.0016287490578773501
1112 0.0016287490578773501
1113 0.0016287490578773501
1114 0.0016287490578773501
1115 0.0016287490578773501
1116 0.0016287490578773501
1117 0.0016287490578773501
1118 0.0016287490578773501
1119 0.0016287490578773501
1120 0.0016287490578773501
1121 0.0016287490578773501
1122 0.0016287490578773501
1123 0.0016287490578773501
1124 0.0016287490578773501
1125 0.0016287490578773501
1126 0.0016287490578773501
1127 0.0016287490578773501
1128 0.0016287490578773501
1129 0.0016287490578773501
1130 0.0016287490578773501
1131 0.0016287490578773501
1132 0.0016287490578773501
1133 0.0016287490578773501
1134 0.0016287490578773501
1135 0.0016287490578773501
1136 0.0016287490578773501
1137 0.0016287490578773501
1138 0.0016287490578773501
1139 0.0016287490578773501
1140 0.0016287490578773501
1141 0.0016287490578773501
1142 0.0016287490578773501
1143 0.0016287490578773501
1144 0.0016287490578773501
1145 0.0016287490578773501
1146 0.0016287490578773501
1147 0.0016287490578773501
1148 0.0016287490578773501
1149 0.0016287490578773501
1150 0.0016287490578773501
1151 0.0016287490578773501
1152 0.0016287490578773501
1153 0.0016287490578773501
1154 0.0016287490578773501
1155 0.0016287490578773501
1156 0.0016287490578773501
1157 0.0016287490578773501
1158 0.0016287490578773501
1159 0.0016287490578773501
1160 0.0016287490578773501
1161 0.0016287490578773501
1162 0.0016287490578773501
1163 0.0016287490578773501
1164 0.0016287490578773501
1165 0.0016287490578773501
1166 0.0016287490578773501
1167 0.0016287490578773501
1168 0.0016287490578773501
1169 0.0016287490578773501
1170 0.0016287490578773501
1171 0.0016287490578773501
1172 0.0016287490578773501
1173 0.0016287490578773501
1174 0.0016287490578773501
1175 0.0016287490578773501
1176 0.0016287490578773501
1177 0.0016287490578773501
1178 0.0016287490578773501
1179 0.0016287490578773501
1180 0.0016287490578773501
1181 0.0016287490578773501
1182 0.0016287490578773501
1183 0.0016287490578773501
1184 0.0016287490578773501
1185 0.0016287490578773501
1186 0.0016287490578773501
1187 0.0016287490578773501
1188 0.0016287490578773501
1189 0.0016287490578773501
1190 0.0016287490578773501
1191 0.0016287490578773501
1192 0.0016287490578773501
1193 0.0016287490578773501
1194 0.0016287490578773501
1195 0.0016287490578773501
1196 0.0016287490578773501
1197 0.0016287490578773501
1198 0.0016287490578773501
1199 0.0016287490578773501
1200 0.0016287490578773501
1201 0.0016287490578773501
1202 0.0016287490578773501
1203 0.0016287490578773501
1204 0.0016287490578773501
1205 0.0016287490578773501
1206 0.0016287490578773501
1207 0.0016287490578773501
1208 0.0016287490578773501
1209 0.0016287490578773501
1210 0.0016287490578773501
1211 0.0016287490578773501
1212 0.0016287490578773501
1213 0.0016287490578773501
1214 0.0016287490578773501
1215 0.0016287490578773501
1216 0.0016287490578773501
1217 0.0016287490578773501
1218 0.0016287490578773501
1219 0.0016287490578773501
1220 0.0016287490578773501
1221 0.0016287490578773501
1222 0.0016287490578773501
1223 0.0016287490578773501
1224 0.0016287490578773501
1225 0.0016287490578773501
1226 0.0016287490578773501
1227 0.0016287490578773501
1228 0.0016287490578773501
1229 0.0016287490578773501
1230 0.0016287490578773501
1231 0.0016287490578773501
1232 0.0016287490578773501
1233 0.0016287490578773501
1234 0.0016287490578773501
1235 0.0016287490578773501
1236 0.0016287490578773501
1237 0.0016287490578773501
1238 0.0016287490578773501
1239 0.0016287490578773501
1240 0.0016287490578773501
1241 0.0016287490578773501
1242 0.0016287490578773501
1243 0.0016287490578773501
1244 0.0016287490578773501
1245 0.0016287490578773501
1246 0.0016287490578773501
1247 0.0016287490578773501
1248 0.0016287490578773501
1249 0.0016287490578773501
1250 0.0016287490578773501
1251 0.0016287490578773501
1252 0.0016287490578773501
1253 0.0016287490578773501
1254 0.0016287490578773501
1255 0.0016287490578773501
1256 0.0016287490578773501
1257 0.0016287490578773501
1258 0.0016287490578773501
1259 0.0016287490578773501
1260 0.0016287490578773501
1261 0.0016287490578773501
1262 0.0016287490578773501
1263 0.0016287490578773501
1264 0.0016287490578773501
1265 0.0016287490578773501
1266 0.0016287490578773501
1267 0.0016287490578773501
1268 0.0016287490578773501
1269 0.0016287490578773501
1270 0.0016287490578773501
1271 0.0016287490578773501
1272 0.0016287490578773501
1273 0.0016287490578773501
1274 0.0016287490578773501
1275 0.0016287490578773501
1276 0.0016287490578773501
1277 0.0016287490578773501
1278 0.0016287490578773501
1279 0.0016287490578773501
1280 0.0016287490578773501
1281 0.0016287490578773501
1282 0.0016287490578773501
1283 0.0016287490578773501
1284 0.0016287490578773501
1285 0.0016287490578773501
1286 0.0016287490578773501
1287 0.0016287490578773501
1288 0.0016287490578773501
1289 0.0016287490578773501
1290 0.0016287490578773501
1291 0.0016287490578773501
1292 0.0016287490578773501
1293 0.0016287490578773501
1294 0.0016287490578773501
1295 0.0016287490578773501
1296 0.0016287490578773501
1297 0.0016287490578773501
1298 0.0016287490578773501
1299 0.0016287490578773501
1300 0.0016287490578773501
1301 0.0016287490578773501
1302 0.0016287490578773501
1303 0.0016287490578773501
1304 0.0016287490578773501
1305 0.0016287490578773501
1306 0.0016287490578773501
1307 0.0016287490578773501
1308 0.0016287490578773501
1309 0.0016287490578773501
1310 0.0016287490578773501
1311 0.0016287490578773501
1312 0.0016287490578773501
1313 0.0016287490578773501
1314 0.0016287490578773501
1315 0.0016287490578773501
1316 0.0016287490578773501
1317 0.0016287490578773501
1318 0.0016287490578773501
1319 0.0016287490578773501
1320 0.0016287490578773501
1321 0.0016287490578773501
1322 0.0016287490578773501
1323 0.0016287490578773501
1324 0.0016287490578773501
1325 0.0016287490578773501
1326 0.0016287490578773501
1327 0.0016287490578773501
1328 0.0016287490578773501
1329 0.0016287490578773501
1330 0.0016287490578773501
1331 0.0016287490578773501
1332 0.0016287490578773501
1333 0.0016287490578773501
1334 0.0016287490578773501
1335 0.0016287490578773501
1336 0.0016287490578773501
1337 0.0016287490578773501
1338 0.0016287490578773501
1339 0.0016287490578773501
1340 0.0016287490578773501
1341 0.0016287490578773501
1342 0.0016287490578773501
1343 0.0016287490578773501
1344 0.0016287490578773501
1345 0.0016287490578773501
1346 0.0016287490578773501
1347 0.0016287490578773501
1348 0.0016287490578773501
1349 0.0016287490578773501
1350 0.0016287490578773501
1351 0.0016287490578773501
1352 0.0016287490578773501
1353 0.0016287490578773501
1354 0.0016287490578773501
1355 0.0016287490578773501
1356 0.0016287490578773501
1357 0.0016287490578773501
1358 0.0016287490578773501
1359 0.0016287490578773501
1360 0.0016287490578773501
1361 0.0016287490578773501
1362 0.0016287490578773501
1363 0.0016287490578773501
1364 0.0016287490578773501
1365 0.0016287490578773501
1366 0.0016287490578773501
1367 0.0016287490578773501
1368 0.0016287490578773501
1369 0.0016287490578773501
1370 0.0016287490578773501
1371 0.0016287490578773501
1372 0.0016287490578773501
1373 0.0016287490578773501
1374 0.0016287490578773501
1375 0.0016287490578773501
1376 0.0016287490578773501
1377 0.0016287490578773501
1378 0.0016287490578773501
1379 0.0016287490578773501
1380 0.0016287490578773501
1381 0.0016287490578773501
1382 0.0016287490578773501
1383 0.0016287490578773501
1384 0.0016287490578773501
1385 0.0016287490578773501
1386 0.0016287490578773501
1387 0.0016287490578773501
1388 0.0016287490578773501
1389 0.0016287490578773501
1390 0.0016287490578773501
1391 0.0016287490578773501
1392 0.0016287490578773501
1393 0.0016287490578773501
1394 0.0016287490578773501
1395 0.0016287490578773501
1396 0.0016287490578773501
1397 0.0016287490578773501
1398 0.0016287490578773501
1399 0.0016287490578773501
1400 0.0016287490578773501
1401 0.0016287490578773501
1402 0.0016287490578773501
1403 0.0016287490578773501
1404 0.0016287490578773501
1405 0.0016287490578773501
1406 0.0016287490578773501
1407 0.0016287490578773501
1408 0.0016287490578773501
1409 0.0016287490578773501
1410 0.0016287490578773501
1411 0.0016287490578773501
1412 0.0016287490578773501
1413 0.0016287490578773501
1414 0.0016287490578773501
1415 0.0016287490578773501
1416 0.0016287490578773501
1417 0.0016287490578773501
1418 0.0016287490578773501
1419 0.0016287490578773501
1420 0.0016287490578773501
1421 0.0016287490578773501
1422 0.0016287490578773501
1423 0.0016287490578773501
1424 0.0016287490578773501
1425 0.0016287490578773501
1426 0.0016287490578773501
1427 0.0016287490578773501
1428 0.0016287490578773501
1429 0.0016287490578773501
1430 0.0016287490578773501
1431 0.0016287490578773501
1432 0.0016287490578773501
1433 0.0016287490578773501
1434 0.0016287490578773501
1435 0.0016287490578773501
1436 0.0016287490578773501
1437 0.0016287490578773501
1438 0.0016287490578773501
1439 0.0016287490578773501
1440 0.0016287490578773501
1441 0.0016287490578773501
1442 0.0016287490578773501
1443 0.0016287490578773501
1444 0.0016287490578773501
1445 0.0016287490578773501
1446 0.0016287490578773501
1447 0.0016287490578773501
1448 0.0016287490578773501
1449 0.0016287490578773501
1450 0.0016287490578773501
1451 0.0016287490578773501
1452 0.0016287490578773501
1453 0.0016287490578773501
1454 0.0016287490578773501
1455 0.0016287490578773501
1456 0.0016287490578773501
1457 0.0016287490578773501
1458 0.0016287490578773501
1459 0.0016287490578773501
1460 0.0016287490578773501
1461 0.0016287490578773501
1462 0.0016287490578773501
1463 0.0016287490578773501
1464 0.0016287490578773501
1465 0.0016287490578773501
1466 0.0016287490578773501
1467 0.0016287490578773501
1468 0.0016287490578773501
1469 0.0016287490578773501
1470 0.0016287490578773501
1471 0.0016287490578773501
1472 0.0016287490578773501
1473 0.0016287490578773501
1474 0.0016287490578773501
1475 0.0016287490578773501
1476 0.0016287490578773501
1477 0.0016287490578773501
1478 0.0016287490578773501
1479 0.0016287490578773501
1480 0.0016287490578773501
1481 0.0016287490578773501
1482 0.0016287490578773501
1483 0.0016287490578773501
1484 0.0016287490578773501
1485 0.0016287490578773501
1486 0.0016287490578773501
1487 0.0016287490578773501
1488 0.0016287490578773501
1489 0.0016287490578773501
1490 0.0016287490578773501
1491 0.0016287490578773501
1492 0.0016287490578773501
1493 0.0016287490578773501
1494 0.0016287490578773501
1495 0.0016287490578773501
1496 0.0016287490578773501
1497 0.0016287490578773501
1498 0.0016287490578773501
1499 0.0016287490578773501
1500 0.0016287490578773501
1501 0.0016287490578773501
1502 0.0016287490578773501
1503 0.0016287490578773501
1504 0.0016287490578773501
1505 0.0016287490578773501
1506 0.0016287490578773501
1507 0.0016287490578773501
1508 0.0016287490578773501
1509 0.0016287490578773501
1510 0.0016287490578773501
1511 0.0016287490578773501
1512 0.0016287490578773501
1513 0.0016287490578773501
1514 0.0016287490578773501
1515 0.0016287490578773501
1516 0.0016287490578773501
1517 0.0016287490578773501
1518 0.0016287490578773501
1519 0.0016287490578773501
1520 0.0016287490578773501
1521 0.0016287490578773501
1522 0.0016287490578773501
1523 0.0016287490578773501
1524 0.0016287490578773501
1525 0.0016287490578773501
1526 0.0016287490578773501
1527 0.0016287490578773501
1528 0.0016287490578773501
1529 0.0016287490578773501
1530 0.0016287490578773501
1531 0.0016287490578773501
1532 0.0016287490578773501
1533 0.0016287490578773501
1534 0.0016287490578773501
1535 0.0016287490578773501
1536 0.0016287490578773501
1537 0.0016287490578773501
1538 0.0016287490578773501
1539 0.0016287490578773501
1540 0.0016287490578773501
1541 0.0016287490578773501
1542 0.0016287490578773501
1543 0.0016287490578773501
1544 0.0016287490578773501
1545 0.0016287490578773501
1546 0.0016287490578773501
1547 0.0016287490578773501
1548 0.0016287490578773501
1549 0.0016287490578773501
1550 0.0016287490578773501
1551 0.0016287490578773501
1552 0.0016287490578773501
1553 0.0016287490578773501
1554 0.0016287490578773501
1555 0.0016287490578773501
1556 0.0016287490578773501
1557 0.0016287490578773501
1558 0.0016287490578773501
1559 0.0016287490578773501
1560 0.0016287490578773501
1561 0.0016287490578773501
1562 0.0016287490578773501
1563 0.0016287490578773501
1564 0.0016287490578773501
1565 0.0016287490578773501
1566 0.0016287490578773501
1567 0.0016287490578773501
1568 0.0016287490578773501
1569 0.0016287490578773501
1570 0.0016287490578773501
1571 0.0016287490578773501
1572 0.0016287490578773501
1573 0.0016287490578773501
1574 0.0016287490578773501
1575 0.0016287490578773501
1576 0.0016287490578773501
1577 0.0016287490578773501
1578 0.0016287490578773501
1579 0.0016287490578773501
1580 0.0016287490578773501
1581 0.0016287490578773501
1582 0.0016287490578773501
1583 0.0016287490578773501
1584 0.0016287490578773501
1585 0.0016287490578773501
1586 0.0016287490578773501
1587 0.0016287490578773501
1588 0.0016287490578773501
1589 0.0016287490578773501
1590 0.0016287490578773501
1591 0.0016287490578773501
1592 0.0016287490578773501
1593 0.0016287490578773501
1594 0.0016287490578773501
1595 0.0016287490578773501
1596 0.0016287490578773501
1597 0.0016287490578773501
1598 0.0016287490578773501
1599 0.0016287490578773501
1600 0.0016287490578773501
1601 0.0016287490578773501
1602 0.0016287490578773501
1603 0.0016287490578773501
1604 0.0016287490578773501
1605 0.0016287490578773501
1606 0.0016287490578773501
1607 0.0016287490578773501
1608 0.0016287490578773501
1609 0.0016287490578773501
1610 0.0016287490578773501
1611 0.0016287490578773501
1612 0.0016287490578773501
1613 0.0016287490578773501
1614 0.0016287490578773501
1615 0.0016287490578773501
1616 0.0016287490578773501
1617 0.0016287490578773501
1618 0.0016287490578773501
1619 0.0016287490578773501
1620 0.0016287490578773501
1621 0.0016287490578773501
1622 0.0016287490578773501
1623 0.0016287490578773501
1624 0.0016287490578773501
1625 0.0016287490578773501
1626 0.0016287490578773501
1627 0.0016287490578773501
1628 0.0016287490578773501
1629 0.0016287490578773501
1630 0.0016287490578773501
1631 0.0016287490578773501
1632 0.0016287490578773501
1633 0.0016287490578773501
1634 0.0016287490578773501
1635 0.0016287490578773501
1636 0.0016287490578773501
1637 0.0016287490578773501
1638 0.0016287490578773501
1639 0.0016287490578773501
1640 0.0016287490578773501
1641 0.0016287490578773501
1642 0.0016287490578773501
1643 0.0016287490578773501
1644 0.0016287490578773501
1645 0.0016287490578773501
1646 0.0016287490578773501
1647 0.0016287490578773501
1648 0.0016287490578773501
1649 0.0016287490578773501
1650 0.0016287490578773501
1651 0.0016287490578773501
1652 0.0016287490578773501
1653 0.0016287490578773501
1654 0.0016287490578773501
1655 0.0016287490578773501
1656 0.0016287490578773501
1657 0.0016287490578773501
1658 0.0016287490578773501
1659 0.0016287490578773501
1660 0.0016287490578773501
1661 0.0016287490578773501
1662 0.0016287490578773501
1663 0.0016287490578773501
1664 0.0016287490578773501
1665 0.0016287490578773501
1666 0.0016287490578773501
1667 0.0016287490578773501
1668 0.0016287490578773501
1669 0.0016287490578773501
1670 0.0016287490578773501
1671 0.0016287490578773501
1672 0.0016287490578773501
1673 0.0016287490578773501
1674 0.0016287490578773501
1675 0.0016287490578773501
1676 0.0016287490578773501
1677 0.0016287490578773501
1678 0.0016287490578773501
1679 0.0016287490578773501
1680 0.0016287490578773501
1681 0.0016287490578773501
1682 0.0016287490578773501
1683 0.0016287490578773501
1684 0.0016287490578773501
1685 0.0016287490578773501
1686 0.0016287490578773501
1687 0.0016287490578773501
1688 0.0016287490578773501
1689 0.0016287490578773501
1690 0.0016287490578773501
1691 0.0016287490578773501
1692 0.0016287490578773501
1693 0.0016287490578773501
1694 0.0016287490578773501
1695 0.0016287490578773501
1696 0.0016287490578773501
1697 0.0016287490578773501
1698 0.0016287490578773501
1699 0.0016287490578773501
1700 0.0016287490578773501
1701 0.0016287490578773501
1702 0.0016287490578773501
1703 0.0016287490578773501
1704 0.0016287490578773501
1705 0.0016287490578773501
1706 0.0016287490578773501
1707 0.0016287490578773501
1708 0.0016287490578773501
1709 0.0016287490578773501
1710 0.0016287490578773501
1711 0.0016287490578773501
1712 0.0016287490578773501
1713 0.0016287490578773501
1714 0.0016287490578773501
1715 0.0016287490578773501
1716 0.0016287490578773501
1717 0.0016287490578773501
1718 0.0016287490578773501
1719 0.0016287490578773501
1720 0.0016287490578773501
1721 0.0016287490578773501
1722 0.0016287490578773501
1723 0.0016287490578773501
1724 0.0016287490578773501
1725 0.0016287490578773501
1726 0.0016287490578773501
1727 0.0016287490578773501
1728 0.0016287490578773501
1729 0.0016287490578773501
1730 0.0016287490578773501
1731 0.0016287490578773501
1732 0.0016287490578773501
1733 0.0016287490578773501
1734 0.0016287490578773501
1735 0.0016287490578773501
1736 0.0016287490578773501
1737 0.0016287490578773501
1738 0.0016287490578773501
1739 0.0016287490578773501
1740 0.0016287490578773501
1741 0.0016287490578773501
1742 0.0016287490578773501
1743 0.0016287490578773501
1744 0.0016287490578773501
1745 0.0016287490578773501
1746 0.0016287490578773501
1747 0.0016287490578773501
1748 0.0016287490578773501
1749 0.0016287490578773501
1750 0.0016287490578773501
1751 0.0016287490578773501
1752 0.0016287490578773501
1753 0.0016287490578773501
1754 0.0016287490578773501
1755 0.0016287490578773501
1756 0.0016287490578773501
1757 0.0016287490578773501
1758 0.0016287490578773501
1759 0.0016287490578773501
1760 0.0016287490578773501
1761 0.0016287490578773501
1762 0.0016287490578773501
1763 0.0016287490578773501
1764 0.0016287490578773501
1765 0.0016287490578773501
1766 0.0016287490578773501
1767 0.0016287490578773501
1768 0.0016287490578773501
1769 0.0016287490578773501
1770 0.0016287490578773501
1771 0.0016287490578773501
1772 0.0016287490578773501
1773 0.0016287490578773501
1774 0.0016287490578773501
1775 0.0016287490578773501
1776 0.0016287490578773501
1777 0.0016287490578773501
1778 0.0016287490578773501
1779 0.0016287490578773501
1780 0.0016287490578773501
1781 0.0016287490578773501
1782 0.0016287490578773501
1783 0.0016287490578773501
1784 0.0016287490578773501
1785 0.0016287490578773501
1786 0.0016287490578773501
1787 0.0016287490578773501
1788 0.0016287490578773501
1789 0.0016287490578773501
1790 0.0016287490578773501
1791 0.0016287490578773501
1792 0.0016287490578773501
1793 0.0016287490578773501
1794 0.0016287490578773501
1795 0.0016287490578773501
1796 0.0016287490578773501
1797 0.0016287490578773501
1798 0.0016287490578773501
1799 0.0016287490578773501
1800 0.0016287490578773501
1801 0.0016287490578773501
1802 0.0016287490578773501
1803 0.0016287490578773501
1804 0.0016287490578773501
1805 0.0016287490578773501
1806 0.0016287490578773501
1807 0.0016287490578773501
1808 0.0016287490578773501
1809 0.0016287490578773501
1810 0.0016287490578773501
1811 0.0016287490578773501
1812 0.0016287490578773501
1813 0.0016287490578773501
1814 0.0016287490578773501
1815 0.0016287490578773501
1816 0.0016287490578773501
1817 0.0016287490578773501
1818 0.0016287490578773501
1819 0.0016287490578773501
1820 0.0016287490578773501
1821 0.0016287490578773501
1822 0.0016287490578773501
1823 0.0016287490578773501
1824 0.0016287490578773501
1825 0.0016287490578773501
1826 0.0016287490578773501
1827 0.0016287490578773501
1828 0.0016287490578773501
1829 0.0016287490578773501
1830 0.0016287490578773501
1831 0.0016287490578773501
1832 0.0016287490578773501
1833 0.0016287490578773501
1834 0.0016287490578773501
1835 0.0016287490578773501
1836 0.0016287490578773501
1837 0.0016287490578773501
1838 0.0016287490578773501
1839 0.0016287490578773501
1840 0.0016287490578773501
1841 0.0016287490578773501
1842 0.0016287490578773501
1843 0.0016287490578773501
1844 0.0016287490578773501
1845 0.0016287490578773501
1846 0.0016287490578773501
1847 0.0016287490578773501
1848 0.0016287490578773501
1849 0.0016287490578773501
1850 0.0016287490578773501
1851 0.0016287490578773501
1852 0.0016287490578773501
1853 0.0016287490578773501
1854 0.0016287490578773501
1855 0.0016287490578773501
1856 0.0016287490578773501
1857 0.0016287490578773501
1858 0.0016287490578773501
1859 0.0016287490578773501
1860 0.0016287490578773501
1861 0.0016287490578773501
1862 0.0016287490578773501
1863 0.0016287490578773501
1864 0.0016287490578773501
1865 0.0016287490578773501
1866 0.0016287490578773501
1867 0.0016287490578773501
1868 0.0016287490578773501
1869 0.0016287490578773501
1870 0.0016287490578773501
1871 0.0016287490578773501
1872 0.0016287490578773501
1873 0.0016287490578773501
1874 0.0016287490578773501
1875 0.0016287490578773501
1876 0.0016287490578773501
1877 0.0016287490578773501
1878 0.0016287490578773501
1879 0.0016287490578773501
1880 0.0016287490578773501
1881 0.0016287490578773501
1882 0.0016287490578773501
1883 0.0016287490578773501
1884 0.0016287490578773501
1885 0.0016287490578773501
1886 0.0016287490578773501
1887 0.0016287490578773501
1888 0.0016287490578773501
1889 0.0016287490578773501
1890 0.0016287490578773501
1891 0.0016287490578773501
1892 0.0016287490578773501
1893 0.0016287490578773501
1894 0.0016287490578773501
1895 0.0016287490578773501
1896 0.0010858327052516664
1897 0.0010858327052516664
1898 0.0010858327052516664
1899 0.0010858327052516664
1900 0.0010858327052516664
1901 0.0010858327052516664
1902 0.0010858327052516664
1903 0.0010858327052516664
1904 0.0010858327052516664
1905 0.0010858327052516664
1906 0.0010858327052516664
1907 0.0010858327052516664
1908 0.0010858327052516664
1909 0.0010858327052516664
1910 0.0010858327052516664
1911 0.0010858327052516664
1912 0.0010858327052516664
1913 0.0010858327052516664
1914 0.0010858327052516664
1915 0.0010858327052516664
1916 0.0010858327052516664
1917 0.0010858327052516664
1918 0.0010858327052516664
1919 0.0010858327052516664
1920 0.0010858327052516664
1921 0.0010858327052516664
1922 0.0010858327052516664
1923 0.0010858327052516664
1924 0.0010858327052516664
1925 0.0010858327052516664
1926 0.0010858327052516664
1927 0.0010858327052516664
1928 0.0010858327052516664
1929 0.0010858327052516664
1930 0.0010858327052516664
1931 0.0010858327052516664
1932 0.0010858327052516664
1933 0.0010858327052516664
1934 0.0010858327052516664
1935 0.0010858327052516664
1936 0.0010858327052516664
1937 0.0016287490578773501
1938 0.0010858327052516664
1939 0.0010858327052516664
1940 0.0010858327052516664
1941 0.0010858327052516664
1942 0.0010858327052516664
1943 0.0010858327052516664
1944 0.0010858327052516664
1945 0.0010858327052516664
1946 0.0010858327052516664
1947 0.0010858327052516664
1948 0.0010858327052516664
1949 0.0010858327052516664
1950 0.0010858327052516664
1951 0.0010858327052516664
1952 0.0010858327052516664
1953 0.0010858327052516664
1954 0.0010858327052516664
1955 0.0010858327052516664
1956 0.0010858327052516664
1957 0.0010858327052516664
1958 0.0010858327052516664
1959 0.0010858327052516664
1960 0.0010858327052516664
1961 0.0010858327052516664
1962 0.0010858327052516664
1963 0.0010858327052516664
1964 0.0010858327052516664
1965 0.0010858327052516664
1966 0.0010858327052516664
1967 0.0010858327052516664
1968 0.0010858327052516664
1969 0.0010858327052516664
1970 0.0016287490578773501
1971 0.0016287490578773501
1972 0.0016287490578773501
1973 0.0016287490578773501
1974 0.0016287490578773501
1975 0.0016287490578773501
1976 0.0016287490578773501
1977 0.0016287490578773501
1978 0.0016287490578773501
1979 0.0016287490578773501
1980 0.0016287490578773501
1981 0.0016287490578773501
1982 0.0016287490578773501
1983 0.0016287490578773501
1984 0.0016287490578773501
1985 0.0016287490578773501
1986 0.0016287490578773501
1987 0.0016287490578773501
1988 0.0016287490578773501
1989 0.0016287490578773501
1990 0.0016287490578773501
1991 0.0016287490578773501
1992 0.0016287490578773501
1993 0.0016287490578773501
1994 0.0016287490578773501
1995 0.0016287490578773501
1996 0.0016287490578773501
1997 0.0016287490578773501
1998 0.0016287490578773501
1999 0.0016287490578773501
2000 0.0016287490578773501
2001 0.0016287490578773501
2002 0.0016287490578773501
2003 0.0016287490578773501
2004 0.0016287490578773501
2005 0.0016287490578773501
2006 0.0016287490578773501
2007 0.0016287490578773501
2008 0.0016287490578773501
2009 0.0016287490578773501
2010 0.0016287490578773501
2011 0.0016287490578773501
2012 0.0016287490578773501
2013 0.0016287490578773501
2014 0.0016287490578773501
2015 0.0016287490578773501
2016 0.0016287490578773501
2017 0.0016287490578773501
2018 0.0016287490578773501
2019 0.0016287490578773501
2020 0.0016287490578773501
2021 0.0016287490578773501
2022 0.0016287490578773501
2023 0.0016287490578773501
2024 0.0016287490578773501
2025 0.0016287490578773501
2026 0.0016287490578773501
2027 0.0016287490578773501
2028 0.0016287490578773501
2029 0.0016287490578773501
2030 0.0016287490578773501
2031 0.0016287490578773501
2032 0.0016287490578773501
2033 0.0016287490578773501
2034 0.0016287490578773501
2035 0.0016287490578773501
2036 0.0016287490578773501
2037 0.0016287490578773501
2038 0.0016287490578773501
2039 0.0016287490578773501
2040 0.0016287490578773501
2041 0.0016287490578773501
2042 0.0016287490578773501
2043 0.0016287490578773501
2044 0.0016287490578773501
2045 0.0016287490578773501
2046 0.0016287490578773501
2047 0.0016287490578773501
2048 0.0016287490578773501
2049 0.0016287490578773501
2050 0.0016287490578773501
2051 0.0016287490578773501
2052 0.0016287490578773501
2053 0.0016287490578773501
2054 0.0016287490578773501
2055 0.0016287490578773501
2056 0.0016287490578773501
2057 0.0016287490578773501
2058 0.0016287490578773501
2059 0.0016287490578773501
2060 0.0016287490578773501
2061 0.0016287490578773501
2062 0.0016287490578773501
2063 0.0016287490578773501
2064 0.0016287490578773501
2065 0.0016287490578773501
2066 0.0016287490578773501
2067 0.0016287490578773501
2068 0.0016287490578773501
2069 0.0016287490578773501
2070 0.0016287490578773501
2071 0.0016287490578773501
2072 0.0010858327052516664
2073 0.0010858327052516664
2074 0.0010858327052516664
2075 0.0010858327052516664
2076 0.0010858327052516664
2077 0.0010858327052516664
2078 0.0010858327052516664
2079 0.0010858327052516664
2080 0.0010858327052516664
2081 0.0010858327052516664
2082 0.0010858327052516664
2083 0.0010858327052516664
2084 0.0010858327052516664
2085 0.0010858327052516664
2086 0.0010858327052516664
2087 0.0010858327052516664
2088 0.0010858327052516664
2089 0.0010858327052516664
2090 0.0010858327052516664
2091 0.0010858327052516664
2092 0.0010858327052516664
2093 0.0010858327052516664
2094 0.0010858327052516664
2095 0.0016287490578773501
2096 0.0016287490578773501
2097 0.0016287490578773501
2098 0.0016287490578773501
2099 0.0016287490578773501
2100 0.0016287490578773501
2101 0.0010858327052516664
2102 0.0010858327052516664
2103 0.0010858327052516664
2104 0.0010858327052516664
2105 0.0010858327052516664
2106 0.0010858327052516664
2107 0.0010858327052516664
2108 0.0010858327052516664
2109 0.0010858327052516664
2110 0.0010858327052516664
2111 0.0010858327052516664
2112 0.0010858327052516664
2113 0.0010858327052516664
2114 0.0010858327052516664
2115 0.0010858327052516664
2116 0.0010858327052516664
2117 0.0010858327052516664
2118 0.0010858327052516664
2119 0.0010858327052516664
2120 0.0010858327052516664
2121 0.0010858327052516664
2122 0.0010858327052516664
2123 0.0010858327052516664
2124 0.0010858327052516664
2125 0.0010858327052516664
2126 0.0016287490578773501
2127 0.0016287490578773501
2128 0.0016287490578773501
2129 0.0016287490578773501
2130 0.0016287490578773501
2131 0.0016287490578773501
2132 0.0016287490578773501
2133 0.0016287490578773501
2134 0.0016287490578773501
2135 0.0016287490578773501
2136 0.0016287490578773501
2137 0.0016287490578773501
2138 0.0016287490578773501
2139 0.0016287490578773501
2140 0.0016287490578773501
2141 0.0016287490578773501
2142 0.0016287490578773501
2143 0.0016287490578773501
2144 0.0016287490578773501
2145 0.0016287490578773501
2146 0.0016287490578773501
2147 0.0016287490578773501
2148 0.0016287490578773501
2149 0.0016287490578773501
2150 0.0016287490578773501
2151 0.0016287490578773501
2152 0.0016287490578773501
2153 0.0016287490578773501
2154 0.0016287490578773501
2155 0.0016287490578773501
2156 0.0016287490578773501
2157 0.0016287490578773501
2158 0.0016287490578773501
2159 0.0016287490578773501
2160 0.0016287490578773501
2161 0.0016287490578773501
2162 0.0016287490578773501
2163 0.0016287490578773501
2164 0.0016287490578773501
2165 0.0016287490578773501
2166 0.0016287490578773501
2167 0.0016287490578773501
2168 0.0016287490578773501
2169 0.0016287490578773501
2170 0.0016287490578773501
2171 0.0016287490578773501
2172 0.0016287490578773501
2173 0.0016287490578773501
2174 0.0016287490578773501
2175 0.0016287490578773501
2176 0.0016287490578773501
2177 0.0016287490578773501
2178 0.0016287490578773501
2179 0.0016287490578773501
2180 0.0016287490578773501
2181 0.0016287490578773501
2182 0.0016287490578773501
2183 0.0016287490578773501
2184 0.0016287490578773501
2185 0.0016287490578773501
2186 0.0016287490578773501
2187 0.0016287490578773501
2188 0.0016287490578773501
2189 0.0016287490578773501
2190 0.0016287490578773501
2191 0.0016287490578773501
2192 0.0016287490578773501
2193 0.0016287490578773501
2194 0.0016287490578773501
2195 0.0016287490578773501
2196 0.0016287490578773501
2197 0.0016287490578773501
2198 0.0016287490578773501
2199 0.0016287490578773501
2200 0.0016287490578773501
2201 0.0016287490578773501
2202 0.0016287490578773501
2203 0.0010858327052516664
2204 0.0016287490578773501
2205 0.0016287490578773501
2206 0.0016287490578773501
2207 0.0016287490578773501
2208 0.0016287490578773501
2209 0.0016287490578773501
2210 0.0016287490578773501
2211 0.0016287490578773501
2212 0.0016287490578773501
2213 0.0016287490578773501
2214 0.0016287490578773501
2215 0.0016287490578773501
2216 0.0016287490578773501
2217 0.0016287490578773501
2218 0.0016287490578773501
2219 0.0016287490578773501
2220 0.0016287490578773501
2221 0.0016287490578773501
2222 0.0016287490578773501
2223 0.0016287490578773501
2224 0.0016287490578773501
2225 0.0016287490578773501
2226 0.0016287490578773501
2227 0.0016287490578773501
2228 0.0016287490578773501
2229 0.0016287490578773501
2230 0.0016287490578773501
2231 0.0016287490578773501
2232 0.0016287490578773501
2233 0.0016287490578773501
2234 0.0016287490578773501
2235 0.0016287490578773501
2236 0.0016287490578773501
2237 0.0016287490578773501
2238 0.0016287490578773501
2239 0.0016287490578773501
2240 0.0016287490578773501
2241 0.0016287490578773501
2242 0.0016287490578773501
2243 0.0016287490578773501
2244 0.0016287490578773501
2245 0.0016287490578773501
2246 0.0016287490578773501
2247 0.0016287490578773501
2248 0.0016287490578773501
2249 0.0016287490578773501
2250 0.0016287490578773501
2251 0.0016287490578773501
2252 0.0016287490578773501
2253 0.0016287490578773501
2254 0.0016287490578773501
2255 0.0016287490578773501
2256 0.0016287490578773501
2257 0.0016287490578773501
2258 0.0016287490578773501
2259 0.0010858327052516664
2260 0.0016287490578773501
2261 0.0016287490578773501
2262 0.0010858327052516664
2263 0.0010858327052516664
2264 0.0016287490578773501
2265 0.0016287490578773501
2266 0.0016287490578773501
2267 0.0016287490578773501
2268 0.0016287490578773501
2269 0.0010858327052516664
2270 0.0016287490578773501
2271 0.0010858327052516664
2272 0.0010858327052516664
2273 0.0010858327052516664
2274 0.0010858327052516664
2275 0.0016287490578773501
2276 0.0016287490578773501
2277 0.0010858327052516664
2278 0.0010858327052516664
2279 0.0010858327052516664
2280 0.0010858327052516664
2281 0.0010858327052516664
2282 0.0010858327052516664
2283 0.0010858327052516664
2284 0.0010858327052516664
2285 0.0010858327052516664
2286 0.0010858327052516664
2287 0.0010858327052516664
2288 0.0010858327052516664
2289 0.0010858327052516664
2290 0.0010858327052516664
2291 0.0010858327052516664
2292 0.0010858327052516664
2293 0.0010858327052516664
2294 0.0010858327052516664
2295 0.0010858327052516664
2296 0.0010858327052516664
2297 0.0010858327052516664
2298 0.0010858327052516664
2299 0.0010858327052516664
2300 0.0010858327052516664
2301 0.0010858327052516664
2302 0.0010858327052516664
2303 0.0010858327052516664
2304 0.0010858327052516664
2305 0.0010858327052516664
2306 0.0010858327052516664
2307 0.0010858327052516664
2308 0.0010858327052516664
2309 0.0010858327052516664
2310 0.0010858327052516664
2311 0.0010858327052516664
2312 0.0010858327052516664
2313 0.0010858327052516664
2314 0.0010858327052516664
2315 0.0010858327052516664
2316 0.0010858327052516664
2317 0.0010858327052516664
2318 0.0010858327052516664
2319 0.0010858327052516664
2320 0.0010858327052516664
2321 0.0010858327052516664
2322 0.0010858327052516664
2323 0.0010858327052516664
2324 0.0010858327052516664
2325 0.0010858327052516664
2326 0.0010858327052516664
2327 0.0010858327052516664
2328 0.0010858327052516664
2329 0.0010858327052516664
2330 0.0010858327052516664
2331 0.0010858327052516664
2332 0.0010858327052516664
2333 0.0010858327052516664
2334 0.0010858327052516664
2335 0.0010858327052516664
2336 0.0010858327052516664
2337 0.0010858327052516664
2338 0.0010858327052516664
2339 0.0010858327052516664
2340 0.0010858327052516664
2341 0.0010858327052516664
2342 0.0010858327052516664
2343 0.0010858327052516664
2344 0.0010858327052516664
2345 0.0010858327052516664
2346 0.0010858327052516664
2347 0.0010858327052516664
2348 0.0010858327052516664
2349 0.0010858327052516664
2350 0.0010858327052516664
2351 0.0010858327052516664
2352 0.0010858327052516664
2353 0.0010858327052516664
2354 0.0010858327052516664
2355 0.0010858327052516664
2356 0.0010858327052516664
2357 0.0010858327052516664
2358 0.0010858327052516664
2359 0.0010858327052516664
2360 0.0010858327052516664
2361 0.0010858327052516664
2362 0.0010858327052516664
2363 0.0010858327052516664
2364 0.0010858327052516664
2365 0.0010858327052516664
2366 0.0010858327052516664
2367 0.0010858327052516664
2368 0.0010858327052516664
2369 0.0010858327052516664
2370 0.0010858327052516664
2371 0.0010858327052516664
2372 0.0010858327052516664
2373 0.0010858327052516664
2374 0.0010858327052516664
2375 0.0010858327052516664
2376 0.0010858327052516664
2377 0.0010858327052516664
2378 0.0010858327052516664
2379 0.0010858327052516664
2380 0.0010858327052516664
2381 0.0010858327052516664
2382 0.0010858327052516664
2383 0.0010858327052516664
2384 0.0010858327052516664
2385 0.0010858327052516664
2386 0.0010858327052516664
2387 0.0010858327052516664
2388 0.0010858327052516664
2389 0.0010858327052516664
2390 0.0010858327052516664
2391 0.0010858327052516664
2392 0.0010858327052516664
2393 0.0010858327052516664
2394 0.0010858327052516664
2395 0.0010858327052516664
2396 0.0010858327052516664
2397 0.0010858327052516664
2398 0.0010858327052516664
2399 0.0010858327052516664
2400 0.0010858327052516664
2401 0.0010858327052516664
2402 0.0010858327052516664
2403 0.0010858327052516664
2404 0.0010858327052516664
2405 0.0010858327052516664
2406 0.0010858327052516664
