5.000000000000000888e+00 7.879163995854157239e-24
5.034693157380139006e+00 7.583048901345613944e-24
5.069627037794075974e+00 7.303478143554541585e-24
5.104803311530234922e+00 7.039237389142254391e-24
5.140223660466546995e+00 6.789209740803880249e-24
5.175889778150882137e+00 6.552368145728120533e-24
5.211803369882009207e+00 6.327768350525701317e-24
5.247966152791137873e+00 6.114542349519201250e-24
5.284379855924021818e+00 5.911892330123542785e-24
5.321046220323622400e+00 5.719085016094358480e-24
5.357966999113356721e+00 5.535446470050645919e-24
5.395143957580921246e+00 5.360357247058438765e-24
5.432578873262690955e+00 5.193247926643462871e-24
5.470273536028714467e+00 5.033594984234766428e-24
5.508229748168283813e+00 4.880916974014961362e-24
5.546449324476114384e+00 4.734770996202021159e-24
5.584934092339116418e+00 4.594749486795563093e-24
5.623685891823758887e+00 4.460477200856819393e-24
5.662706575764059558e+00 4.331608492106364045e-24
5.701998009850164806e+00 4.207824777382027387e-24
5.741562072717556475e+00 4.088832236964800939e-24
5.781400656036880470e+00 3.974359688293265968e-24
5.821515664604382856e+00 3.864156646362873137e-24
5.861909016432995223e+00 3.757991547955344351e-24
5.902582642844026672e+00 3.654627168690893964e-24
5.943538488559517496e+00 3.553957462406487515e-24
5.984778511795218137e+00 3.456866594584919925e-24
6.026304684354212071e+00 3.363177685201248601e-24
6.068118991721204836e+00 3.272726052597089906e-24
6.110223433157442763e+00 3.185358196105939978e-24
6.152620021796308514e+00 3.100930873173373569e-24
6.195310784739581855e+00 3.019310256094265408e-24
6.238297763154347919e+00 2.940371157030874411e-24
6.281583012370603569e+00 2.863996330351584381e-24
6.325168601979518357e+00 2.790075825517295484e-24
6.369056615932393584e+00 2.718506410037073472e-24
6.413249152640303485e+00 2.649191029239682844e-24
6.457748325074419427e+00 2.582038322891923584e-24
6.502556260867045523e+00 2.516962182139178835e-24
6.547675102413337278e+00 2.453881343746350011e-24
6.593107006973743189e+00 2.392719019357966151e-24
6.638854146777149801e+00 2.333402562036601626e-24
6.684918709124731961e+00 2.274990599400673625e-24
6.731302896494550936e+00 2.218300710163539381e-24
6.778008926646843513e+00 2.163293099489382009e-24
6.825039032730071398e+00 2.109908263930397000e-24
6.872395463387687364e+00 2.058089547512903003e-24
6.920080482865659022e+00 2.007782937914398762e-24
6.968096371120712895e+00 1.958936890277203772e-24
7.016445423929364544e+00 1.911502176304398912e-24
7.065129952997670770e+00 1.865431716755332999e-24
7.114152286071764308e+00 1.820680464999669804e-24
7.163514767049155907e+00 1.777205266344313924e-24
7.213219756090789581e+00 1.734964753397170531e-24
7.263269629733905219e+00 1.693919233602911703e-24
7.313666781005652595e+00 1.654030598799317930e-24
7.364413619537513611e+00 1.615262233206752310e-24
7.415512571680523024e+00 1.577578929454943486e-24
7.466966080621261881e+00 1.540946816467900276e-24
7.518776606498691173e+00 1.505333285396027698e-24
7.570946626521762646e+00 1.470706927114408706e-24
7.623478635087869826e+00 1.437037473671367398e-24
7.676375143902114395e+00 1.404295739753400788e-24
7.729638682097387914e+00 1.372453570823382837e-24
7.783271796355308858e+00 1.341483797526569920e-24
7.837277051027977670e+00 1.311360190287441199e-24
7.891657028260587126e+00 1.282057414558104855e-24
7.946414328114890679e+00 1.253550996419574373e-24
8.001551568693503924e+00 1.225817279598901271e-24
8.057071386265098667e+00 1.198833397101234966e-24
8.112976435390438112e+00 1.172577238679256030e-24
8.169269389049306440e+00 1.147027414859762627e-24
8.225952938768314127e+00 1.122163231223736754e-24
8.283029794749570129e+00 1.097964663890919151e-24
8.340502686000293764e+00 1.074412332369951496e-24
8.398374360463268573e+00 1.051487471417303567e-24
8.456647585148241220e+00 1.029171913938888914e-24
8.515325146264222766e+00 1.007448063422752095e-24
8.574409849352699453e+00 9.862988803697235580e-25
8.633904519421777835e+00 9.657078537388385578e-25
8.693812001081255403e+00 9.456589891356947765e-25
8.754135158678622020e+00 9.261367862907720028e-25
8.814876876436029463e+00 9.071262229778895450e-25
8.876040058588174020e+00 8.886127399147061552e-25
8.937627629521175621e+00 8.705822224231629983e-25
8.999642533912386000e+00 8.530209885959508153e-25
9.062087736871186294e+00 8.359157696558988470e-25
9.124966224080763411e+00 8.192536993630642454e-25
9.188281001940856285e+00 8.030223025086227201e-25
9.252035097711509337e+00 7.872094750967881203e-25
9.316231559657802919e+00 7.718034793130761724e-25
9.380873457195605170e+00 7.567929267264144424e-25
9.445963881038332843e+00 7.421667687330695609e-25
9.511505943344722880e+00 7.279142839436178176e-25
9.577502777867637818e+00 7.140250688450546067e-25
9.643957540103892612e+00 7.004890266038216286e-25
9.710873407445131278e+00 6.872963580872674373e-25
9.778253579329746259e+00 6.744375493663211183e-25
9.846101277395861828e+00 6.619033665654662131e-25
9.914419745635354886e+00 6.496848438766045642e-25
9.983212250548969990e+00 6.377732750576571827e-25
1.005248208130249488e+01 6.265106004927565883e-25
1.012223254988401777e+01 6.156283710536188684e-25
1.019246699126231981e+01 6.050039265498873801e-25
1.026318876354625864e+01 5.946304425527861218e-25
1.033440124814541505e+01 5.845012869872284107e-25
1.040610784993169524e+01 5.746100160467548948e-25
1.047831199740216412e+01 5.649503662390609018e-25
1.055101714284298176e+01 5.555162495160848821e-25
1.062422676249441267e+01 5.463017489431457763e-25
1.069794435671711241e+01 5.373011105410608012e-25
1.077217345015942129e+01 5.285087410051340190e-25
1.084691759192592109e+01 5.199192020318715331e-25
1.092218035574714108e+01 5.115272035220947158e-25
1.099796534015037253e+01 5.033276024847498486e-25
1.107427616863180120e+01 4.953153950656773304e-25
1.115111648982969150e+01 4.874857152648471304e-25
1.122848997769887447e+01 4.798338284224133218e-25
1.130640033168639569e+01 4.723551291856995408e-25
1.138485127690839782e+01 4.650451366164352686e-25
1.146384656432824833e+01 4.578994904727952185e-25
1.154338997093584673e+01 4.509139491987135853e-25
1.162348529992824453e+01 4.440843843154568674e-25
1.170413638089146957e+01 4.374067775440670517e-25
1.178534706998363824e+01 4.308772195026535199e-25
1.186712125011933594e+01 4.244919053932970020e-25
1.194946283115524999e+01 4.182471316841129058e-25
1.203237575007712579e+01 4.121392934944823711e-25
1.211586397118800207e+01 4.061648828860947057e-25
1.219993148629774993e+01 4.003204854114135311e-25
1.228458231491395480e+01 3.946027773547265675e-25
1.236982050443406855e+01 3.890085236506732668e-25
1.245565013033894708e+01 3.835345760939825741e-25
1.254207529638770424e+01 3.781778703460306000e-25
1.262910013481392113e+01 3.729354237115567984e-25
1.271672880652324622e+01 3.678043333445604331e-25
1.280496550129229583e+01 3.627817745932055419e-25
1.289381443796900939e+01 3.578649986528183549e-25
1.298327986467436013e+01 3.530513300155053178e-25
1.307336605900545834e+01 3.483381662278683692e-25
1.316407732824010424e+01 3.437229742995579635e-25
1.325541800954269256e+01 3.392032905691754305e-25
1.334739247017160935e+01 3.347767179306867536e-25
1.344000510768803558e+01 3.304409248118279803e-25
1.353326035016620388e+01 3.261936436213113474e-25
1.362716265640514379e+01 3.220326683042890857e-25
1.372171651614182508e+01 3.179558547599667526e-25
1.381692645026585531e+01 3.139611169712303174e-25
1.391279701103562694e+01 3.100464279306519378e-25
1.400933278229597434e+01 3.062098163279784707e-25
1.410653837969735847e+01 3.024493667694351884e-25
1.420441845091651878e+01 2.987632170443180913e-25
1.430297767587871505e+01 2.951495584235813657e-25
1.440222076698148790e+01 2.916066327283690465e-25
1.450215246931995594e+01 2.881327323145130480e-25
1.460277756091373114e+01 2.847261981622209471e-25
1.470410085293531743e+01 2.813854194394345663e-25
1.480612718994017740e+01 2.781088313933373538e-25
1.490886145009836561e+01 2.748949149008905264e-25
1.501230854542774473e+01 2.717421952502994168e-25
1.511647342202888744e+01 2.686492404005292882e-25
1.522136106032151126e+01 2.656146608089498069e-25
1.532697647528264007e+01 2.626371075277428885e-25
1.543332471668636963e+01 2.597152720273063447e-25
1.554041086934531712e+01 2.568478841436999169e-25
1.564824005335375823e+01 2.540337118005499917e-25
1.575681742433239485e+01 2.512715595186640521e-25
1.586614817367488683e+01 2.485602677277548584e-25
1.597623752879606585e+01 2.458987115829550315e-25
1.608709075338185457e+01 2.432858000270117924e-25
1.619871314764099068e+01 2.407204748175348978e-25
1.631111004855834778e+01 2.382017095340511889e-25
1.642428683015022273e+01 2.357285086092274893e-25
1.653824890372121104e+01 2.332999067971096993e-25
1.665300171812294039e+01 2.309149674911692758e-25
1.676855076001465861e+01 2.285727823715659384e-25
1.688490155412545590e+01 2.262724704094833371e-25
1.700205966351853704e+01 2.240131770731924536e-25
1.712003068985712417e+01 2.217940730492340982e-25
1.723882027367231728e+01 2.196143540274455127e-25
1.735843409463281262e+01 2.174732391912190228e-25
1.747887787181637265e+01 2.153699709867615884e-25
1.760015736398340280e+01 2.133038141143682955e-25
1.772227836985217664e+01 2.112740544293256334e-25
1.784524672837614645e+01 2.092799986538803894e-25
1.796906831902314394e+01 2.073209733348033604e-25
1.809374906205639988e+01 2.053963242596341061e-25
1.821929491881772734e+01 2.035054155594559574e-25
1.834571189201246710e+01 2.016476290712690570e-25
1.847300602599650787e+01 1.998223638153112963e-25
1.860118340706534568e+01 1.980290351757983543e-25
1.873025016374496232e+01 1.962670741660337869e-25
1.886021246708499532e+01 1.945359270509698446e-25
1.899107653095367709e+01 1.928350544349418468e-25
1.912284861233499456e+01 1.911639309881163663e-25
1.925553501162785963e+01 1.895220446371309276e-25
1.938914207294728342e+01 1.879088960182571115e-25
1.952367618442780639e+01 1.863239980781980360e-25
1.965914377852884698e+01 1.847668754584481230e-25
1.979555133234229203e+01 1.832370640452442501e-25
1.993290536790221168e+01 1.817341103657461459e-25
2.007121245249660646e+01 1.802575713344349637e-25
2.021047919898153822e+01 1.788070136272844970e-25
2.035071226609719020e+01 1.773820132216400432e-25
2.049191835878630386e+01 1.759821552829333037e-25
2.063410422851477577e+01 1.746070335084580021e-25
2.077727667359437191e+01 1.732562496864586443e-25
2.092144253950791111e+01 1.719294135825911718e-25
2.106660871923644152e+01 1.706261424180560693e-25
2.121278215358888275e+01 1.693460607589973178e-25
2.135996983153390261e+01 1.680887999127468914e-25
2.150817879053397164e+01 1.668539978093553837e-25
2.165741611688200052e+01 1.656412987494471374e-25
2.180768894604002384e+01 1.644503530471586468e-25
2.195900446298042752e+01 1.632808168584446822e-25
2.211136990252950341e+01 1.621323519413185610e-25
2.226479254971327393e+01 1.610046253638683058e-25
2.241927974010593871e+01 1.598973093380481250e-25
2.257483886018050612e+01 1.588100810591916823e-25
2.273147734766199335e+01 1.577426225023941130e-25
2.288920269188310286e+01 1.566946202564087026e-25
2.304802243414216534e+01 1.556657653405949355e-25
2.320794416806389648e+01 1.546557530600875110e-25
2.336897553996231380e+01 1.536642828995222185e-25
2.353112424920640322e+01 1.526910583575002057e-25
2.369439804858827614e+01 1.517357869135002688e-25
2.385880474469372459e+01 1.507981797416054561e-25
2.402435219827565405e+01 1.498779518015366106e-25
2.419104832462978294e+01 1.489748216479402812e-25
2.435890109397316294e+01 1.480885113434175231e-25
2.452791853182525017e+01 1.472187464222164132e-25
2.469810871939160180e+01 1.463652557671637380e-25
2.486947979395032249e+01 1.455277716138011031e-25
2.504203994924105814e+01 1.447060293947328366e-25
2.521579743585680333e+01 1.438997677934125464e-25
2.539076056163837691e+01 1.431087286141885008e-25
2.556693769207162603e+01 1.423326567637066187e-25
2.574433725068747236e+01 1.415713002202687989e-25
2.592296771946456246e+01 1.408244100137782058e-25
2.610283763923488465e+01 1.400917401402167289e-25
2.628395561009211789e+01 1.393730475929355636e-25
2.646633029180280161e+01 1.386680922679974030e-25
2.664997040422045060e+01 1.379766370549418446e-25
2.683488472770237721e+01 1.372984476657642781e-25
2.702108210352958650e+01 1.366332927700249790e-25
2.720857143432946046e+01 1.359809438515766659e-25
2.739736168450142983e+01 1.353411752680422647e-25
2.758746188064564109e+01 1.347137642416291319e-25
2.777888111199438370e+01 1.340984907789792812e-25
2.797162853084689971e+01 1.334951377449080291e-25
2.816571335300678314e+01 1.329034908061632022e-25
2.836114485822271192e+01 1.323233384203960160e-25
2.855793239063217115e+01 1.317544718492230667e-25
2.875608535920806474e+01 1.311966851442174234e-25
2.895561323820880162e+01 1.306497751360513996e-25
2.915652556763112102e+01 1.301135414198341205e-25
2.935883195366627163e+01 1.295877863667536698e-25
2.956254206915940230e+01 1.290723150985046236e-25
2.976766565407184473e+01 1.285669354878751542e-25
2.997421251594705538e+01 1.280714581593446729e-25
3.018219253037934635e+01 1.275856964596344591e-25
3.039161564148614758e+01 1.271094664703752194e-25
3.060249186238350916e+01 1.266425869886813084e-25
3.081483127566470870e+01 1.261848795180103878e-25
3.102864403388251446e+01 1.257361682645044479e-25
3.124394036003446828e+01 1.252962801136700425e-25
3.146073054805171409e+01 1.248650446395616325e-25
3.167902496329126549e+01 1.244422940603874803e-25
3.189883404303140679e+01 1.240278632651435964e-25
3.212016829697096654e+01 1.236215897655623088e-25
3.234303830773163213e+01 1.232233136994565214e-25
3.256745473136400904e+01 1.228328778234906760e-25
3.279342829785717583e+01 1.224501274672413085e-25
3.302096981165151846e+01 1.220749105462934790e-25
3.325009015215560737e+01 1.217070775380680855e-25
3.348080027426610883e+01 1.213464814481507231e-25
3.371311120889170354e+01 1.209929778118365412e-25
3.394703406348055807e+01 1.206464246624655937e-25
3.418258002255118555e+01 1.203066825197295172e-25
3.441976034822749142e+01 1.199736143515693969e-25
3.465858638077703091e+01 1.196470855758534635e-25
3.489906953915329524e+01 1.193269640222856119e-25
3.514122132154175659e+01 1.190131199148562804e-25
3.538505330590944453e+01 1.187054258458026802e-25
3.563057715055874297e+01 1.184037567605155392e-25
3.587780459468464045e+01 1.181079899165564786e-25
3.612674745893606598e+01 1.178180048782982184e-25
3.637741764598116134e+01 1.175336834682564704e-25
3.662982714107614868e+01 1.172549097700350112e-25
3.688398801263866744e+01 1.169815700769043702e-25
3.713991241282458589e+01 1.167135528779677078e-25
3.739761257810909711e+01 1.164507488267542925e-25
3.765710082987187235e+01 1.161930507143729774e-25
3.791838957498595164e+01 1.159403534480243019e-25
3.818149130641122468e+01 1.156925540118431211e-25
3.844641860379156384e+01 1.154495514499302764e-25
3.871318413405634118e+01 1.152112468302241209e-25
3.898180065202618039e+01 1.149775432194391408e-25
3.925228100102253848e+01 1.147483456565320167e-25
3.952463811348211919e+01 1.145235611197494411e-25
3.979888501157492442e+01 1.143030985023351729e-25
4.007503480782702354e+01 1.140868685786549302e-25
4.035310070574752928e+01 1.138747839792171356e-25
4.063309600045972303e+01 1.136667591634988388e-25
4.091503407933696224e+01 1.134627103857878942e-25
4.119892842264259514e+01 1.132625556693492679e-25
4.148479260417452963e+01 1.130662147814312049e-25
4.177264029191434958e+01 1.128736091955216426e-25
4.206248524868058780e+01 1.126846620736256140e-25
4.235434133278702973e+01 1.124992982298940745e-25
4.264822249870512394e+01 1.123174441064249730e-25
4.294414279773126708e+01 1.121390277430088518e-25
4.324211637865862912e+01 1.119639787516137310e-25
4.354215748845361134e+01 1.117922282874651927e-25
4.384428047293715025e+01 1.116237090207259441e-25
4.414849977747045529e+01 1.114583551109664676e-25
4.445482994764580553e+01 1.112961021799894513e-25
4.476328562998200056e+01 1.111368872834244733e-25
4.507388157262457895e+01 1.109806488867355646e-25
4.538663262605113857e+01 1.108273268361566984e-25
4.570155374378115454e+01 1.106768623353027355e-25
4.601865998309111916e+01 1.105291979184440551e-25
4.633796650573440701e+01 1.103842774243087578e-25
4.665948857866618482e+01 1.102420459738610467e-25
4.698324157477347285e+01 1.101024499419952775e-25
4.730924097361000236e+01 1.099654369349554240e-25
4.763750236213646616e+01 1.098309557673873388e-25
4.796804143546572874e+01 1.096989564363433618e-25
4.830087399761322331e+01 1.095693900987710523e-25
4.863601596225270640e+01 1.094422090489354091e-25
4.897348335347697201e+01 1.093173666950009800e-25
4.931329230656412221e+01 1.091948175374550889e-25
4.965545906874899629e+01 1.090745171452971186e-25
4.999999999999999289e+01 1.089564221372183411e-25
5.034693157380139894e+01 1.088404901566143977e-25
5.069627037794075619e+01 1.087266798544299000e-25
5.104803311530231724e+01 1.086149508656772876e-25
5.140223660466548239e+01 1.085052637898974025e-25
5.175889778150880716e+01 1.083975801717597921e-25
5.211803369882010628e+01 1.082918624813915914e-25
5.247966152791137517e+01 1.081880740944475214e-25
5.284379855924019154e+01 1.080861792739103898e-25
5.321046220323622578e+01 1.079861431508265295e-25
5.357966999113354944e+01 1.078879317073851311e-25
5.395143957580922489e+01 1.077915117574788495e-25
5.432578873262691133e+01 1.076968509304401511e-25
5.470273536028711447e+01 1.076039176532259617e-25
5.508229748168283635e+01 1.075126811342133857e-25
5.546449324476112963e+01 1.074231113454170474e-25
5.584934092339118195e+01 1.073351790082600994e-25
5.623685891823758709e+01 1.072488555762227782e-25
5.662706575764056538e+01 1.071641132194842947e-25
5.701998009850164806e+01 1.070809248110267925e-25
5.741562072717555054e+01 1.069992639100158085e-25
5.781400656036881713e+01 1.069191047486570532e-25
5.821515664604383034e+01 1.068404222173135493e-25
5.861909016432991848e+01 1.067631918509885262e-25
5.902582642844026850e+01 1.066873898152169852e-25
5.943538488559515542e+01 1.066129928934441961e-25
5.984778511795219202e+01 1.065399784736265772e-25
6.026304684354212071e+01 1.064683245354466557e-25
6.068118991721201638e+01 1.063980096384771252e-25
6.110223433157442230e+01 1.063290129096682828e-25
6.152620021796307270e+01 1.062613140317091881e-25
6.195310784739583454e+01 1.061948932314451640e-25
6.238297763154347564e+01 1.061297312687657478e-25
6.281583012370606411e+01 1.060658094256870113e-25
6.325168601979518002e+01 1.060031094955222739e-25
6.369056615932391452e+01 1.059416137728130518e-25
6.413249152640305795e+01 1.058813050430146460e-25
6.457748325074419427e+01 1.058221665729343683e-25
6.502556260867048366e+01 1.057641821008478379e-25
6.547675102413337811e+01 1.057073358274714375e-25
6.593107006973741591e+01 1.056516124071192205e-25
6.638854146777151755e+01 1.055969969388575686e-25
6.684918709124731606e+01 1.055434749579552384e-25
6.731302896494554489e+01 1.054910324280105109e-25
6.778008926646843690e+01 1.054396557330782032e-25
6.825039032730067845e+01 1.053893316700318254e-25
6.872395463387690029e+01 1.053400474412485152e-25
6.920080482865657245e+01 1.052917906479094329e-25
6.968096371120716981e+01 1.052445492832801344e-25
7.016445423929364722e+01 1.051983117263595269e-25
7.065129952997666862e+01 1.051530667359618750e-25
7.114152286071765730e+01 1.051088034452083237e-25
7.163514767049153420e+01 1.050655113563648023e-25
7.213219756090792600e+01 1.050231803358058119e-25
7.263269629733905219e+01 1.049818006101423877e-25
7.313666781005647977e+01 1.049413627619086097e-25
7.364413619537515387e+01 1.049018577264336617e-25
7.415512571680521603e+01 1.048632767892111584e-25
7.466966080621266144e+01 1.048256115835130521e-25
7.518776606498691706e+01 1.047888540893262009e-25
7.570946626521758560e+01 1.047529966325499787e-25
7.623478635087872135e+01 1.047180318854640856e-25
7.676375143902112086e+01 1.046839528681607910e-25
7.729638682097392177e+01 1.046507529512246248e-25
7.783271796355309391e+01 1.046184258597470577e-25
7.837277051027973584e+01 1.045869656793604377e-25
7.891657028260588902e+01 1.045563668637221010e-25
7.946414328114889258e+01 1.045266242449539329e-25
8.001551568693507477e+01 1.044977330464747938e-25
8.057071386265099022e+01 1.044696888995307023e-25
8.112976435390434915e+01 1.044424878637287467e-25
8.169269389049308927e+01 1.044161264527844065e-25
8.225952938768311640e+01 1.043906016664140683e-25
8.283029794749575103e+01 1.043659110300062844e-25
8.340502686000294830e+01 1.043420526440432058e-25
8.398374360463265020e+01 1.043190252454771139e-25
8.456647585148242285e+01 1.042968282847885296e-25
8.515325146264220280e+01 1.042754620224391288e-25
8.574409849352703361e+01 1.042549276508000553e-25
8.633904519421778900e+01 1.042352274489060270e-25
8.693812001081251140e+01 1.042163649804093884e-25
8.754135158678624862e+01 1.041983453486066866e-25
8.814876876436026976e+01 1.041811755281410905e-25
8.876040058588178283e+01 1.041648648002461178e-25
8.937627629521176686e+01 1.041494253303432204e-25
8.999642533912381737e+01 1.041348729434214371e-25
9.062087736871187360e+01 1.041212281783437176e-25
9.124966224080760924e+01 1.041085177422540326e-25
9.188281001940860904e+01 1.040967765484768975e-25
9.252035097711508627e+01 1.040860506225788223e-25
9.316231559657798300e+01 1.040764013272241066e-25
9.380873457195606591e+01 1.040679116398521401e-25
9.445963881038331067e+01 1.040606957111424697e-25
9.511505943344727143e+01 1.040549138281963540e-25
9.577502777867637462e+01 1.040507965929877296e-25
9.643957540103887993e+01 1.040486854471983049e-25
9.710873407445130567e+01 1.040491035596503708e-25
9.778253579329744127e+01 1.040528862566976981e-25
9.846101277395865736e+01 1.040614360719637266e-25
9.914419745635355241e+01 1.040772602129813763e-25
9.983212250548965017e+01 1.041052152251304048e-25
1.005248208130249452e+02 1.041557674175263163e-25
1.012223254988401777e+02 1.042551066223251076e-25
1.019246699126232016e+02 1.044854227959276316e-25
1.026318876354625900e+02 1.052292663601572708e-25
1.033440124814540866e+02 1.110816161144192690e-25
1.040610784993169489e+02 1.354759820154420422e-25
1.047831199740216306e+02 1.059106293559062292e-25
1.055101714284298140e+02 1.045859143944666198e-25
1.062422676249441338e+02 1.042689420121626114e-25
1.069794435671710602e+02 1.041497066406389828e-25
1.077217345015942129e+02 1.040947643993046291e-25
1.084691759192592002e+02 1.040670639114112420e-25
1.092218035574714037e+02 1.040530656998623769e-25
1.099796534015037253e+02 1.040468855692225986e-25
1.107427616863179480e+02 1.040456391445109448e-25
1.115111648982969115e+02 1.040477813756667910e-25
1.122848997769886807e+02 1.040524263667063899e-25
1.130640033168639604e+02 1.040590381739237689e-25
1.138485127690839818e+02 1.040672782976375273e-25
1.146384656432825437e+02 1.040769253465885135e-25
1.154338997093584709e+02 1.040878303614284427e-25
1.162348529992823813e+02 1.040998908113656307e-25
1.170413638089146957e+02 1.041130348601682181e-25
1.178534706998363788e+02 1.041272115215559517e-25
1.186712125011934233e+02 1.041423843170141192e-25
1.194946283115525034e+02 1.041585270835531534e-25
1.203237575007711939e+02 1.041756211386543879e-25
1.211586397118800136e+02 1.041936533236572072e-25
1.219993148629774993e+02 1.042126146284303126e-25
1.228458231491396191e+02 1.042324992084979843e-25
1.236982050443406962e+02 1.042533036720722463e-25
1.245565013033894104e+02 1.042750265557142433e-25
1.254207529638770353e+02 1.042976679338712927e-25
1.262910013481392184e+02 1.043212291247469151e-25
1.271672880652325262e+02 1.043457124663898693e-25
1.280496550129229547e+02 1.043711211445885092e-25
1.289381443796900157e+02 1.043974590593300336e-25
1.298327986467436119e+02 1.044247307203916548e-25
1.307336605900545976e+02 1.044529411650171245e-25
1.316407732824011134e+02 1.044820958925954768e-25
1.325541800954269434e+02 1.045122008124217611e-25
1.334739247017160153e+02 1.045432622017530619e-25
1.344000510768803451e+02 1.045752866718618975e-25
1.353326035016620494e+02 1.046082811404850207e-25
1.362716265640515019e+02 1.046422528093116455e-25
1.372171651614182508e+02 1.046772091455527517e-25
1.381692645026584785e+02 1.047131578667833383e-25
1.391279701103562729e+02 1.047501069284354386e-25
1.400933278229597363e+02 1.047880645134552396e-25
1.410653837969736628e+02 1.048270390237458501e-25
1.420441845091651771e+02 1.048670390730579253e-25
1.430297767587870794e+02 1.049080734811152707e-25
1.440222076698148612e+02 1.049501512687409952e-25
1.450215246931995523e+02 1.049932816538275857e-25
1.460277756091373931e+02 1.050374740480030259e-25
1.470410085293531779e+02 1.050827380539543656e-25
1.480612718994017030e+02 1.051290834631927203e-25
1.490886145009836525e+02 1.051765202543352588e-25
1.501230854542774296e+02 1.052250585916891682e-25
1.511647342202889490e+02 1.052747088242400408e-25
1.522136106032151304e+02 1.053254814848824525e-25
1.532697647528263190e+02 1.053773872899378960e-25
1.543332471668637140e+02 1.054304371388982609e-25
1.554041086934531677e+02 1.054846421143789059e-25
1.564824005335376569e+02 1.055400134822981742e-25
1.575681742433239378e+02 1.055965626922280445e-25
1.586614817367487831e+02 1.056543013779458097e-25
1.597623752879606513e+02 1.057132413581944746e-25
1.608709075338185528e+02 1.057733946376148177e-25
1.619871314764099282e+02 1.058347734079338112e-25
1.631111004855834778e+02 1.058973900493758111e-25
1.642428683015021704e+02 1.059612571323461085e-25
1.653824890372121104e+02 1.060263874194643971e-25
1.665300171812293968e+02 1.060927938679295833e-25
1.676855076001465932e+02 1.061604896324341394e-25
1.688490155412545448e+02 1.062294880685582062e-25
1.700205966351852851e+02 1.062998027369496229e-25
1.712003068985712559e+02 1.063714474083990786e-25
1.723882027367231728e+02 1.064444360700761092e-25
1.735843409463281262e+02 1.065187829333034547e-25
1.747887787181637407e+02 1.065945024433460345e-25
1.760015736398339357e+02 1.066716092918339476e-25
1.772227836985217664e+02 1.067501184328532689e-25
1.784524672837614503e+02 1.068300451038817180e-25
1.796906831902314536e+02 1.069114048536194068e-25
1.809374906205640059e+02 1.069942135793238940e-25
1.821929491881772094e+02 1.070784875778429415e-25
1.834571189201246852e+02 1.071642436165035039e-25
1.847300602599650858e+02 1.072514990333665201e-25
1.860118340706534639e+02 1.073402718818723191e-25
1.873025016374496374e+02 1.074305811442023271e-25
1.886021246708498609e+02 1.075224470536810074e-25
1.899107653095367994e+02 1.076158915955189822e-25
1.912284861233499385e+02 1.077109393089658551e-25
1.925553501162786176e+02 1.078076186189479783e-25
1.938914207294728271e+02 1.079059641397651116e-25
1.952367618442779644e+02 1.080060208592698649e-25
1.965914377852884911e+02 1.081078521943247037e-25
1.979555133234229061e+02 1.082115566434043980e-25
1.993290536790221097e+02 1.083173054217213885e-25
2.007121245249660717e+02 1.084254379233523632e-25
2.021047919898154817e+02 1.085367448328711601e-25
2.035071226609719020e+02 1.086535211801169296e-25
2.049191835878630457e+02 1.087852253700480429e-25
2.063410422851477790e+02 1.090140556935147618e-25
2.077727667359437476e+02 1.345582179781494841e-25
2.092144253950791892e+02 1.092042690536500028e-25
2.106660871923644152e+02 1.092415825609275212e-25
2.121278215358888133e+02 1.093462675753304457e-25
2.135996983153390261e+02 1.094631070425666412e-25
2.150817879053397235e+02 1.095848618194257919e-25
2.165741611688201260e+02 1.097097220704392532e-25
2.180768894604002526e+02 1.098370756056131847e-25
2.195900446298042823e+02 1.099666780094331009e-25
2.211136990252950341e+02 1.100984235533661609e-25
2.226479254971327464e+02 1.102322668151492512e-25
2.241927974010595221e+02 1.103681915297309747e-25
2.257483886018050612e+02 1.105061967530423161e-25
2.273147734766199335e+02 1.106462901615768131e-25
2.288920269188310215e+02 1.107884845753023961e-25
2.304802243414216605e+02 1.109327960479936968e-25
2.320794416806390643e+02 1.110792427675283155e-25
2.336897553996231522e+02 1.112278443966709893e-25
2.353112424920640535e+02 1.113786216640292010e-25
2.369439804858827756e+02 1.115315961025509147e-25
2.385880474469372530e+02 1.116867898779256579e-25
2.402435219827566755e+02 1.118442256733839860e-25
2.419104832462978152e+02 1.120039266107426951e-25
2.435890109397315086e+02 1.121659161954107651e-25
2.452791853182525017e+02 1.123302182774069594e-25
2.469810871939160108e+02 1.124968570234084521e-25
2.486947979395033599e+02 1.126658568964800474e-25
2.504203994924105814e+02 1.128372426412519080e-25
2.521579743585679125e+02 1.130110392730178777e-25
2.539076056163837620e+02 1.131872720697597297e-25
2.556693769207162745e+02 1.133659665663039723e-25
2.574433725068748231e+02 1.135471485501566267e-25
2.592296771946456033e+02 1.137308440586866558e-25
2.610283763923487186e+02 1.139170793773937858e-25
2.628395561009211860e+02 1.141058810391630772e-25
2.646633029180280232e+02 1.142972758244467136e-25
2.664997040422045984e+02 1.144912907624554525e-25
2.683488472770237649e+02 1.146879531333884136e-25
2.702108210352957371e+02 1.148872904721071648e-25
2.720857143432946259e+02 1.150893305734777702e-25
2.739736168450143055e+02 1.152941015002011203e-25
2.758746188064563967e+02 1.155016315940569262e-25
2.777888111199438299e+02 1.157119494921529082e-25
2.797162853084688550e+02 1.159250841508297366e-25
2.816571335300678243e+02 1.161410648813537693e-25
2.836114485822271263e+02 1.163599214045424355e-25
2.855793239063216902e+02 1.165816839366121027e-25
2.875608535920806617e+02 1.168063833285044636e-25
2.895561323820878670e+02 1.170340513005487974e-25
2.915652556763112102e+02 1.172647208552268233e-25
2.935883195366627092e+02 1.174984270418645848e-25
2.956254206915940017e+02 1.177352084645014549e-25
2.976766565407184544e+02 1.179751104930569546e-25
2.997421251594703904e+02 1.182181928020279289e-25
3.018219253037934777e+02 1.184645494861272225e-25
3.039161564148614616e+02 1.187143731360958378e-25
3.060249186238351058e+02 1.189682209979370770e-25
3.081483127566470444e+02 1.192287669042255836e-25
3.102864403388250025e+02 1.195380847894233590e-25
3.124394036003446899e+02 1.198422649557540552e-25
3.146073054805171409e+02 1.200164129542275405e-25
3.167902496329126620e+02 1.202795313538597478e-25
3.189883404303140537e+02 1.205503708751647451e-25
3.212016829697095091e+02 1.208255598471518059e-25
3.234303830773163213e+02 1.211045240697216791e-25
3.256745473136401188e+02 1.213871218665607427e-25
3.279342829785717299e+02 1.216733215897286573e-25
3.302096981165151988e+02 1.219631284779182331e-25
3.325009015215558748e+02 1.222565626162089660e-25
3.348080027426610741e+02 1.225536509314781260e-25
3.371311120889170638e+02 1.228544238695516449e-25
3.394703406348055523e+02 1.231589138691162106e-25
3.418258002255118981e+02 1.234671546030087900e-25
3.441976034822747579e+02 1.237791805761122461e-25
3.465858638077702949e+02 1.240950269007287219e-25
3.489906953915329382e+02 1.244147291655394330e-25
3.514122132154175802e+02 1.247383233563430814e-25
3.538505330590944027e+02 1.250658458066927146e-25
3.563057715055872450e+02 1.253973331665187513e-25
3.587780459468463619e+02 1.257328223818992282e-25
3.612674745893606314e+02 1.260723506821453878e-25
3.637741764598115992e+02 1.264159555718700991e-25
3.662982714107614584e+02 1.267636748266762039e-25
3.688398801263868449e+02 1.271155464919457347e-25
3.713991241282458873e+02 1.274716088844411355e-25
3.739761257810910138e+02 1.278319005972128130e-25
3.765710082987187093e+02 1.281964605087795176e-25
3.791838957498594596e+02 1.285653277985912602e-25
3.818149130641124316e+02 1.289385419725807942e-25
3.844641860379156242e+02 1.293161429058167719e-25
3.871318413405634260e+02 1.296981709158842324e-25
3.898180065202618039e+02 1.300846668946663802e-25
3.925228100102253848e+02 1.304756725580915844e-25
3.952463811348213767e+02 1.308712309524377827e-25
3.979888501157492442e+02 1.312713875710071609e-25
4.007503480782701786e+02 1.316761930982456934e-25
4.035310070574753354e+02 1.320857112026734823e-25
4.063309600045972161e+02 1.325000457162828954e-25
4.091503407933698213e+02 1.329194714881037096e-25
4.119892842264259230e+02 1.333456029290057094e-25
4.148479260417452679e+02 1.339240852815246583e-25
4.177264029191435384e+02 1.342107134385815565e-25
4.206248524868058780e+02 1.346436333607666814e-25
4.235434133278704962e+02 1.350861149017738688e-25
4.264822249870512110e+02 1.355341435383804131e-25
4.294414279773124008e+02 1.359873662603836195e-25
4.324211637865862485e+02 1.364457375081271025e-25
4.354215748845361418e+02 1.369092723305159387e-25
4.384428047293717441e+02 1.373780033958703720e-25
4.414849977747045386e+02 1.378519699049650060e-25
4.445482994764578280e+02 1.383312139663869907e-25
4.476328562998199914e+02 1.388157792036344510e-25
4.507388157262458321e+02 1.393057101530048620e-25
4.538663262605115847e+02 1.398010519791548727e-25
4.570155374378115312e+02 1.403018503314321663e-25
4.601865998309110068e+02 1.408081512677494597e-25
4.633796650573440843e+02 1.413200012131862322e-25
4.665948857866619051e+02 1.418374469377843947e-25
4.698324157477349559e+02 1.423605355457990373e-25
4.730924097361000236e+02 1.428893144728504034e-25
4.763750236213644484e+02 1.434238314896248146e-25
4.796804143546572732e+02 1.439641347128866420e-25
4.830087399761322331e+02 1.445102726268345588e-25
4.863601596225273056e+02 1.450622941220041588e-25
4.897348335347697343e+02 1.456202485678343678e-25
4.931329230656409663e+02 1.461841859558117530e-25
4.965545906874899629e+02 1.467541572054231419e-25
4.999999999999999432e+02 1.473302148888882049e-25
5.034693157380134494e+02 1.479124151961684570e-25
5.069627037794076045e+02 1.485008243556107990e-25
5.104803311530232008e+02 1.490955464525654317e-25
5.140223660466548381e+02 1.496969225461238966e-25
5.175889778150880147e+02 1.503114324848775875e-25
5.211803369882004517e+02 1.509220110666573118e-25
5.247966152791137802e+02 1.515375726612326140e-25
5.284379855924019012e+02 1.521636890421408366e-25
5.321046220323622720e+02 1.527966394574413647e-25
5.357966999113355087e+02 1.534362536643200720e-25
5.395143957580917231e+02 1.540825420348539891e-25
5.432578873262691559e+02 1.547355455971373253e-25
5.470273536028711305e+02 1.553953137720392033e-25
5.508229748168283777e+02 1.560618991067639702e-25
5.546449324476112679e+02 1.567353556491431761e-25
5.584934092339112794e+02 1.574157383503547268e-25
5.623685891823758993e+02 1.581031028178092897e-25
5.662706575764057106e+02 1.587975052048750573e-25
5.701998009850165090e+02 1.594990021605386245e-25
5.741562072717555338e+02 1.602076508084058152e-25
5.781400656036876171e+02 1.609235087426045110e-25
5.821515664604382891e+02 1.616466340365576956e-25
5.861909016432991848e+02 1.623770852664538760e-25
5.902582642844026850e+02 1.631149215590167386e-25
5.943538488559515827e+02 1.638602026895832560e-25
5.984778511795212808e+02 1.646129893016705105e-25
6.026304684354212213e+02 1.653733434646022740e-25
6.068118991721202065e+02 1.661413303513092677e-25
6.110223433157442514e+02 1.669170246721419593e-25
6.152620021796307128e+02 1.677005473594383230e-25
6.195310784739577912e+02 1.684925652987491236e-25
6.238297763154347422e+02 1.693093204375496502e-25
6.281583012370599590e+02 1.700980973617887861e-25
6.325168601979518144e+02 1.709127953642567364e-25
6.369056615932391878e+02 1.717358074134151541e-25
6.413249152640298689e+02 1.725669915385885630e-25
6.457748325074419427e+02 1.734063826629247083e-25
6.502556260867041829e+02 1.742540386457857232e-25
6.547675102413337527e+02 1.751100230957015958e-25
6.593107006973741591e+02 1.759744018343732798e-25
6.638854146777144933e+02 1.768472418996853804e-25
6.684918709124732459e+02 1.777286112060568884e-25
6.731302896494547667e+02 1.786185784162048248e-25
6.778008926646843975e+02 1.795172128933849162e-25
6.825039032730068129e+02 1.804245846904716421e-25
6.872395463387682639e+02 1.813407645624289672e-25
6.920080482865656677e+02 1.822658240043556758e-25
6.968096371120709591e+02 1.831998353369604097e-25
7.016445423929365006e+02 1.841428719108953950e-25
7.065129952997667715e+02 1.850950086784551348e-25
7.114152286071758908e+02 1.860563241954427378e-25
7.163514767049153988e+02 1.870269104928961943e-25
7.213219756090785495e+02 1.880069670889227619e-25
7.263269629733905504e+02 1.890234801989499813e-25
7.313666781005648545e+02 1.899950868050486686e-25
7.364413619537507429e+02 1.910030839181005919e-25
7.415512571680520750e+02 1.920209603069132748e-25
7.466966080621258470e+02 1.930485788544167169e-25
7.518776606498690853e+02 1.940859965007296965e-25
7.570946626521758844e+02 1.951332888102699486e-25
7.623478635087872135e+02 1.961905358031805499e-25
7.676375143902112086e+02 1.972578194155470670e-25
7.729638682097383935e+02 1.983352228456566125e-25
7.783271796355309107e+02 1.994228303518640615e-25
7.837277051027973584e+02 2.005207271904507817e-25
7.891657028260589186e+02 2.016289996099004588e-25
7.946414328114889258e+02 2.027477348824543925e-25
8.001551568693499803e+02 2.038770213892749141e-25
8.057071386265098454e+02 2.050169488425619783e-25
8.112976435390434062e+02 2.061676089886034536e-25
8.169269389049309211e+02 2.073290986317789726e-25
8.225952938768310787e+02 2.085015415978014143e-25
8.283029794749566008e+02 2.096858005040609692e-25
8.340502686000294261e+02 2.108798152064995123e-25
8.398374360463265020e+02 2.120850958151047790e-25
8.456647585148242570e+02 2.133020387598323216e-25
8.515325146264220848e+02 2.145303995227850357e-25
8.574409849352695119e+02 2.157702552399581501e-25
8.633904519421778332e+02 2.170217015732930185e-25
8.693812001081250855e+02 2.182848383502259088e-25
8.754135158678624293e+02 2.195597674165034812e-25
8.814876876436027260e+02 2.208465921454315293e-25
8.876040058588170041e+02 2.221454173091821340e-25
8.937627629521176686e+02 2.234563490615924618e-25
8.999642533912381168e+02 2.247794949807849297e-25
9.062087736871186507e+02 2.261149641985882151e-25
9.124966224080760639e+02 2.274628677972094774e-25
9.188281001940850956e+02 2.288233204576999271e-25
9.252035097711509479e+02 2.301964520521645031e-25
9.316231559657798016e+02 2.315827442888323393e-25
9.380873457195606306e+02 2.329813425996778612e-25
9.445963881038330783e+02 2.343928429858239490e-25
9.511505943344717480e+02 2.358177099876399337e-25
9.577502777867638315e+02 2.372558387112031007e-25
9.643957540103887141e+02 2.387073381888479644e-25
9.710873407445130852e+02 2.401723297125360313e-25
9.778253579329743843e+02 2.416509380252354807e-25
9.846101277395855504e+02 2.431432900525499485e-25
9.914419745635356094e+02 2.446495146380741120e-25
9.983212250548965585e+02 2.461697425044917603e-25
1.005248208130249395e+03 2.477041063094164137e-25
1.012223254988401777e+03 2.492527408376650976e-25
1.019246699126230965e+03 2.508157837105657314e-25
1.026318876354625900e+03 2.523933795642738381e-25
1.033440124814540923e+03 2.539857492195499597e-25
1.040610784993169545e+03 2.555932968527634728e-25
1.047831199740216334e+03 2.572148167673776309e-25
1.055101714284297032e+03 2.588519770188480080e-25
1.062422676249441338e+03 2.605044194708931566e-25
1.069794435671710517e+03 2.621722811545401507e-25
1.077217345015942101e+03 2.638557127205396120e-25
1.084691759192592144e+03 2.655548686625436823e-25
1.092218035574712985e+03 2.672699061844194569e-25
1.099796534015037196e+03 2.690009850090165797e-25
1.107427616863179537e+03 2.707482673978142990e-25
1.115111648982969200e+03 2.725119183201394358e-25
1.122848997769886864e+03 2.742921061138642334e-25
1.130640033168638411e+03 2.760890068719915550e-25
1.138485127690839818e+03 2.779029230320667618e-25
1.146384656432824158e+03 2.797337020235628167e-25
1.154338997093584794e+03 2.815816372723296628e-25
1.162348529992823842e+03 2.834470869330498261e-25
1.170413638089145707e+03 2.853301374985248603e-25
1.178534706998363845e+03 2.872309699968090672e-25
1.186712125011933040e+03 2.891497727990283848e-25
1.194946283115524921e+03 2.910867380622247843e-25
1.203237575007711939e+03 2.930420612853266873e-25
1.211586397118798914e+03 2.950159413029026361e-25
1.219993148629774851e+03 2.970085804903526499e-25
1.228458231491394827e+03 2.990201856918173370e-25
1.236982050443406933e+03 3.010509769968833147e-25
1.245565013033894047e+03 3.031091823184410961e-25
1.254207529638769074e+03 3.051708994265024673e-25
1.262910013481392070e+03 3.072604591712048281e-25
1.271672880652324011e+03 3.093700793229792857e-25
1.280496550129229490e+03 3.114999722319650901e-25
1.289381443796900385e+03 3.136503671802988122e-25
1.298327986467434812e+03 3.158214987352491838e-25
1.307336605900545919e+03 3.180136058496234392e-25
1.316407732824009827e+03 3.202269318270013353e-25
1.325541800954269320e+03 3.224617245982881514e-25
1.334739247017160324e+03 3.247182382465427263e-25
1.344000510768802087e+03 3.269967598894910213e-25
1.353326035016620381e+03 3.292975587485214679e-25
1.362716265640513711e+03 3.316206623273971275e-25
1.372171651614182565e+03 3.339666477048436275e-25
1.381692645026584842e+03 3.363356843064834751e-25
1.391279701103562729e+03 3.387280490456489515e-25
1.400933278229597590e+03 3.411440269584368416e-25
1.410653837969735150e+03 3.435839088357287420e-25
1.420441845091651885e+03 3.460479910851185510e-25
1.430297767587870794e+03 3.485365760559355082e-25
1.440222076698148840e+03 3.510499741845411295e-25
1.450215246931995580e+03 3.535885890726686028e-25
1.460277756091372339e+03 3.561524699821937942e-25
1.470410085293531665e+03 3.587421717426810877e-25
1.480612718994017087e+03 3.613579948080699482e-25
1.490886145009836582e+03 3.640002574788952248e-25
1.501230854542774523e+03 3.666693030932877000e-25
1.511647342202888012e+03 3.693654829097126604e-25
1.522136106032151247e+03 3.720891553773395430e-25
1.532697647528263133e+03 3.748406863688694840e-25
1.543332471668637027e+03 3.776204509412958631e-25
1.554041086934531677e+03 3.804289080575714757e-25
1.564824005335374977e+03 3.832662073917135347e-25
1.575681742433239378e+03 3.861329554738621558e-25
1.586614817367487831e+03 3.890295169414099210e-25
1.597623752879606627e+03 3.919562900875847588e-25
1.608709075338185585e+03 3.949136943343690131e-25
1.619871314764097406e+03 3.979021586232397249e-25
1.631111004855834835e+03 4.009221210539127243e-25
1.642428683015021534e+03 4.039740295810764068e-25
1.653824890372120990e+03 4.070583523614499287e-25
1.665300171812294138e+03 4.101755720144811246e-25
1.676855076001464113e+03 4.133260323597480900e-25
1.688490155412545391e+03 4.165103772572883395e-25
1.700205966351852794e+03 4.197290493304183385e-25
1.712003068985712616e+03 4.229825537926815185e-25
1.723882027367231785e+03 4.262714080664360909e-25
1.735843409463279386e+03 4.295961410263412753e-25
1.747887787181637350e+03 4.329572939127265120e-25
1.760015736398339186e+03 4.363554449970350674e-25
1.772227836985217436e+03 4.397910841726190851e-25
1.784524672837614617e+03 4.432648344331808601e-25
1.796906831902312661e+03 4.467772968661694923e-25
1.809374906205639945e+03 4.503290602929164780e-25
1.821929491881772037e+03 4.539207385094685638e-25
1.834571189201246852e+03 4.575529594555044635e-25
1.847300602599651029e+03 4.612263653519582463e-25
1.860118340706532763e+03 4.649416186906460173e-25
1.873025016374496317e+03 4.686994122918221236e-25
1.886021246708498438e+03 4.725003153275771110e-25
1.899107653095367823e+03 4.763451578265848296e-25
1.912284861233499214e+03 4.802346112520554842e-25
1.925553501162784187e+03 4.841694050437601968e-25
1.938914207294728385e+03 4.881502854636242594e-25
1.952367618442779758e+03 4.921780155005362433e-25
1.965914377852884854e+03 4.962533856490011138e-25
1.979555133234229061e+03 5.003771648890972545e-25
1.993290536790218994e+03 5.045501642580621838e-25
2.007121245249660660e+03 5.087732406848529317e-25
2.021047919898152713e+03 5.130472277044683258e-25
2.035071226609719133e+03 5.173729880333263335e-25
2.049191835878630627e+03 5.217514023654384986e-25
2.063410422851475687e+03 5.261833707452449984e-25
2.077727667359437419e+03 5.306704663098187290e-25
2.092144253950789789e+03 5.352116314547084406e-25
2.106660871923644208e+03 5.398098078387158402e-25
2.121278215358888247e+03 5.444652996362869154e-25
2.135996983153388101e+03 5.491790875851551581e-25
2.150817879053397064e+03 5.539521695312473308e-25
2.165741611688199100e+03 5.587855599918324815e-25
2.180768894604002526e+03 5.636929793911684728e-25
2.195900446298042880e+03 5.686373768186663629e-25
2.211136990252948181e+03 5.736578970553295479e-25
2.226479254971327464e+03 5.787429083249784688e-25
2.241927974010592607e+03 5.838934809668221900e-25
2.257483886018050725e+03 5.891106934785536959e-25
2.273147734766199392e+03 5.943956319122254158e-25
2.288920269188307884e+03 5.997493971671597154e-25
2.304802243414216719e+03 6.051729958281662356e-25
2.320794416806388199e+03 6.106675870399304815e-25
2.336897553996231636e+03 6.162342089684761852e-25
2.353112424920640478e+03 6.218739112058932573e-25
2.369439804858825028e+03 6.275877229369132090e-25
2.385880474469372530e+03 6.333767612625723307e-25
2.402435219827564197e+03 6.392416316474556904e-25
2.419104832462978266e+03 6.451836065631199964e-25
2.435890109397314973e+03 6.512034316421669563e-25
2.452791853182522573e+03 6.573018964403592771e-25
2.469810871939159824e+03 6.634797095754106113e-25
2.486947979395030870e+03 6.697375028742367065e-25
2.504203994924105700e+03 6.760756977103292968e-25
2.521579743585678898e+03 6.824947113298001474e-25
2.539076056163837620e+03 6.889947175723428678e-25
2.556693769207162859e+03 6.955757117744736375e-25
2.574433725068745844e+03 7.022374693541841814e-25
2.592296771946456374e+03 7.089795558980713011e-25
2.610283763923487186e+03 7.158010309279279136e-25
2.628395561009212088e+03 7.227009105713880575e-25
2.646633029180280118e+03 7.296776087562008882e-25
2.664997040422043483e+03 7.367291171432511511e-25
2.683488472770237877e+03 7.438528919171609143e-25
2.702108210352957030e+03 7.510458773539389085e-25
2.720857143432946032e+03 7.583038515965998619e-25
2.739736168450142941e+03 7.656224580670371077e-25
2.758746188064561011e+03 7.729959387647614735e-25
2.777888111199438299e+03 7.804175671091572811e-25
2.797162853084688322e+03 7.878793925704641871e-25
2.816571335300678584e+03 7.953719782783779044e-25
2.836114485822271490e+03 8.028843570885872803e-25
2.855793239063214060e+03 8.104036533145471744e-25
2.875608535920806389e+03 8.179148804807731220e-25
2.895561323820878897e+03 8.254006481058985485e-25
2.915652556763111988e+03 8.328408163758454449e-25
2.935883195366627206e+03 8.402121279752499249e-25
2.956254206915937175e+03 8.474878491328177726e-25
2.976766565407184771e+03 8.546372471089994694e-25
2.997421251594703790e+03 8.616251451400155357e-25
3.018219253037934777e+03 8.684113820807595673e-25
3.039161564148614616e+03 8.749502078480503012e-25
3.060249186238348102e+03 8.811898134674988041e-25
3.081483127566470557e+03 8.870715941830284972e-25
3.102864403388249684e+03 8.925296358754375728e-25
3.124394036003446672e+03 8.974901307309912308e-25
3.146073054805171523e+03 9.018709142342976597e-25
3.167902496329123551e+03 9.055811546003894173e-25
3.189883404303140651e+03 9.085211408565706400e-25
3.212016829697095091e+03 9.105824696608897066e-25
3.234303830773163099e+03 9.116484269695442019e-25
3.256745473136400960e+03 9.115951882590752676e-25
3.279342829785714002e+03 9.102931978517165684e-25
3.302096981165152101e+03 9.076095633281469934e-25
3.325009015215558520e+03 9.034113917008287275e-25
3.348080027426610741e+03 8.975687594697264030e-25
3.371311120889170525e+03 8.899618622274055117e-25
3.394703406348052340e+03 8.804847211093013011e-25
3.418258002255118754e+03 8.690529157021388765e-25
3.441976034822747806e+03 8.556103999290782319e-25
3.465858638077703290e+03 8.401369322158052544e-25
3.489906953915329723e+03 8.226547948077296960e-25
3.514122132154172050e+03 8.032348395611403349e-25
3.538505330590944141e+03 7.820009967603990457e-25
3.563057715055871995e+03 7.591327724686001829e-25
3.587780459468463505e+03 7.348656373078170149e-25
3.612674745893606541e+03 7.094885981771555731e-25
3.637741764598112240e+03 6.833397194158976601e-25
3.662982714107614811e+03 6.567986159524722788e-25
3.688398801263864698e+03 6.302789371619644009e-25
3.713991241282458759e+03 6.042168868880703617e-25
3.739761257810910138e+03 5.790608625191425517e-25
3.765710082987183341e+03 5.552560747760646482e-25
3.791838957498594937e+03 5.332358452749423033e-25
3.818149130641120337e+03 5.134011359718221020e-25
3.844641860379156242e+03 4.961069163390759095e-25
3.871318413405634146e+03 4.816437855419429256e-25
3.898180065202614060e+03 4.702243015485935745e-25
3.925228100102254302e+03 4.619687975210546627e-25
3.952463811348209674e+03 4.569004181676164008e-25
3.979888501157492556e+03 4.549469271165442047e-25
4.007503480782701899e+03 4.559516094280825711e-25
4.035310070574748806e+03 4.596906095154478418e-25
4.063309600045972275e+03 4.658946074580976224e-25
4.091503407933694234e+03 4.742708117562095801e-25
4.119892842264259343e+03 4.845223896309277932e-25
4.148479260417452679e+03 4.963636350997503617e-25
4.177264029191431291e+03 5.095300667510497208e-25
4.206248524868058666e+03 5.237847535209242746e-25
4.235434133278700756e+03 5.389202019495628626e-25
4.264822249870511769e+03 5.547584105335971680e-25
4.294414279773124690e+03 5.711490251701476484e-25
4.324211637865858393e+03 5.879667928820626395e-25
4.354215748845361304e+03 6.051084880630821464e-25
4.384428047293712552e+03 6.224898838167263357e-25
4.414849977747045159e+03 6.400430288399887293e-25
4.445482994764578507e+03 6.577135494129728887e-25
4.476328562998200141e+03 6.754584479451825416e-25
4.507388157262457753e+03 6.932441418463431123e-25
4.538663262605111413e+03 7.110448183030331568e-25
4.570155374378115084e+03 7.288411261943418025e-25
4.601865998309110182e+03 7.466184846212746298e-25
4.633796650573441184e+03 7.643671843726360726e-25
4.665948857866618710e+03 7.820805157773022912e-25
4.698324157477344670e+03 7.997546076565359927e-25
4.730924097361000349e+03 8.173878427960949709e-25
4.763750236213644712e+03 8.349803385943752223e-25
4.796804143546572959e+03 8.525336033335825307e-25
4.830087399761322558e+03 8.700502385331823077e-25
4.863601596225267713e+03 8.875336759657020037e-25
4.897348335347696775e+03 9.049879728542567699e-25
4.931329230656409891e+03 9.224176468078277811e-25
4.965545906874899629e+03 9.398275321700432358e-25
4.999999999999999091e+03 9.572226614696475572e-25
