1 0.046147889973191636
2 0.038547061036430866
3 0.03311789751017299
4 0.030403315747044118
5 0.02714581763128927
6 0.02551706857341192
7 0.023345403162908885
8 0.022802486810283053
9 0.01900207234190252
10 0.0195449886945282
11 0.01791623963665085
12 0.017373323284025168
13 0.017373323284025168
14 0.016830406931399335
15 0.0162874905787735
16 0.015744574226147817
17 0.015201657873521984
18 0.015201657873521984
19 0.015201657873521984
20 0.01465874152089615
21 0.014115825168270318
22 0.013572908815644635
23 0.013029992463018801
24 0.012487076110392967
25 0.011944159757767284
26 0.01140124340514145
27 0.01140124340514145
28 0.010858327052515618
29 0.010858327052515618
30 0.008686661642012435
31 0.008686661642012435
32 0.00977249434726425
33 0.009229577994638418
34 0.008686661642012584
35 0.009229577994638418
36 0.008686661642012584
37 0.008686661642012584
38 0.007600828936761067
39 0.00814374528938675
40 0.007057912584135234
41 0.0097724943472641
42 0.010858327052515767
43 0.009229577994638418
44 0.011401243405141601
45 0.007600828936761067
46 0.0081437452893869
47 0.007600828936761067
48 0.0081437452893869
49 0.010315410699889935
50 0.007600828936761067
51 0.007057912584135234
52 0.005972079878883717
53 0.0054291635262580335
54 0.005972079878883717
55 0.0054291635262580335
56 0.0054291635262580335
57 0.0054291635262580335
58 0.0054291635262578835
59 0.0048862471736322
60 0.0054291635262578835
61 0.0048862471736322
62 0.00488624717363205
63 0.00488624717363205
64 0.00488624717363205
65 0.0043433308210063665
66 0.0043433308210063665
67 0.00488624717363205
68 0.0043433308210063665
69 0.0043433308210063665
70 0.00488624717363205
71 0.0043433308210063665
72 0.0043433308210063665
73 0.0043433308210063665
74 0.004343330821006217
75 0.004343330821006217
76 0.004343330821006217
77 0.004343330821006217
78 0.004343330821006217
79 0.0038004144683805334
80 0.004343330821006217
81 0.004343330821006217
82 0.004343330821006217
83 0.004343330821006217
84 0.004343330821006217
85 0.004343330821006217
86 0.004343330821006217
87 0.004343330821006217
88 0.0038004144683805334
89 0.0038004144683805334
90 0.0038004144683805334
91 0.0038004144683805334
92 0.0038004144683805334
93 0.0038004144683805334
94 0.0038004144683805334
95 0.0038004144683805334
96 0.0032574981157547003
97 0.0038004144683805334
98 0.0032574981157547003
99 0.0032574981157547003
100 0.0032574981157547003
101 0.0032574981157547003
102 0.0032574981157547003
103 0.0032574981157547003
104 0.0032574981157547003
105 0.0032574981157547003
106 0.0032574981157547003
107 0.0032574981157547003
108 0.0032574981157547003
109 0.0032574981157547003
110 0.0032574981157547003
111 0.0032574981157547003
112 0.0032574981157547003
113 0.0032574981157547003
114 0.0032574981157547003
115 0.0032574981157547003
116 0.0032574981157547003
117 0.0032574981157547003
118 0.0032574981157547003
119 0.0032574981157547003
120 0.0032574981157547003
121 0.0032574981157547003
122 0.0032574981157547003
123 0.0032574981157547003
124 0.0032574981157547003
125 0.0032574981157547003
126 0.0032574981157547003
127 0.0032574981157547003
128 0.0032574981157547003
129 0.0032574981157547003
130 0.0032574981157547003
131 0.0032574981157547003
132 0.0032574981157547003
133 0.0032574981157547003
134 0.0032574981157547003
135 0.0032574981157547003
136 0.0032574981157547003
137 0.0032574981157547003
138 0.0032574981157547003
139 0.0032574981157547003
140 0.0032574981157547003
141 0.0032574981157547003
142 0.0032574981157547003
143 0.0032574981157547003
144 0.0032574981157547003
145 0.0032574981157547003
146 0.002714581763128867
147 0.002714581763128867
148 0.002714581763128867
149 0.002714581763128867
150 0.002714581763128867
151 0.002714581763128867
152 0.002714581763128867
153 0.002714581763128867
154 0.002714581763128867
155 0.002714581763128867
156 0.002714581763128867
157 0.002714581763128867
158 0.002714581763128867
159 0.002714581763128867
160 0.002714581763128867
161 0.002714581763128867
162 0.002714581763128867
163 0.002714581763128867
164 0.002714581763128867
165 0.002714581763128867
166 0.0027145817631290168
167 0.0027145817631290168
168 0.0027145817631290168
169 0.0027145817631290168
170 0.0027145817631290168
171 0.0027145817631290168
172 0.0027145817631290168
173 0.0021716654105031832
174 0.0027145817631290168
175 0.0027145817631290168
176 0.0027145817631290168
177 0.0027145817631290168
178 0.0027145817631290168
179 0.0027145817631290168
180 0.0027145817631290168
181 0.0027145817631290168
182 0.0027145817631290168
183 0.0027145817631290168
184 0.0027145817631290168
185 0.0021716654105031832
186 0.0021716654105031832
187 0.0027145817631290168
188 0.0027145817631290168
189 0.0027145817631290168
190 0.0021716654105031832
191 0.0021716654105031832
192 0.0021716654105031832
193 0.0021716654105031832
194 0.0021716654105031832
195 0.0021716654105031832
196 0.0021716654105031832
197 0.0021716654105031832
198 0.0027145817631290168
199 0.0021716654105031832
200 0.0021716654105031832
201 0.0021716654105031832
202 0.0027145817631290168
203 0.0027145817631290168
204 0.0027145817631290168
205 0.0027145817631290168
206 0.0021716654105031832
207 0.0021716654105031832
208 0.0021716654105031832
209 0.0021716654105031832
210 0.0021716654105031832
211 0.0027145817631290168
212 0.0027145817631290168
213 0.0021716654105031832
214 0.0021716654105031832
215 0.0021716654105031832
216 0.0027145817631290168
217 0.0027145817631290168
218 0.0027145817631290168
219 0.0027145817631290168
220 0.0021716654105031832
221 0.0021716654105031832
222 0.0021716654105031832
223 0.0021716654105031832
224 0.0021716654105031832
225 0.0021716654105031832
226 0.0021716654105031832
227 0.0027145817631290168
228 0.0027145817631290168
229 0.0021716654105031832
230 0.0021716654105031832
231 0.0021716654105031832
232 0.0021716654105031832
233 0.0021716654105031832
234 0.0021716654105031832
235 0.0021716654105031832
236 0.0021716654105031832
237 0.0021716654105031832
238 0.0021716654105031832
239 0.0021716654105031832
240 0.0021716654105031832
241 0.0021716654105031832
242 0.0021716654105031832
243 0.0021716654105031832
244 0.0021716654105031832
245 0.0021716654105031832
246 0.0021716654105031832
247 0.0021716654105031832
248 0.0021716654105031832
249 0.0021716654105031832
250 0.0021716654105031832
251 0.0021716654105031832
252 0.0021716654105031832
253 0.0021716654105031832
254 0.0021716654105031832
255 0.0021716654105031832
256 0.0021716654105031832
257 0.0021716654105031832
258 0.0021716654105031832
259 0.0021716654105031832
260 0.0021716654105031832
261 0.0021716654105031832
262 0.0021716654105031832
263 0.0021716654105031832
264 0.0021716654105031832
265 0.0021716654105031832
266 0.0021716654105031832
267 0.0021716654105031832
268 0.0021716654105031832
269 0.0021716654105031832
270 0.0021716654105031832
271 0.0021716654105031832
272 0.0016287490578773501
273 0.0016287490578773501
274 0.0016287490578773501
275 0.0016287490578773501
276 0.0016287490578773501
277 0.0016287490578773501
278 0.0021716654105031832
279 0.0021716654105031832
280 0.0021716654105031832
281 0.0021716654105031832
282 0.0016287490578773501
283 0.0016287490578773501
284 0.0021716654105031832
285 0.0021716654105031832
286 0.0021716654105031832
287 0.0021716654105031832
288 0.0021716654105031832
289 0.0021716654105031832
290 0.0021716654105031832
291 0.0021716654105031832
292 0.0021716654105031832
293 0.0021716654105031832
294 0.0021716654105031832
295 0.0021716654105031832
296 0.0021716654105031832
297 0.0021716654105031832
298 0.0016287490578773501
299 0.0016287490578773501
300 0.0016287490578773501
301 0.0016287490578773501
302 0.0016287490578773501
303 0.0016287490578773501
304 0.0016287490578773501
305 0.0016287490578773501
306 0.0016287490578773501
307 0.0021716654105031832
308 0.0021716654105031832
309 0.0021716654105031832
310 0.0021716654105031832
311 0.0021716654105031832
312 0.0021716654105031832
313 0.0016287490578773501
314 0.0016287490578773501
315 0.0016287490578773501
316 0.0016287490578773501
317 0.0016287490578773501
318 0.0016287490578773501
319 0.0016287490578773501
320 0.0016287490578773501
321 0.0016287490578773501
322 0.0016287490578773501
323 0.0016287490578773501
324 0.0016287490578773501
325 0.0016287490578773501
326 0.0016287490578773501
327 0.0016287490578773501
328 0.0016287490578773501
329 0.0016287490578773501
330 0.0016287490578773501
331 0.0016287490578773501
332 0.0016287490578773501
333 0.0016287490578773501
334 0.0016287490578773501
335 0.0016287490578773501
336 0.0016287490578773501
337 0.0016287490578773501
338 0.0016287490578773501
339 0.0016287490578773501
340 0.0016287490578773501
341 0.0016287490578773501
342 0.0016287490578773501
343 0.0016287490578773501
344 0.0016287490578773501
345 0.0016287490578773501
346 0.0016287490578773501
347 0.0016287490578773501
348 0.0016287490578773501
349 0.0016287490578773501
350 0.0016287490578773501
351 0.0016287490578773501
352 0.0016287490578773501
353 0.0016287490578773501
354 0.0016287490578773501
355 0.0016287490578773501
356 0.0016287490578773501
357 0.0016287490578773501
358 0.0016287490578773501
359 0.0016287490578773501
360 0.0016287490578773501
361 0.0016287490578773501
362 0.0016287490578773501
363 0.0016287490578773501
364 0.0016287490578773501
365 0.0016287490578773501
366 0.0016287490578773501
367 0.0016287490578773501
368 0.0016287490578773501
369 0.0016287490578773501
370 0.0016287490578773501
371 0.0016287490578773501
372 0.0016287490578773501
373 0.0016287490578773501
374 0.0016287490578773501
375 0.0016287490578773501
376 0.0016287490578773501
377 0.0016287490578773501
378 0.0016287490578773501
379 0.0016287490578773501
380 0.0016287490578773501
381 0.0016287490578773501
382 0.0016287490578773501
383 0.0016287490578773501
384 0.0016287490578773501
385 0.0016287490578773501
386 0.0016287490578773501
387 0.0016287490578773501
388 0.0016287490578773501
389 0.0016287490578773501
390 0.0016287490578773501
391 0.0016287490578773501
392 0.0016287490578773501
393 0.0016287490578773501
394 0.0016287490578773501
395 0.0016287490578773501
396 0.0016287490578773501
397 0.0016287490578773501
398 0.0016287490578773501
399 0.0016287490578773501
400 0.0016287490578773501
401 0.0016287490578773501
402 0.0016287490578773501
403 0.0016287490578773501
404 0.0016287490578773501
405 0.0016287490578773501
406 0.0016287490578773501
407 0.0016287490578773501
408 0.0016287490578773501
409 0.0016287490578773501
410 0.0016287490578773501
411 0.0016287490578773501
412 0.0016287490578773501
413 0.0016287490578773501
414 0.0016287490578773501
415 0.0016287490578773501
416 0.0016287490578773501
417 0.0016287490578773501
418 0.0016287490578773501
419 0.0016287490578773501
420 0.0016287490578773501
421 0.0016287490578773501
422 0.0016287490578773501
423 0.0016287490578773501
424 0.0016287490578773501
425 0.0016287490578773501
426 0.0016287490578773501
427 0.0016287490578773501
428 0.0016287490578773501
429 0.0016287490578773501
430 0.0016287490578773501
431 0.0016287490578773501
432 0.0016287490578773501
433 0.0016287490578773501
434 0.0016287490578773501
435 0.0016287490578773501
436 0.0016287490578773501
437 0.0016287490578773501
438 0.0016287490578773501
439 0.0016287490578773501
440 0.0016287490578773501
441 0.0016287490578773501
442 0.0016287490578773501
443 0.0016287490578773501
444 0.0016287490578773501
445 0.0016287490578773501
446 0.0016287490578773501
447 0.0016287490578773501
448 0.0016287490578773501
449 0.0016287490578773501
450 0.0016287490578773501
451 0.0016287490578773501
452 0.0016287490578773501
453 0.0016287490578773501
454 0.0016287490578773501
455 0.0016287490578773501
456 0.0016287490578773501
457 0.0016287490578773501
458 0.0016287490578773501
459 0.0016287490578773501
460 0.0016287490578773501
461 0.0016287490578773501
462 0.0016287490578773501
463 0.0016287490578773501
464 0.0016287490578773501
465 0.0016287490578773501
466 0.0016287490578773501
467 0.0016287490578773501
468 0.0016287490578773501
469 0.0016287490578773501
470 0.0016287490578773501
471 0.0016287490578773501
472 0.0016287490578773501
473 0.0016287490578773501
474 0.0016287490578773501
475 0.0016287490578773501
476 0.0016287490578773501
477 0.0016287490578773501
478 0.0016287490578773501
479 0.0016287490578773501
480 0.0016287490578773501
481 0.0016287490578773501
482 0.0016287490578773501
483 0.0016287490578773501
484 0.0016287490578773501
485 0.0016287490578773501
486 0.0016287490578773501
487 0.0016287490578773501
488 0.0016287490578773501
489 0.0016287490578773501
490 0.0016287490578773501
491 0.0016287490578773501
492 0.0016287490578773501
493 0.0016287490578773501
494 0.0016287490578773501
495 0.0016287490578773501
496 0.0016287490578773501
497 0.0016287490578773501
498 0.0016287490578773501
499 0.0016287490578773501
500 0.0016287490578773501
501 0.0016287490578773501
502 0.0016287490578773501
503 0.0016287490578773501
504 0.0016287490578773501
505 0.0016287490578773501
506 0.0016287490578773501
507 0.0016287490578773501
508 0.0016287490578773501
509 0.0016287490578773501
510 0.0016287490578773501
511 0.0016287490578773501
512 0.0016287490578773501
513 0.0016287490578773501
514 0.0016287490578773501
515 0.0016287490578773501
516 0.0016287490578773501
517 0.0016287490578773501
518 0.0016287490578773501
519 0.0016287490578773501
520 0.0016287490578773501
521 0.0016287490578773501
522 0.0016287490578773501
523 0.0016287490578773501
524 0.0016287490578773501
525 0.0016287490578773501
526 0.0016287490578773501
527 0.0016287490578773501
528 0.0016287490578773501
529 0.0016287490578773501
530 0.0016287490578773501
531 0.0016287490578773501
532 0.0016287490578773501
533 0.0016287490578773501
534 0.0016287490578773501
535 0.0016287490578773501
536 0.0016287490578773501
537 0.0016287490578773501
538 0.0016287490578773501
539 0.0016287490578773501
540 0.0016287490578773501
541 0.0016287490578773501
542 0.0016287490578773501
543 0.0016287490578773501
544 0.0016287490578773501
545 0.0016287490578773501
546 0.0016287490578773501
547 0.0016287490578773501
548 0.0016287490578773501
549 0.0016287490578773501
550 0.0016287490578773501
551 0.0016287490578773501
552 0.0016287490578773501
553 0.0016287490578773501
554 0.0016287490578773501
555 0.0016287490578773501
556 0.0016287490578773501
557 0.0016287490578773501
558 0.0016287490578773501
559 0.0016287490578773501
560 0.0016287490578773501
561 0.0016287490578773501
562 0.0016287490578773501
563 0.0016287490578773501
564 0.0016287490578773501
565 0.0016287490578773501
566 0.0016287490578773501
567 0.0016287490578773501
568 0.0016287490578773501
569 0.0016287490578773501
570 0.0016287490578773501
571 0.0016287490578773501
572 0.0016287490578773501
573 0.0016287490578773501
574 0.0016287490578773501
575 0.0016287490578773501
576 0.0016287490578773501
577 0.0016287490578773501
578 0.0016287490578773501
579 0.0016287490578773501
580 0.0016287490578773501
581 0.0016287490578773501
582 0.0016287490578773501
583 0.0016287490578773501
584 0.0016287490578773501
585 0.0016287490578773501
586 0.0016287490578773501
587 0.0016287490578773501
588 0.0016287490578773501
589 0.0016287490578773501
590 0.0016287490578773501
591 0.0016287490578773501
592 0.0016287490578773501
593 0.0016287490578773501
594 0.0016287490578773501
595 0.0016287490578773501
596 0.0016287490578773501
597 0.0016287490578773501
598 0.0016287490578773501
599 0.0016287490578773501
600 0.0016287490578773501
601 0.0016287490578773501
602 0.0016287490578773501
603 0.0016287490578773501
604 0.0016287490578773501
605 0.0016287490578773501
606 0.0016287490578773501
607 0.0016287490578773501
608 0.0016287490578773501
609 0.0016287490578773501
610 0.0016287490578773501
611 0.0016287490578773501
612 0.0016287490578773501
613 0.0016287490578773501
614 0.0016287490578773501
615 0.0016287490578773501
616 0.0016287490578773501
617 0.0016287490578773501
618 0.0016287490578773501
619 0.0016287490578773501
620 0.0016287490578773501
621 0.0016287490578773501
622 0.0016287490578773501
623 0.0016287490578773501
624 0.0016287490578773501
625 0.0016287490578773501
626 0.0016287490578773501
627 0.0016287490578773501
628 0.0016287490578773501
629 0.0016287490578773501
630 0.0016287490578773501
631 0.0016287490578773501
632 0.0016287490578773501
633 0.0016287490578773501
634 0.0016287490578773501
635 0.0016287490578773501
636 0.0016287490578773501
637 0.0016287490578773501
638 0.0016287490578773501
639 0.0016287490578773501
640 0.0016287490578773501
641 0.0016287490578773501
642 0.0016287490578773501
643 0.0016287490578773501
644 0.0016287490578773501
645 0.0016287490578773501
646 0.0016287490578773501
647 0.0016287490578773501
648 0.0016287490578773501
649 0.0016287490578773501
650 0.0016287490578773501
651 0.0016287490578773501
652 0.0016287490578773501
653 0.0016287490578773501
654 0.0016287490578773501
655 0.0016287490578773501
656 0.0016287490578773501
657 0.0016287490578773501
658 0.0016287490578773501
659 0.0016287490578773501
660 0.0010858327052516664
661 0.0010858327052516664
662 0.0010858327052516664
663 0.0016287490578773501
664 0.0016287490578773501
665 0.0010858327052516664
666 0.0016287490578773501
667 0.0010858327052516664
668 0.0010858327052516664
669 0.0010858327052516664
670 0.0010858327052516664
671 0.0010858327052516664
672 0.0010858327052516664
673 0.0010858327052516664
674 0.0010858327052516664
675 0.0010858327052516664
676 0.0010858327052516664
677 0.0010858327052516664
678 0.0010858327052516664
679 0.0010858327052516664
680 0.0010858327052516664
681 0.0010858327052516664
682 0.0010858327052516664
683 0.0010858327052516664
684 0.0010858327052516664
685 0.0010858327052516664
686 0.0010858327052516664
687 0.0010858327052516664
688 0.0010858327052516664
689 0.0010858327052516664
690 0.0010858327052516664
691 0.0010858327052516664
692 0.0010858327052516664
693 0.0010858327052516664
694 0.0010858327052516664
695 0.0010858327052516664
696 0.0010858327052516664
697 0.0010858327052516664
698 0.0010858327052516664
699 0.0010858327052516664
700 0.0010858327052516664
701 0.0010858327052516664
702 0.0010858327052516664
703 0.0010858327052516664
704 0.0010858327052516664
705 0.0010858327052516664
706 0.0010858327052516664
707 0.0010858327052516664
708 0.0010858327052516664
709 0.0010858327052516664
710 0.0010858327052516664
711 0.0010858327052516664
712 0.0010858327052516664
713 0.0010858327052516664
714 0.0010858327052516664
715 0.0016287490578773501
716 0.0016287490578773501
717 0.0010858327052516664
718 0.0010858327052516664
719 0.0010858327052516664
720 0.0010858327052516664
721 0.0010858327052516664
722 0.0010858327052516664
723 0.0010858327052516664
724 0.0010858327052516664
725 0.0016287490578773501
726 0.0016287490578773501
727 0.0016287490578773501
728 0.0016287490578773501
729 0.0016287490578773501
730 0.0016287490578773501
731 0.0016287490578773501
732 0.0016287490578773501
733 0.0016287490578773501
734 0.0016287490578773501
735 0.0016287490578773501
736 0.0016287490578773501
737 0.0016287490578773501
738 0.0016287490578773501
739 0.0016287490578773501
740 0.0016287490578773501
741 0.0016287490578773501
742 0.0016287490578773501
743 0.0016287490578773501
744 0.0016287490578773501
745 0.0016287490578773501
746 0.0016287490578773501
747 0.0016287490578773501
748 0.0016287490578773501
749 0.0016287490578773501
750 0.0016287490578773501
751 0.0016287490578773501
752 0.0016287490578773501
753 0.0016287490578773501
754 0.0016287490578773501
755 0.0016287490578773501
756 0.0016287490578773501
757 0.0016287490578773501
758 0.0016287490578773501
759 0.0016287490578773501
760 0.0016287490578773501
761 0.0016287490578773501
762 0.0010858327052516664
763 0.0010858327052516664
764 0.0010858327052516664
765 0.0010858327052516664
766 0.0010858327052516664
767 0.0016287490578773501
768 0.0016287490578773501
769 0.0016287490578773501
770 0.0016287490578773501
771 0.0016287490578773501
772 0.0010858327052516664
773 0.0010858327052516664
774 0.0010858327052516664
775 0.0016287490578773501
776 0.0016287490578773501
777 0.0016287490578773501
778 0.0016287490578773501
779 0.0010858327052516664
780 0.0010858327052516664
781 0.0016287490578773501
782 0.0010858327052516664
783 0.0016287490578773501
784 0.0016287490578773501
785 0.0010858327052516664
786 0.0016287490578773501
787 0.0010858327052516664
788 0.0010858327052516664
789 0.0010858327052516664
790 0.0010858327052516664
791 0.0016287490578773501
792 0.0010858327052516664
793 0.0010858327052516664
794 0.0010858327052516664
795 0.0010858327052516664
796 0.0010858327052516664
797 0.0010858327052516664
798 0.0010858327052516664
799 0.0010858327052516664
800 0.0010858327052516664
801 0.0010858327052516664
802 0.0010858327052516664
803 0.0016287490578773501
804 0.0016287490578773501
805 0.0016287490578773501
806 0.0016287490578773501
807 0.0016287490578773501
808 0.0016287490578773501
809 0.0016287490578773501
810 0.0010858327052516664
811 0.0010858327052516664
812 0.0010858327052516664
813 0.0016287490578773501
814 0.0010858327052516664
815 0.0010858327052516664
816 0.0010858327052516664
817 0.0010858327052516664
818 0.0010858327052516664
819 0.0010858327052516664
820 0.0010858327052516664
821 0.0010858327052516664
822 0.0010858327052516664
823 0.0010858327052516664
824 0.0010858327052516664
825 0.0010858327052516664
826 0.0010858327052516664
827 0.0010858327052516664
828 0.0010858327052516664
829 0.0010858327052516664
830 0.0010858327052516664
831 0.0010858327052516664
832 0.0010858327052516664
833 0.0010858327052516664
834 0.0010858327052516664
835 0.0010858327052516664
836 0.0010858327052516664
837 0.0010858327052516664
838 0.0010858327052516664
839 0.0010858327052516664
840 0.0010858327052516664
841 0.0010858327052516664
842 0.0010858327052516664
843 0.0010858327052516664
844 0.0010858327052516664
845 0.0010858327052516664
846 0.0010858327052516664
847 0.0010858327052516664
848 0.0010858327052516664
849 0.0010858327052516664
850 0.0010858327052516664
851 0.0010858327052516664
852 0.0010858327052516664
853 0.0010858327052516664
854 0.0010858327052516664
855 0.0010858327052516664
856 0.0010858327052516664
857 0.0010858327052516664
858 0.0010858327052516664
859 0.0010858327052516664
860 0.0016287490578773501
861 0.0016287490578773501
862 0.0016287490578773501
863 0.0016287490578773501
864 0.0016287490578773501
865 0.0016287490578773501
866 0.0016287490578773501
867 0.0016287490578773501
868 0.0016287490578773501
869 0.0016287490578773501
870 0.0016287490578773501
871 0.0016287490578773501
872 0.0016287490578773501
873 0.0016287490578773501
874 0.0016287490578773501
875 0.0010858327052516664
876 0.0010858327052516664
877 0.0010858327052516664
878 0.0010858327052516664
879 0.0010858327052516664
880 0.0010858327052516664
881 0.0010858327052516664
882 0.0010858327052516664
883 0.0010858327052516664
884 0.0010858327052516664
885 0.0010858327052516664
886 0.0010858327052516664
887 0.0010858327052516664
888 0.0010858327052516664
889 0.0010858327052516664
890 0.0010858327052516664
891 0.0010858327052516664
892 0.0010858327052516664
893 0.0010858327052516664
894 0.0010858327052516664
895 0.0010858327052516664
896 0.0010858327052516664
897 0.0010858327052516664
898 0.0010858327052516664
899 0.0010858327052516664
900 0.0010858327052516664
901 0.0010858327052516664
902 0.0010858327052516664
903 0.0010858327052516664
904 0.0010858327052516664
905 0.0010858327052516664
906 0.0010858327052516664
907 0.0010858327052516664
908 0.0010858327052516664
909 0.0010858327052516664
910 0.0010858327052516664
911 0.0010858327052516664
912 0.0010858327052516664
913 0.0010858327052516664
914 0.0010858327052516664
915 0.0010858327052516664
916 0.0010858327052516664
917 0.0010858327052516664
918 0.0010858327052516664
919 0.0010858327052516664
920 0.0010858327052516664
921 0.0010858327052516664
922 0.0010858327052516664
923 0.0010858327052516664
924 0.0016287490578773501
925 0.0016287490578773501
926 0.0010858327052516664
927 0.0010858327052516664
928 0.0010858327052516664
929 0.0010858327052516664
930 0.0010858327052516664
931 0.0016287490578773501
932 0.0016287490578773501
933 0.0010858327052516664
934 0.0010858327052516664
935 0.0016287490578773501
936 0.0010858327052516664
937 0.0010858327052516664
938 0.0010858327052516664
939 0.0010858327052516664
940 0.0010858327052516664
941 0.0010858327052516664
942 0.0010858327052516664
943 0.0010858327052516664
944 0.0010858327052516664
945 0.0010858327052516664
946 0.0010858327052516664
947 0.0010858327052516664
948 0.0010858327052516664
949 0.0010858327052516664
950 0.0010858327052516664
951 0.0010858327052516664
952 0.0010858327052516664
953 0.0010858327052516664
954 0.0010858327052516664
955 0.0010858327052516664
956 0.0010858327052516664
957 0.0010858327052516664
958 0.0010858327052516664
959 0.0010858327052516664
960 0.0010858327052516664
961 0.0010858327052516664
962 0.0010858327052516664
963 0.0010858327052516664
964 0.0010858327052516664
965 0.0010858327052516664
966 0.0010858327052516664
967 0.0010858327052516664
968 0.0010858327052516664
969 0.0010858327052516664
970 0.0010858327052516664
971 0.0010858327052516664
972 0.0010858327052516664
973 0.0010858327052516664
974 0.0010858327052516664
975 0.0010858327052516664
976 0.0010858327052516664
977 0.0010858327052516664
978 0.0010858327052516664
979 0.0010858327052516664
980 0.0010858327052516664
981 0.0010858327052516664
982 0.0010858327052516664
983 0.0010858327052516664
984 0.0010858327052516664
985 0.0010858327052516664
986 0.0010858327052516664
987 0.0010858327052516664
988 0.0010858327052516664
989 0.0010858327052516664
990 0.0010858327052516664
991 0.0010858327052516664
992 0.0010858327052516664
993 0.0010858327052516664
994 0.0010858327052516664
995 0.0010858327052516664
996 0.0010858327052516664
997 0.0010858327052516664
998 0.0010858327052516664
999 0.0010858327052516664
1000 0.0010858327052516664
1001 0.0010858327052516664
1002 0.0010858327052516664
1003 0.0010858327052516664
1004 0.0010858327052516664
1005 0.0010858327052516664
1006 0.0010858327052516664
1007 0.0010858327052516664
1008 0.0010858327052516664
1009 0.0010858327052516664
1010 0.0010858327052516664
1011 0.0010858327052516664
1012 0.0010858327052516664
1013 0.0010858327052516664
1014 0.0010858327052516664
1015 0.0010858327052516664
1016 0.0010858327052516664
1017 0.0010858327052516664
1018 0.0010858327052516664
1019 0.0010858327052516664
1020 0.0010858327052516664
1021 0.0010858327052516664
1022 0.0010858327052516664
1023 0.0010858327052516664
1024 0.0010858327052516664
1025 0.0010858327052516664
1026 0.0010858327052516664
1027 0.0010858327052516664
1028 0.0010858327052516664
1029 0.0010858327052516664
1030 0.0010858327052516664
1031 0.0010858327052516664
1032 0.0010858327052516664
1033 0.0010858327052516664
1034 0.0010858327052516664
1035 0.0010858327052516664
1036 0.0010858327052516664
1037 0.0010858327052516664
1038 0.0010858327052516664
1039 0.0010858327052516664
1040 0.0010858327052516664
1041 0.0010858327052516664
1042 0.0010858327052516664
1043 0.0010858327052516664
1044 0.0010858327052516664
1045 0.0010858327052516664
1046 0.0010858327052516664
1047 0.0010858327052516664
1048 0.0010858327052516664
1049 0.0010858327052516664
1050 0.0010858327052516664
1051 0.0010858327052516664
1052 0.0010858327052516664
1053 0.0010858327052516664
1054 0.0010858327052516664
1055 0.0010858327052516664
1056 0.0010858327052516664
1057 0.0010858327052516664
1058 0.0010858327052516664
1059 0.0010858327052516664
1060 0.0010858327052516664
1061 0.0010858327052516664
1062 0.0010858327052516664
1063 0.0010858327052516664
1064 0.0010858327052516664
1065 0.0010858327052516664
1066 0.0010858327052516664
1067 0.0010858327052516664
1068 0.0010858327052516664
1069 0.0010858327052516664
1070 0.0010858327052516664
1071 0.0010858327052516664
1072 0.0010858327052516664
1073 0.0010858327052516664
1074 0.0010858327052516664
1075 0.0010858327052516664
1076 0.0010858327052516664
1077 0.0010858327052516664
1078 0.0010858327052516664
1079 0.0010858327052516664
1080 0.0010858327052516664
1081 0.0010858327052516664
1082 0.0010858327052516664
1083 0.0010858327052516664
1084 0.0010858327052516664
1085 0.0010858327052516664
1086 0.0010858327052516664
1087 0.0010858327052516664
1088 0.0010858327052516664
1089 0.0010858327052516664
1090 0.0010858327052516664
1091 0.0010858327052516664
1092 0.0010858327052516664
1093 0.0010858327052516664
1094 0.0010858327052516664
1095 0.0010858327052516664
1096 0.0010858327052516664
1097 0.0010858327052516664
1098 0.0010858327052516664
1099 0.0010858327052516664
1100 0.0010858327052516664
1101 0.0010858327052516664
1102 0.0010858327052516664
1103 0.0010858327052516664
1104 0.0010858327052516664
1105 0.0010858327052516664
1106 0.0010858327052516664
1107 0.0010858327052516664
1108 0.0010858327052516664
1109 0.0010858327052516664
1110 0.0010858327052516664
1111 0.0010858327052516664
1112 0.0010858327052516664
1113 0.0010858327052516664
1114 0.0010858327052516664
1115 0.0010858327052516664
1116 0.0010858327052516664
1117 0.0010858327052516664
1118 0.0010858327052516664
1119 0.0010858327052516664
1120 0.0010858327052516664
1121 0.0010858327052516664
1122 0.0010858327052516664
1123 0.0010858327052516664
1124 0.0010858327052516664
1125 0.0010858327052516664
1126 0.0010858327052516664
1127 0.0010858327052516664
1128 0.0010858327052516664
1129 0.0010858327052516664
1130 0.0010858327052516664
1131 0.0010858327052516664
1132 0.0010858327052516664
1133 0.0010858327052516664
1134 0.0010858327052516664
1135 0.0010858327052516664
1136 0.0010858327052516664
1137 0.0010858327052516664
1138 0.0010858327052516664
1139 0.0010858327052516664
1140 0.0010858327052516664
1141 0.0010858327052516664
1142 0.0010858327052516664
1143 0.0010858327052516664
1144 0.0010858327052516664
1145 0.0010858327052516664
1146 0.0010858327052516664
1147 0.0010858327052516664
1148 0.0010858327052516664
1149 0.0010858327052516664
1150 0.0010858327052516664
1151 0.0010858327052516664
1152 0.0010858327052516664
1153 0.0010858327052516664
1154 0.0010858327052516664
1155 0.0010858327052516664
1156 0.0010858327052516664
1157 0.0010858327052516664
1158 0.0010858327052516664
1159 0.0010858327052516664
1160 0.0010858327052516664
1161 0.0010858327052516664
1162 0.0010858327052516664
1163 0.0010858327052516664
1164 0.0010858327052516664
1165 0.0010858327052516664
1166 0.0010858327052516664
1167 0.0010858327052516664
1168 0.0010858327052516664
1169 0.0010858327052516664
1170 0.0010858327052516664
1171 0.0010858327052516664
1172 0.0010858327052516664
1173 0.0010858327052516664
1174 0.0010858327052516664
1175 0.0010858327052516664
1176 0.0010858327052516664
1177 0.0010858327052516664
1178 0.0010858327052516664
1179 0.0010858327052516664
1180 0.0010858327052516664
1181 0.0010858327052516664
1182 0.0010858327052516664
1183 0.0010858327052516664
1184 0.0010858327052516664
1185 0.0010858327052516664
1186 0.0010858327052516664
1187 0.0010858327052516664
1188 0.0010858327052516664
1189 0.0010858327052516664
1190 0.0010858327052516664
1191 0.0010858327052516664
1192 0.0010858327052516664
1193 0.0010858327052516664
1194 0.0010858327052516664
1195 0.0010858327052516664
1196 0.0010858327052516664
1197 0.0010858327052516664
1198 0.0010858327052516664
1199 0.0010858327052516664
1200 0.0010858327052516664
1201 0.0010858327052516664
1202 0.0010858327052516664
1203 0.0010858327052516664
1204 0.0010858327052516664
1205 0.0010858327052516664
1206 0.0010858327052516664
1207 0.0010858327052516664
1208 0.0010858327052516664
1209 0.0010858327052516664
1210 0.0010858327052516664
1211 0.0010858327052516664
1212 0.0010858327052516664
1213 0.0010858327052516664
1214 0.0010858327052516664
1215 0.0010858327052516664
1216 0.0010858327052516664
1217 0.0010858327052516664
1218 0.0010858327052516664
1219 0.0010858327052516664
1220 0.0010858327052516664
1221 0.0010858327052516664
1222 0.0010858327052516664
1223 0.0010858327052516664
1224 0.0010858327052516664
1225 0.0010858327052516664
1226 0.0010858327052516664
1227 0.0010858327052516664
1228 0.0010858327052516664
1229 0.0010858327052516664
1230 0.0010858327052516664
1231 0.0010858327052516664
1232 0.0010858327052516664
1233 0.0010858327052516664
1234 0.0010858327052516664
1235 0.0005429163526258332
1236 0.0005429163526258332
1237 0.0005429163526258332
1238 0.0005429163526258332
1239 0.0010858327052516664
1240 0.0010858327052516664
1241 0.0010858327052516664
1242 0.0010858327052516664
1243 0.0010858327052516664
1244 0.0010858327052516664
1245 0.0010858327052516664
1246 0.0010858327052516664
1247 0.0010858327052516664
1248 0.0010858327052516664
1249 0.0010858327052516664
1250 0.0010858327052516664
1251 0.0005429163526258332
1252 0.0005429163526258332
1253 0.0005429163526258332
1254 0.0010858327052516664
1255 0.0005429163526258332
1256 0.0010858327052516664
1257 0.0010858327052516664
1258 0.0010858327052516664
1259 0.0010858327052516664
1260 0.0010858327052516664
1261 0.0010858327052516664
1262 0.0010858327052516664
1263 0.0010858327052516664
1264 0.0010858327052516664
1265 0.0010858327052516664
1266 0.0010858327052516664
1267 0.0010858327052516664
1268 0.0010858327052516664
1269 0.0010858327052516664
1270 0.0010858327052516664
1271 0.0010858327052516664
1272 0.0010858327052516664
1273 0.0010858327052516664
1274 0.0010858327052516664
1275 0.0010858327052516664
1276 0.0010858327052516664
1277 0.0010858327052516664
1278 0.0010858327052516664
1279 0.0010858327052516664
1280 0.0010858327052516664
1281 0.0010858327052516664
1282 0.0010858327052516664
1283 0.0010858327052516664
1284 0.0010858327052516664
1285 0.0010858327052516664
1286 0.0010858327052516664
1287 0.0010858327052516664
1288 0.0010858327052516664
1289 0.0010858327052516664
1290 0.0010858327052516664
1291 0.0010858327052516664
1292 0.0005429163526258332
1293 0.0005429163526258332
1294 0.0005429163526258332
1295 0.0010858327052516664
1296 0.0005429163526258332
1297 0.0005429163526258332
1298 0.0005429163526258332
1299 0.0005429163526258332
1300 0.0010858327052516664
1301 0.0010858327052516664
1302 0.0010858327052516664
1303 0.0005429163526258332
1304 0.0005429163526258332
1305 0.0005429163526258332
1306 0.0010858327052516664
1307 0.0010858327052516664
1308 0.0010858327052516664
1309 0.0010858327052516664
1310 0.0010858327052516664
1311 0.0010858327052516664
1312 0.0010858327052516664
1313 0.0010858327052516664
1314 0.0010858327052516664
1315 0.0010858327052516664
1316 0.0005429163526258332
1317 0.0005429163526258332
1318 0.0010858327052516664
1319 0.0010858327052516664
1320 0.0005429163526258332
1321 0.0005429163526258332
1322 0.0005429163526258332
1323 0.0005429163526258332
1324 0.0005429163526258332
1325 0.0005429163526258332
1326 0.0005429163526258332
1327 0.0005429163526258332
1328 0.0005429163526258332
1329 0.0005429163526258332
1330 0.0005429163526258332
1331 0.0005429163526258332
1332 0.0005429163526258332
1333 0.0005429163526258332
1334 0.0005429163526258332
1335 0.0005429163526258332
1336 0.0005429163526258332
1337 0.0005429163526258332
1338 0.0005429163526258332
1339 0.0005429163526258332
1340 0.0005429163526258332
1341 0.0005429163526258332
1342 0.0005429163526258332
1343 0.0005429163526258332
1344 0.0005429163526258332
1345 0.0005429163526258332
1346 0.0005429163526258332
1347 0.0005429163526258332
1348 0.0005429163526258332
1349 0.0005429163526258332
1350 0.0005429163526258332
1351 0.0005429163526258332
1352 0.0005429163526258332
1353 0.0005429163526258332
1354 0.0005429163526258332
1355 0.0005429163526258332
1356 0.0005429163526258332
1357 0.0005429163526258332
1358 0.0005429163526258332
1359 0.0005429163526258332
1360 0.0005429163526258332
1361 0.0005429163526258332
1362 0.0005429163526258332
1363 0.0005429163526258332
1364 0.0005429163526258332
1365 0.0005429163526258332
1366 0.0005429163526258332
1367 0.0005429163526258332
1368 0.0005429163526258332
1369 0.0005429163526258332
1370 0.0010858327052516664
1371 0.0010858327052516664
1372 0.0010858327052516664
1373 0.0005429163526258332
1374 0.0005429163526258332
1375 0.0005429163526258332
1376 0.0005429163526258332
1377 0.0005429163526258332
1378 0.0005429163526258332
1379 0.0005429163526258332
1380 0.0005429163526258332
1381 0.0005429163526258332
1382 0.0005429163526258332
1383 0.0005429163526258332
1384 0.0005429163526258332
1385 0.0005429163526258332
1386 0.0005429163526258332
1387 0.0005429163526258332
1388 0.0005429163526258332
1389 0.0005429163526258332
1390 0.0005429163526258332
1391 0.0005429163526258332
1392 0.0005429163526258332
1393 0.0005429163526258332
1394 0.0005429163526258332
1395 0.0005429163526258332
1396 0.0005429163526258332
1397 0.0005429163526258332
1398 0.0005429163526258332
1399 0.0005429163526258332
1400 0.0005429163526258332
1401 0.0005429163526258332
1402 0.0010858327052516664
1403 0.0010858327052516664
1404 0.0010858327052516664
1405 0.0010858327052516664
1406 0.0010858327052516664
1407 0.0010858327052516664
1408 0.0010858327052516664
1409 0.0010858327052516664
1410 0.0010858327052516664
1411 0.0010858327052516664
1412 0.0010858327052516664
1413 0.0010858327052516664
1414 0.0010858327052516664
1415 0.0010858327052516664
1416 0.0010858327052516664
1417 0.0010858327052516664
1418 0.0010858327052516664
1419 0.0010858327052516664
1420 0.0010858327052516664
1421 0.0010858327052516664
1422 0.0010858327052516664
1423 0.0010858327052516664
1424 0.0010858327052516664
1425 0.0010858327052516664
1426 0.0010858327052516664
1427 0.0010858327052516664
1428 0.0010858327052516664
1429 0.0010858327052516664
1430 0.0010858327052516664
1431 0.0010858327052516664
1432 0.0010858327052516664
1433 0.0010858327052516664
1434 0.0010858327052516664
1435 0.0010858327052516664
1436 0.0010858327052516664
1437 0.0010858327052516664
1438 0.0010858327052516664
1439 0.0010858327052516664
1440 0.0010858327052516664
1441 0.0010858327052516664
1442 0.0010858327052516664
1443 0.0010858327052516664
1444 0.0010858327052516664
1445 0.0005429163526258332
1446 0.0005429163526258332
1447 0.0005429163526258332
1448 0.0005429163526258332
1449 0.0005429163526258332
1450 0.0005429163526258332
1451 0.0005429163526258332
1452 0.0005429163526258332
1453 0.0005429163526258332
1454 0.0005429163526258332
1455 0.0005429163526258332
1456 0.0005429163526258332
1457 0.0005429163526258332
1458 0.0005429163526258332
1459 0.0005429163526258332
1460 0.0005429163526258332
1461 0.0005429163526258332
1462 0.0005429163526258332
1463 0.0005429163526258332
1464 0.0005429163526258332
1465 0.0010858327052516664
1466 0.0010858327052516664
1467 0.0010858327052516664
1468 0.0010858327052516664
1469 0.0010858327052516664
1470 0.0010858327052516664
1471 0.0010858327052516664
1472 0.0010858327052516664
1473 0.0010858327052516664
1474 0.0005429163526258332
1475 0.0005429163526258332
1476 0.0005429163526258332
1477 0.0005429163526258332
1478 0.0005429163526258332
1479 0.0005429163526258332
1480 0.0005429163526258332
1481 0.0010858327052516664
1482 0.0010858327052516664
1483 0.0010858327052516664
1484 0.0005429163526258332
1485 0.0010858327052516664
1486 0.0010858327052516664
1487 0.0010858327052516664
1488 0.0010858327052516664
1489 0.0010858327052516664
1490 0.0010858327052516664
1491 0.0010858327052516664
1492 0.0010858327052516664
1493 0.0010858327052516664
1494 0.0010858327052516664
1495 0.0010858327052516664
1496 0.0010858327052516664
1497 0.0010858327052516664
1498 0.0010858327052516664
1499 0.0010858327052516664
1500 0.0010858327052516664
1501 0.0010858327052516664
1502 0.0010858327052516664
1503 0.0010858327052516664
1504 0.0010858327052516664
1505 0.0010858327052516664
1506 0.0010858327052516664
1507 0.0010858327052516664
1508 0.0010858327052516664
1509 0.0010858327052516664
1510 0.0010858327052516664
1511 0.0010858327052516664
1512 0.0010858327052516664
1513 0.0010858327052516664
1514 0.0010858327052516664
1515 0.0010858327052516664
1516 0.0010858327052516664
1517 0.0010858327052516664
1518 0.0010858327052516664
1519 0.0010858327052516664
1520 0.0010858327052516664
1521 0.0010858327052516664
1522 0.0010858327052516664
1523 0.0010858327052516664
1524 0.0010858327052516664
1525 0.0010858327052516664
1526 0.0010858327052516664
1527 0.0010858327052516664
1528 0.0010858327052516664
1529 0.0010858327052516664
1530 0.0010858327052516664
1531 0.0010858327052516664
1532 0.0010858327052516664
1533 0.0010858327052516664
1534 0.0010858327052516664
1535 0.0005429163526258332
1536 0.0005429163526258332
1537 0.0010858327052516664
1538 0.0010858327052516664
1539 0.0005429163526258332
1540 0.0005429163526258332
1541 0.0005429163526258332
1542 0.0005429163526258332
1543 0.0005429163526258332
1544 0.0005429163526258332
1545 0.0010858327052516664
1546 0.0010858327052516664
1547 0.0010858327052516664
1548 0.0010858327052516664
1549 0.0010858327052516664
1550 0.0010858327052516664
1551 0.0010858327052516664
1552 0.0010858327052516664
1553 0.0010858327052516664
1554 0.0010858327052516664
1555 0.0010858327052516664
1556 0.0010858327052516664
1557 0.0010858327052516664
1558 0.0010858327052516664
1559 0.0010858327052516664
1560 0.0010858327052516664
1561 0.0005429163526258332
1562 0.0005429163526258332
1563 0.0005429163526258332
1564 0.0005429163526258332
1565 0.0005429163526258332
1566 0.0005429163526258332
1567 0.0005429163526258332
1568 0.0005429163526258332
1569 0.0005429163526258332
1570 0.0010858327052516664
1571 0.0010858327052516664
1572 0.0010858327052516664
1573 0.0010858327052516664
1574 0.0010858327052516664
1575 0.0010858327052516664
1576 0.0005429163526258332
1577 0.0005429163526258332
1578 0.0010858327052516664
1579 0.0010858327052516664
1580 0.0010858327052516664
1581 0.0005429163526258332
1582 0.0005429163526258332
1583 0.0005429163526258332
1584 0.0005429163526258332
1585 0.0005429163526258332
1586 0.0005429163526258332
1587 0.0005429163526258332
1588 0.0005429163526258332
1589 0.0005429163526258332
1590 0.0005429163526258332
1591 0.0005429163526258332
1592 0.0005429163526258332
1593 0.0005429163526258332
1594 0.0005429163526258332
1595 0.0005429163526258332
1596 0.0005429163526258332
1597 0.0005429163526258332
1598 0.0005429163526258332
1599 0.0005429163526258332
1600 0.0005429163526258332
1601 0.0005429163526258332
1602 0.0005429163526258332
1603 0.0005429163526258332
1604 0.0005429163526258332
1605 0.0005429163526258332
1606 0.0005429163526258332
1607 0.0005429163526258332
1608 0.0005429163526258332
1609 0.0005429163526258332
1610 0.0005429163526258332
1611 0.0005429163526258332
1612 0.0005429163526258332
1613 0.0005429163526258332
1614 0.0005429163526258332
1615 0.0005429163526258332
1616 0.0005429163526258332
1617 0.0005429163526258332
1618 0.0005429163526258332
1619 0.0005429163526258332
1620 0.0005429163526258332
1621 0.0005429163526258332
1622 0.0005429163526258332
1623 0.0005429163526258332
1624 0.0005429163526258332
1625 0.0005429163526258332
1626 0.0005429163526258332
1627 0.0005429163526258332
1628 0.0005429163526258332
1629 0.0005429163526258332
1630 0.0005429163526258332
1631 0.0005429163526258332
1632 0.0005429163526258332
1633 0.0005429163526258332
1634 0.0005429163526258332
1635 0.0005429163526258332
1636 0.0005429163526258332
1637 0.0005429163526258332
1638 0.0005429163526258332
1639 0.0005429163526258332
1640 0.0005429163526258332
1641 0.0005429163526258332
1642 0.0005429163526258332
1643 0.0005429163526258332
1644 0.0005429163526258332
1645 0.0005429163526258332
1646 0.0005429163526258332
1647 0.0005429163526258332
1648 0.0005429163526258332
1649 0.0005429163526258332
1650 0.0005429163526258332
1651 0.0005429163526258332
1652 0.0005429163526258332
1653 0.0005429163526258332
1654 0.0005429163526258332
1655 0.0005429163526258332
1656 0.0005429163526258332
1657 0.0005429163526258332
1658 0.0005429163526258332
1659 0.0005429163526258332
1660 0.0005429163526258332
1661 0.0005429163526258332
1662 0.0005429163526258332
1663 0.0005429163526258332
1664 0.0005429163526258332
1665 0.0005429163526258332
1666 0.0005429163526258332
1667 0.0005429163526258332
1668 0.0005429163526258332
1669 0.0005429163526258332
1670 0.0005429163526258332
1671 0.0005429163526258332
1672 0.0005429163526258332
1673 0.0005429163526258332
1674 0.0005429163526258332
1675 0.0005429163526258332
1676 0.0005429163526258332
1677 0.0005429163526258332
1678 0.0005429163526258332
1679 0.0005429163526258332
1680 0.0005429163526258332
1681 0.0005429163526258332
1682 0.0005429163526258332
1683 0.0005429163526258332
1684 0.0005429163526258332
1685 0.0005429163526258332
1686 0.0005429163526258332
1687 0.0005429163526258332
1688 0.0005429163526258332
1689 0.0005429163526258332
1690 0.0005429163526258332
1691 0.0005429163526258332
1692 0.0005429163526258332
1693 0.0005429163526258332
1694 0.0005429163526258332
1695 0.0005429163526258332
1696 0.0005429163526258332
1697 0.0005429163526258332
1698 0.0005429163526258332
1699 0.0005429163526258332
1700 0.0005429163526258332
1701 0.0005429163526258332
1702 0.0005429163526258332
1703 0.0005429163526258332
1704 0.0005429163526258332
1705 0.0005429163526258332
1706 0.0005429163526258332
1707 0.0005429163526258332
1708 0.0005429163526258332
1709 0.0005429163526258332
1710 0.0005429163526258332
1711 0.0005429163526258332
1712 0.0005429163526258332
1713 0.0005429163526258332
1714 0.0005429163526258332
1715 0.0005429163526258332
1716 0.0005429163526258332
1717 0.0005429163526258332
1718 0.0005429163526258332
1719 0.0005429163526258332
1720 0.0005429163526258332
1721 0.0005429163526258332
1722 0.0005429163526258332
1723 0.0005429163526258332
1724 0.0005429163526258332
1725 0.0005429163526258332
1726 0.0005429163526258332
1727 0.0005429163526258332
1728 0.0005429163526258332
1729 0.0005429163526258332
1730 0.0005429163526258332
1731 0.0005429163526258332
1732 0.0005429163526258332
1733 0.0005429163526258332
1734 0.0005429163526258332
1735 0.0005429163526258332
1736 0.0005429163526258332
1737 0.0005429163526258332
1738 0.0005429163526258332
1739 0.0005429163526258332
1740 0.0005429163526258332
1741 0.0005429163526258332
1742 0.0005429163526258332
1743 0.0005429163526258332
1744 0.0005429163526258332
1745 0.0005429163526258332
1746 0.0005429163526258332
1747 0.0005429163526258332
1748 0.0005429163526258332
1749 0.0005429163526258332
1750 0.0005429163526258332
1751 0.0005429163526258332
1752 0.0005429163526258332
1753 0.0005429163526258332
1754 0.0005429163526258332
1755 0.0005429163526258332
1756 0.0005429163526258332
1757 0.0005429163526258332
1758 0.0005429163526258332
1759 0.0005429163526258332
1760 0.0005429163526258332
1761 0.0005429163526258332
1762 0.0005429163526258332
1763 0.0005429163526258332
1764 0.0005429163526258332
1765 0.0005429163526258332
1766 0.0005429163526258332
1767 0.0005429163526258332
1768 0.0005429163526258332
1769 0.0005429163526258332
1770 0.0005429163526258332
1771 0.0005429163526258332
1772 0.0005429163526258332
1773 0.0005429163526258332
1774 0.0005429163526258332
1775 0.0005429163526258332
1776 0.0005429163526258332
1777 0.0005429163526258332
1778 0.0005429163526258332
1779 0.0005429163526258332
1780 0.0005429163526258332
1781 0.0005429163526258332
1782 0.0005429163526258332
1783 0.0005429163526258332
1784 0.0005429163526258332
1785 0.0005429163526258332
1786 0.0005429163526258332
1787 0.0005429163526258332
1788 0.0005429163526258332
1789 0.0005429163526258332
1790 0.0005429163526258332
1791 0.0005429163526258332
1792 0.0005429163526258332
1793 0.0005429163526258332
1794 0.0005429163526258332
1795 0.0005429163526258332
1796 0.0005429163526258332
1797 0.0005429163526258332
1798 0.0005429163526258332
1799 0.0005429163526258332
1800 0.0005429163526258332
1801 0.0005429163526258332
1802 0.0005429163526258332
1803 0.0005429163526258332
1804 0.0005429163526258332
1805 0.0005429163526258332
1806 0.0005429163526258332
1807 0.0005429163526258332
1808 0.0005429163526258332
1809 0.0005429163526258332
1810 0.0005429163526258332
1811 0.0005429163526258332
1812 0.0005429163526258332
1813 0.0005429163526258332
1814 0.0005429163526258332
1815 0.0005429163526258332
1816 0.0005429163526258332
1817 0.0005429163526258332
1818 0.0005429163526258332
1819 0.0005429163526258332
1820 0.0005429163526258332
1821 0.0005429163526258332
1822 0.0005429163526258332
1823 0.0005429163526258332
1824 0.0005429163526258332
1825 0.0005429163526258332
1826 0.0005429163526258332
1827 0.0005429163526258332
1828 0.0005429163526258332
1829 0.0005429163526258332
1830 0.0005429163526258332
1831 0.0005429163526258332
1832 0.0005429163526258332
1833 0.0005429163526258332
1834 0.0005429163526258332
1835 0.0005429163526258332
1836 0.0005429163526258332
1837 0.0005429163526258332
1838 0.0005429163526258332
1839 0.0005429163526258332
1840 0.0005429163526258332
1841 0.0005429163526258332
1842 0.0005429163526258332
1843 0.0005429163526258332
1844 0.0005429163526258332
1845 0.0005429163526258332
1846 0.0005429163526258332
1847 0.0005429163526258332
1848 0.0005429163526258332
1849 0.0005429163526258332
1850 0.0005429163526258332
1851 0.0005429163526258332
1852 0.0005429163526258332
1853 0.0005429163526258332
1854 0.0005429163526258332
1855 0.0005429163526258332
1856 0.0005429163526258332
1857 0.0005429163526258332
1858 0.0005429163526258332
1859 0.0005429163526258332
1860 0.0005429163526258332
1861 0.0005429163526258332
1862 0.0005429163526258332
1863 0.0005429163526258332
1864 0.0005429163526258332
1865 0.0005429163526258332
1866 0.0005429163526258332
1867 0.0005429163526258332
1868 0.0005429163526258332
1869 0.0005429163526258332
1870 0.0005429163526258332
1871 0.0005429163526258332
1872 0.0005429163526258332
1873 0.0005429163526258332
1874 0.0005429163526258332
1875 0.0005429163526258332
1876 0.0005429163526258332
1877 0.0005429163526258332
1878 0.0005429163526258332
1879 0.0005429163526258332
1880 0.0005429163526258332
1881 0.0005429163526258332
1882 0.0005429163526258332
1883 0.0005429163526258332
1884 0.0005429163526258332
1885 0.0005429163526258332
1886 0.0005429163526258332
1887 0.0005429163526258332
1888 0.0005429163526258332
1889 0.0005429163526258332
1890 0.0005429163526258332
1891 0.0005429163526258332
1892 0.0005429163526258332
1893 0.0005429163526258332
1894 0.0005429163526258332
1895 0.0005429163526258332
1896 0.0005429163526258332
1897 0.0005429163526258332
1898 0.0005429163526258332
1899 0.0005429163526258332
1900 0.0005429163526258332
1901 0.0005429163526258332
1902 0.0005429163526258332
1903 0.0005429163526258332
1904 0.0005429163526258332
1905 0.0005429163526258332
1906 0.0005429163526258332
1907 0.0005429163526258332
1908 0.0005429163526258332
1909 0.0005429163526258332
1910 0.0005429163526258332
1911 0.0005429163526258332
1912 0.0005429163526258332
1913 0.0005429163526258332
1914 0.0005429163526258332
1915 0.0005429163526258332
1916 0.0005429163526258332
1917 0.0005429163526258332
1918 0.0005429163526258332
1919 0.0005429163526258332
1920 0.0005429163526258332
1921 0.0005429163526258332
1922 0.0005429163526258332
1923 0.0005429163526258332
1924 0.0005429163526258332
1925 0.0005429163526258332
1926 0.0005429163526258332
1927 0.0005429163526258332
1928 0.0005429163526258332
1929 0.0005429163526258332
1930 0.0005429163526258332
1931 0.0005429163526258332
1932 0.0005429163526258332
1933 0.0005429163526258332
1934 0.0005429163526258332
1935 0.0005429163526258332
1936 0.0005429163526258332
1937 0.0005429163526258332
1938 0.0005429163526258332
1939 0.0005429163526258332
1940 0.0005429163526258332
1941 0.0005429163526258332
1942 0.0005429163526258332
1943 0.0005429163526258332
1944 0.0005429163526258332
1945 0.0005429163526258332
1946 0.0005429163526258332
1947 0.0005429163526258332
1948 0.0005429163526258332
1949 0.0005429163526258332
1950 0.0005429163526258332
1951 0.0005429163526258332
1952 0.0005429163526258332
1953 0.0005429163526258332
1954 0.0005429163526258332
1955 0.0005429163526258332
1956 0.0005429163526258332
1957 0.0005429163526258332
1958 0.0005429163526258332
1959 0.0005429163526258332
1960 0.0005429163526258332
1961 0.0005429163526258332
1962 0.0005429163526258332
1963 0.0005429163526258332
1964 0.0005429163526258332
1965 0.0005429163526258332
1966 0.0005429163526258332
1967 0.0005429163526258332
1968 0.0005429163526258332
1969 0.0005429163526258332
1970 0.0005429163526258332
1971 0.0005429163526258332
1972 0.0005429163526258332
1973 0.0005429163526258332
1974 0.0005429163526258332
1975 0.0005429163526258332
1976 0.0005429163526258332
1977 0.0005429163526258332
1978 0.0005429163526258332
1979 0.0005429163526258332
1980 0.0005429163526258332
1981 0.0005429163526258332
1982 0.0005429163526258332
1983 0.0005429163526258332
1984 0.0005429163526258332
1985 0.0005429163526258332
1986 0.0005429163526258332
1987 0.0005429163526258332
1988 0.0005429163526258332
1989 0.0005429163526258332
1990 0.0005429163526258332
1991 0.0005429163526258332
1992 0.0005429163526258332
1993 0.0005429163526258332
1994 0.0005429163526258332
1995 0.0005429163526258332
1996 0.0005429163526258332
1997 0.0005429163526258332
1998 0.0005429163526258332
1999 0.0005429163526258332
2000 0.0005429163526258332
2001 0.0005429163526258332
2002 0.0005429163526258332
2003 0.0005429163526258332
2004 0.0005429163526258332
2005 0.0005429163526258332
2006 0.0005429163526258332
2007 0.0005429163526258332
2008 0.0005429163526258332
2009 0.0005429163526258332
2010 0.0005429163526258332
2011 0.0005429163526258332
2012 0.0005429163526258332
2013 0.0005429163526258332
2014 0.0005429163526258332
2015 0.0005429163526258332
2016 0.0005429163526258332
2017 0.0005429163526258332
2018 0.0005429163526258332
2019 0.0005429163526258332
2020 0.0005429163526258332
2021 0.0005429163526258332
2022 0.0005429163526258332
2023 0.0005429163526258332
2024 0.0005429163526258332
2025 0.0005429163526258332
2026 0.0005429163526258332
2027 0.0005429163526258332
2028 0.0005429163526258332
2029 0.0005429163526258332
2030 0.0005429163526258332
2031 0.0005429163526258332
2032 0.0005429163526258332
2033 0.0005429163526258332
2034 0.0005429163526258332
2035 0.0005429163526258332
2036 0.0005429163526258332
2037 0.0005429163526258332
2038 0.0005429163526258332
2039 0.0005429163526258332
2040 0.0005429163526258332
2041 0.0005429163526258332
2042 0.0005429163526258332
2043 0.0005429163526258332
2044 0.0005429163526258332
2045 0.0005429163526258332
2046 0.0005429163526258332
2047 0.0005429163526258332
2048 0.0005429163526258332
2049 0.0005429163526258332
2050 0.0005429163526258332
2051 0.0005429163526258332
2052 0.0005429163526258332
2053 0.0005429163526258332
2054 0.0005429163526258332
2055 0.0005429163526258332
2056 0.0005429163526258332
2057 0.0005429163526258332
2058 0.0005429163526258332
2059 0.0005429163526258332
2060 0.0005429163526258332
2061 0.0005429163526258332
2062 0.0005429163526258332
2063 0.0005429163526258332
2064 0.0005429163526258332
2065 0.0005429163526258332
2066 0.0005429163526258332
2067 0.0005429163526258332
2068 0.0005429163526258332
2069 0.0005429163526258332
2070 0.0005429163526258332
2071 0.0005429163526258332
2072 0.0005429163526258332
2073 0.0005429163526258332
2074 0.0005429163526258332
2075 0.0005429163526258332
2076 0.0005429163526258332
2077 0.0005429163526258332
2078 0.0005429163526258332
2079 0.0005429163526258332
2080 0.0005429163526258332
2081 0.0005429163526258332
2082 0.0005429163526258332
2083 0.0005429163526258332
2084 0.0005429163526258332
2085 0.0005429163526258332
2086 0.0005429163526258332
2087 0.0005429163526258332
2088 0.0005429163526258332
2089 0.0005429163526258332
2090 0.0005429163526258332
2091 0.0005429163526258332
2092 0.0005429163526258332
2093 0.0005429163526258332
2094 0.0005429163526258332
2095 0.0005429163526258332
2096 0.0005429163526258332
2097 0.0005429163526258332
2098 0.0005429163526258332
2099 0.0005429163526258332
2100 0.0005429163526258332
2101 0.0005429163526258332
2102 0.0005429163526258332
2103 0.0005429163526258332
2104 0.0005429163526258332
2105 0.0005429163526258332
2106 0.0005429163526258332
2107 0.0005429163526258332
2108 0.0005429163526258332
2109 0.0005429163526258332
2110 0.0005429163526258332
2111 0.0005429163526258332
2112 0.0005429163526258332
2113 0.0005429163526258332
2114 0.0005429163526258332
2115 0.0005429163526258332
2116 0.0005429163526258332
2117 0.0005429163526258332
2118 0.0005429163526258332
2119 0.0005429163526258332
2120 0.0005429163526258332
2121 0.0005429163526258332
2122 0.0005429163526258332
2123 0.0005429163526258332
2124 0.0005429163526258332
2125 0.0005429163526258332
2126 0.0005429163526258332
2127 0.0005429163526258332
2128 0.0005429163526258332
2129 0.0005429163526258332
2130 0.0005429163526258332
2131 0.0005429163526258332
2132 0.0005429163526258332
2133 0.0005429163526258332
2134 0.0005429163526258332
2135 0.0005429163526258332
2136 0.0005429163526258332
2137 0.0005429163526258332
2138 0.0005429163526258332
2139 0.0005429163526258332
2140 0.0005429163526258332
2141 0.0005429163526258332
2142 0.0005429163526258332
2143 0.0005429163526258332
2144 0.0005429163526258332
2145 0.0005429163526258332
2146 0.0005429163526258332
2147 0.0005429163526258332
2148 0.0005429163526258332
2149 0.0005429163526258332
2150 0.0005429163526258332
2151 0.0005429163526258332
2152 0.0005429163526258332
2153 0.0005429163526258332
2154 0.0005429163526258332
2155 0.0005429163526258332
2156 0.0005429163526258332
2157 0.0005429163526258332
2158 0.0005429163526258332
2159 0.0005429163526258332
2160 0.0005429163526258332
2161 0.0005429163526258332
2162 0.0005429163526258332
2163 0.0005429163526258332
2164 0.0005429163526258332
2165 0.0005429163526258332
2166 0.0005429163526258332
2167 0.0005429163526258332
2168 0.0005429163526258332
2169 0.0005429163526258332
2170 0.0005429163526258332
2171 0.0005429163526258332
2172 0.0005429163526258332
2173 0.0005429163526258332
2174 0.0005429163526258332
2175 0.0005429163526258332
2176 0.0005429163526258332
2177 0.0005429163526258332
2178 0.0005429163526258332
2179 0.0005429163526258332
2180 0.0005429163526258332
2181 0.0005429163526258332
2182 0.0005429163526258332
2183 0.0005429163526258332
2184 0.0005429163526258332
2185 0.0005429163526258332
2186 0.0005429163526258332
2187 0.0005429163526258332
2188 0.0005429163526258332
2189 0.0005429163526258332
2190 0.0005429163526258332
2191 0.0005429163526258332
2192 0.0005429163526258332
2193 0.0005429163526258332
2194 0.0005429163526258332
2195 0.0005429163526258332
2196 0.0005429163526258332
2197 0.0005429163526258332
2198 0.0005429163526258332
2199 0.0005429163526258332
2200 0.0005429163526258332
2201 0.0005429163526258332
2202 0.0005429163526258332
2203 0.0005429163526258332
2204 0.0005429163526258332
2205 0.0005429163526258332
2206 0.0005429163526258332
2207 0.0005429163526258332
2208 0.0005429163526258332
2209 0.0005429163526258332
2210 0.0005429163526258332
2211 0.0005429163526258332
2212 0.0005429163526258332
2213 0.0005429163526258332
2214 0.0005429163526258332
2215 0.0005429163526258332
2216 0.0005429163526258332
2217 0.0005429163526258332
2218 0.0005429163526258332
2219 0.0005429163526258332
2220 0.0005429163526258332
2221 0.0005429163526258332
2222 0.0005429163526258332
2223 0.0005429163526258332
2224 0.0005429163526258332
2225 0.0005429163526258332
2226 0.0005429163526258332
2227 0.0005429163526258332
2228 0.0005429163526258332
2229 0.0005429163526258332
2230 0.0005429163526258332
2231 0.0005429163526258332
2232 0.0005429163526258332
2233 0.0005429163526258332
2234 0.0005429163526258332
2235 0.0005429163526258332
2236 0.0005429163526258332
2237 0.0005429163526258332
2238 0.0005429163526258332
2239 0.0005429163526258332
2240 0.0005429163526258332
2241 0.0005429163526258332
2242 0.0005429163526258332
2243 0.0005429163526258332
2244 0.0005429163526258332
2245 0.0005429163526258332
2246 0.0005429163526258332
2247 0.0005429163526258332
2248 0.0005429163526258332
2249 0.0005429163526258332
2250 0.0005429163526258332
2251 0.0005429163526258332
2252 0.0005429163526258332
2253 0.0005429163526258332
2254 0.0005429163526258332
2255 0.0005429163526258332
2256 0.0005429163526258332
2257 0.0005429163526258332
2258 0.0005429163526258332
2259 0.0005429163526258332
2260 0.0005429163526258332
2261 0.0005429163526258332
2262 0.0005429163526258332
2263 0.0005429163526258332
2264 0.0005429163526258332
2265 0.0005429163526258332
2266 0.0005429163526258332
2267 0.0005429163526258332
2268 0.0005429163526258332
2269 0.0005429163526258332
2270 0.0005429163526258332
2271 0.0005429163526258332
2272 0.0005429163526258332
2273 0.0005429163526258332
2274 0.0005429163526258332
2275 0.0005429163526258332
2276 0.0005429163526258332
2277 0.0005429163526258332
2278 0.0005429163526258332
2279 0.0005429163526258332
2280 0.0005429163526258332
2281 0.0005429163526258332
2282 0.0005429163526258332
2283 0.0005429163526258332
2284 0.0005429163526258332
2285 0.0005429163526258332
2286 0.0005429163526258332
2287 0.0005429163526258332
2288 0.0005429163526258332
2289 0.0005429163526258332
2290 0.0005429163526258332
2291 0.0005429163526258332
2292 0.0005429163526258332
2293 0.0005429163526258332
2294 0.0005429163526258332
2295 0.0005429163526258332
2296 0.0005429163526258332
2297 0.0005429163526258332
2298 0.0005429163526258332
2299 0.0005429163526258332
2300 0.0005429163526258332
2301 0.0005429163526258332
2302 0.0005429163526258332
2303 0.0005429163526258332
2304 0.0005429163526258332
2305 0.0005429163526258332
2306 0.0005429163526258332
2307 0.0005429163526258332
2308 0.0005429163526258332
2309 0.0005429163526258332
2310 0.0005429163526258332
2311 0.0005429163526258332
2312 0.0005429163526258332
2313 0.0005429163526258332
2314 0.0005429163526258332
2315 0.0005429163526258332
2316 0.0005429163526258332
2317 0.0005429163526258332
2318 0.0005429163526258332
2319 0.0005429163526258332
2320 0.0005429163526258332
2321 0.0005429163526258332
2322 0.0005429163526258332
2323 0.0005429163526258332
2324 0.0005429163526258332
2325 0.0005429163526258332
2326 0.0005429163526258332
2327 0.0005429163526258332
2328 0.0005429163526258332
2329 0.0005429163526258332
2330 0.0005429163526258332
2331 0.0005429163526258332
2332 0.0005429163526258332
2333 0.0005429163526258332
2334 0.0005429163526258332
2335 0.0005429163526258332
2336 0.0005429163526258332
2337 0.0005429163526258332
2338 0.0005429163526258332
2339 0.0005429163526258332
2340 0.0005429163526258332
2341 0.0005429163526258332
2342 0.0005429163526258332
2343 0.0005429163526258332
2344 0.0005429163526258332
2345 0.0005429163526258332
2346 0.0005429163526258332
2347 0.0005429163526258332
2348 0.0005429163526258332
2349 0.0005429163526258332
2350 0.0005429163526258332
2351 0.0005429163526258332
2352 0.0005429163526258332
2353 0.0005429163526258332
2354 0.0005429163526258332
2355 0.0005429163526258332
2356 0.0005429163526258332
2357 0.0005429163526258332
2358 0.0005429163526258332
2359 0.0005429163526258332
2360 0.0005429163526258332
2361 0.0005429163526258332
2362 0.0005429163526258332
2363 0.0005429163526258332
2364 0.0005429163526258332
2365 0.0005429163526258332
2366 0.0005429163526258332
2367 0.0005429163526258332
2368 0.0005429163526258332
2369 0.0005429163526258332
2370 0.0005429163526258332
2371 0.0005429163526258332
2372 0.0005429163526258332
2373 0.0005429163526258332
2374 0.0005429163526258332
2375 0.0005429163526258332
2376 0.0005429163526258332
2377 0.0005429163526258332
2378 0.0005429163526258332
2379 0.0005429163526258332
2380 0.0005429163526258332
2381 0.0005429163526258332
2382 0.0005429163526258332
2383 0.0005429163526258332
2384 0.0005429163526258332
2385 0.0005429163526258332
2386 0.0005429163526258332
2387 0.0005429163526258332
2388 0.0005429163526258332
2389 0.0005429163526258332
2390 0.0005429163526258332
2391 0.0005429163526258332
2392 0.0005429163526258332
2393 0.0005429163526258332
2394 0.0005429163526258332
2395 0.0005429163526258332
2396 0.0005429163526258332
2397 0.0005429163526258332
2398 0.0005429163526258332
2399 0.0005429163526258332
2400 0.0005429163526258332
2401 0.0005429163526258332
2402 0.0005429163526258332
2403 0.0005429163526258332
2404 0.0005429163526258332
2405 0.0005429163526258332
2406 0.0005429163526258332
2407 0.0005429163526258332
2408 0.0005429163526258332
2409 0.0005429163526258332
2410 0.0005429163526258332
2411 0.0005429163526258332
2412 0.0005429163526258332
2413 0.0005429163526258332
2414 0.0005429163526258332
2415 0.0005429163526258332
2416 0.0005429163526258332
2417 0.0005429163526258332
2418 0.0005429163526258332
2419 0.0005429163526258332
2420 0.0005429163526258332
2421 0.0005429163526258332
2422 0.0005429163526258332
2423 0.0005429163526258332
2424 0.0005429163526258332
2425 0.0005429163526258332
2426 0.0005429163526258332
2427 0.0005429163526258332
2428 0.0005429163526258332
2429 0.0005429163526258332
2430 0.0005429163526258332
2431 0.0005429163526258332
2432 0.0005429163526258332
2433 0.0005429163526258332
2434 0.0005429163526258332
2435 0.0005429163526258332
2436 0.0005429163526258332
2437 0.0005429163526258332
2438 0.0005429163526258332
2439 0.0005429163526258332
2440 0.0005429163526258332
2441 0.0005429163526258332
2442 0.0005429163526258332
2443 0.0005429163526258332
2444 0.0005429163526258332
2445 0.0005429163526258332
2446 0.0005429163526258332
2447 0.0005429163526258332
2448 0.0005429163526258332
2449 0.0005429163526258332
2450 0.0005429163526258332
2451 0.0005429163526258332
2452 0.0005429163526258332
2453 0.0005429163526258332
2454 0.0005429163526258332
2455 0.0005429163526258332
2456 0.0005429163526258332
2457 0.0005429163526258332
2458 0.0005429163526258332
2459 0.0005429163526258332
2460 0.0005429163526258332
2461 0.0005429163526258332
2462 0.0005429163526258332
2463 0.0005429163526258332
2464 0.0005429163526258332
2465 0.0005429163526258332
2466 0.0005429163526258332
2467 0.0005429163526258332
2468 0.0005429163526258332
2469 0.0005429163526258332
2470 0.0005429163526258332
2471 0.0005429163526258332
2472 0.0005429163526258332
2473 0.0005429163526258332
2474 0.0005429163526258332
2475 0.0005429163526258332
2476 0.0005429163526258332
2477 0.0005429163526258332
2478 0.0005429163526258332
2479 0.0005429163526258332
2480 0.0005429163526258332
2481 0.0005429163526258332
2482 0.0005429163526258332
2483 0.0005429163526258332
2484 0.0005429163526258332
2485 0.0005429163526258332
2486 0.0005429163526258332
2487 0.0005429163526258332
2488 0.0005429163526258332
2489 0.0005429163526258332
2490 0.0005429163526258332
2491 0.0005429163526258332
2492 0.0005429163526258332
2493 0.0005429163526258332
2494 0.0005429163526258332
2495 0.0005429163526258332
2496 0.0005429163526258332
2497 0.0005429163526258332
2498 0.0005429163526258332
2499 0.0005429163526258332
2500 0.0005429163526258332
2501 0.0005429163526258332
2502 0.0005429163526258332
2503 0.0005429163526258332
2504 0.0005429163526258332
2505 0.0005429163526258332
2506 0.0005429163526258332
2507 0.0005429163526258332
2508 0.0005429163526258332
2509 0.0005429163526258332
2510 0.0005429163526258332
2511 0.0005429163526258332
2512 0.0005429163526258332
2513 0.0005429163526258332
2514 0.0005429163526258332
2515 0.0005429163526258332
2516 0.0005429163526258332
2517 0.0005429163526258332
2518 0.0005429163526258332
2519 0.0005429163526258332
2520 0.0005429163526258332
2521 0.0005429163526258332
2522 0.0005429163526258332
2523 0.0005429163526258332
2524 0.0005429163526258332
2525 0.0005429163526258332
2526 0.0005429163526258332
2527 0.0005429163526258332
2528 0.0005429163526258332
2529 0.0005429163526258332
2530 0.0005429163526258332
2531 0.0005429163526258332
2532 0.0005429163526258332
2533 0.0005429163526258332
2534 0.0005429163526258332
2535 0.0005429163526258332
2536 0.0005429163526258332
2537 0.0005429163526258332
2538 0.0005429163526258332
2539 0.0005429163526258332
2540 0.0005429163526258332
2541 0.0005429163526258332
2542 0.0005429163526258332
2543 0.0005429163526258332
2544 0.0005429163526258332
2545 0.0005429163526258332
2546 0.0005429163526258332
2547 0.0005429163526258332
2548 0.0005429163526258332
2549 0.0005429163526258332
2550 0.0005429163526258332
2551 0.0005429163526258332
2552 0.0005429163526258332
2553 0.0005429163526258332
2554 0.0005429163526258332
2555 0.0005429163526258332
2556 0.0005429163526258332
2557 0.0005429163526258332
2558 0.0005429163526258332
2559 0.0005429163526258332
2560 0.0005429163526258332
2561 0.0005429163526258332
2562 0.0005429163526258332
2563 0.0005429163526258332
2564 0.0005429163526258332
2565 0.0005429163526258332
2566 0.0005429163526258332
2567 0.0005429163526258332
2568 0.0005429163526258332
2569 0.0005429163526258332
2570 0.0005429163526258332
2571 0.0005429163526258332
2572 0.0005429163526258332
2573 0.0005429163526258332
2574 0.0005429163526258332
2575 0.0005429163526258332
2576 0.0005429163526258332
2577 0.0005429163526258332
2578 0.0005429163526258332
2579 0.0005429163526258332
2580 0.0005429163526258332
2581 0.0005429163526258332
2582 0.0005429163526258332
2583 0.0005429163526258332
2584 0.0005429163526258332
2585 0.0005429163526258332
2586 0.0005429163526258332
2587 0.0005429163526258332
2588 0.0005429163526258332
2589 0.0005429163526258332
2590 0.0005429163526258332
2591 0.0005429163526258332
2592 0.0005429163526258332
2593 0.0005429163526258332
2594 0.0005429163526258332
2595 0.0005429163526258332
2596 0.0005429163526258332
2597 0.0005429163526258332
2598 0.0005429163526258332
2599 0.0005429163526258332
2600 0.0005429163526258332
2601 0.0005429163526258332
2602 0.0005429163526258332
2603 0.0005429163526258332
2604 0.0005429163526258332
2605 0.0005429163526258332
2606 0.0005429163526258332
2607 0.0005429163526258332
2608 0.0005429163526258332
2609 0.0005429163526258332
2610 0.0005429163526258332
2611 0.0005429163526258332
2612 0.0005429163526258332
2613 0.0005429163526258332
2614 0.0005429163526258332
2615 0.0005429163526258332
2616 0.0005429163526258332
2617 0.0005429163526258332
2618 0.0005429163526258332
2619 0.0005429163526258332
2620 0.0005429163526258332
2621 0.0005429163526258332
2622 0.0005429163526258332
2623 0.0005429163526258332
2624 0.0005429163526258332
2625 0.0005429163526258332
2626 0.0005429163526258332
2627 0.0005429163526258332
2628 0.0005429163526258332
2629 0.0005429163526258332
2630 0.0005429163526258332
2631 0.0005429163526258332
2632 0.0005429163526258332
2633 0.0005429163526258332
2634 0.0005429163526258332
2635 0.0005429163526258332
2636 0.0005429163526258332
2637 0.0005429163526258332
2638 0.0005429163526258332
2639 0.0005429163526258332
2640 0.0005429163526258332
2641 0.0005429163526258332
2642 0.0005429163526258332
2643 0.0005429163526258332
2644 0.0005429163526258332
2645 0.0005429163526258332
2646 0.0005429163526258332
2647 0.0005429163526258332
2648 0.0005429163526258332
2649 0.0005429163526258332
2650 0.0005429163526258332
2651 0.0005429163526258332
2652 0.0005429163526258332
2653 0.0005429163526258332
2654 0.0005429163526258332
2655 0.0005429163526258332
2656 0.0005429163526258332
2657 0.0005429163526258332
2658 0.0005429163526258332
2659 0.0005429163526258332
2660 0.0005429163526258332
2661 0.0005429163526258332
2662 0.0005429163526258332
2663 0.0005429163526258332
2664 0.0005429163526258332
2665 0.0005429163526258332
2666 0.0005429163526258332
2667 0.0005429163526258332
2668 0.0005429163526258332
2669 0.0005429163526258332
2670 0.0005429163526258332
2671 0.0005429163526258332
2672 0.0005429163526258332
2673 0.0005429163526258332
2674 0.0005429163526258332
2675 0.0005429163526258332
2676 0.0005429163526258332
2677 0.0005429163526258332
2678 0.0005429163526258332
2679 0.0005429163526258332
2680 0.0005429163526258332
2681 0.0005429163526258332
2682 0.0005429163526258332
2683 0.0005429163526258332
2684 0.0005429163526258332
2685 0.0005429163526258332
2686 0.0005429163526258332
2687 0.0005429163526258332
2688 0.0005429163526258332
2689 0.0005429163526258332
2690 0.0005429163526258332
2691 0.0005429163526258332
2692 0.0005429163526258332
2693 0.0005429163526258332
2694 0.0005429163526258332
2695 0.0005429163526258332
2696 0.0005429163526258332
2697 0.0005429163526258332
2698 0.0005429163526258332
2699 0.0005429163526258332
2700 0.0005429163526258332
2701 0.0005429163526258332
2702 0.0005429163526258332
2703 0.0005429163526258332
2704 0.0005429163526258332
2705 0.0005429163526258332
2706 0.0005429163526258332
2707 0.0005429163526258332
2708 0.0005429163526258332
2709 0.0005429163526258332
2710 0.0005429163526258332
2711 0.0005429163526258332
2712 0.0005429163526258332
2713 0.0005429163526258332
2714 0.0005429163526258332
2715 0.0005429163526258332
2716 0.0005429163526258332
2717 0.0005429163526258332
2718 0.0005429163526258332
2719 0.0005429163526258332
2720 0.0005429163526258332
2721 0.0005429163526258332
2722 0.0005429163526258332
2723 0.0005429163526258332
2724 0.0005429163526258332
2725 0.0005429163526258332
2726 0.0005429163526258332
2727 0.0005429163526258332
2728 0.0005429163526258332
2729 0.0005429163526258332
2730 0.0005429163526258332
2731 0.0005429163526258332
2732 0.0005429163526258332
2733 0.0005429163526258332
2734 0.0005429163526258332
2735 0.0005429163526258332
2736 0.0005429163526258332
2737 0.0005429163526258332
2738 0.0005429163526258332
2739 0.0005429163526258332
2740 0.0005429163526258332
2741 0.0005429163526258332
2742 0.0005429163526258332
2743 0.0005429163526258332
2744 0.0005429163526258332
2745 0.0005429163526258332
2746 0.0005429163526258332
2747 0.0005429163526258332
2748 0.0005429163526258332
2749 0.0005429163526258332
2750 0.0005429163526258332
2751 0.0005429163526258332
2752 0.0005429163526258332
2753 0.0005429163526258332
2754 0.0005429163526258332
2755 0.0005429163526258332
2756 0.0005429163526258332
2757 0.0005429163526258332
2758 0.0005429163526258332
2759 0.0005429163526258332
2760 0.0005429163526258332
2761 0.0005429163526258332
2762 0.0005429163526258332
2763 0.0005429163526258332
2764 0.0005429163526258332
2765 0.0005429163526258332
2766 0.0005429163526258332
2767 0.0005429163526258332
2768 0.0005429163526258332
2769 0.0005429163526258332
2770 0.0005429163526258332
2771 0.0005429163526258332
2772 0.0005429163526258332
2773 0.0005429163526258332
2774 0.0005429163526258332
2775 0.0005429163526258332
2776 0.0005429163526258332
2777 0.0005429163526258332
2778 0.0005429163526258332
2779 0.0005429163526258332
2780 0.0005429163526258332
2781 0.0005429163526258332
2782 0.0005429163526258332
2783 0.0005429163526258332
2784 0.0005429163526258332
2785 0.0005429163526258332
2786 0.0005429163526258332
2787 0.0005429163526258332
2788 0.0005429163526258332
2789 0.0005429163526258332
2790 0.0005429163526258332
2791 0.0005429163526258332
2792 0.0005429163526258332
2793 0.0005429163526258332
2794 0.0005429163526258332
2795 0.0005429163526258332
2796 0.0005429163526258332
2797 0.0005429163526258332
2798 0.0005429163526258332
2799 0.0005429163526258332
2800 0.0005429163526258332
2801 0.0005429163526258332
2802 0.0005429163526258332
2803 0.0005429163526258332
2804 0.0005429163526258332
2805 0.0005429163526258332
2806 0.0005429163526258332
2807 0.0005429163526258332
2808 0.0005429163526258332
2809 0.0005429163526258332
2810 0.0005429163526258332
2811 0.0005429163526258332
2812 0.0005429163526258332
2813 0.0005429163526258332
2814 0.0005429163526258332
2815 0.0005429163526258332
2816 0.0005429163526258332
2817 0.0005429163526258332
2818 0.0005429163526258332
2819 0.0005429163526258332
2820 0.0005429163526258332
2821 0.0005429163526258332
2822 0.0005429163526258332
2823 0.0005429163526258332
2824 0.0005429163526258332
2825 0.0005429163526258332
2826 0.0005429163526258332
2827 0.0005429163526258332
2828 0.0005429163526258332
2829 0.0005429163526258332
2830 0.0005429163526258332
2831 0.0005429163526258332
2832 0.0005429163526258332
2833 0.0005429163526258332
2834 0.0005429163526258332
2835 0.0005429163526258332
2836 0.0005429163526258332
2837 0.0005429163526258332
2838 0.0005429163526258332
2839 0.0005429163526258332
2840 0.0005429163526258332
2841 0.0005429163526258332
2842 0.0005429163526258332
2843 0.0005429163526258332
2844 0.0005429163526258332
2845 0.0005429163526258332
2846 0.0005429163526258332
2847 0.0005429163526258332
2848 0.0005429163526258332
2849 0.0005429163526258332
2850 0.0005429163526258332
2851 0.0005429163526258332
2852 0.0005429163526258332
2853 0.0005429163526258332
2854 0.0005429163526258332
2855 0.0005429163526258332
2856 0.0005429163526258332
2857 0.0005429163526258332
2858 0.0005429163526258332
2859 0.0005429163526258332
2860 0.0005429163526258332
2861 0.0005429163526258332
2862 0.0005429163526258332
2863 0.0005429163526258332
2864 0.0005429163526258332
2865 0.0005429163526258332
2866 0.0005429163526258332
2867 0.0005429163526258332
2868 0.0005429163526258332
2869 0.0005429163526258332
2870 0.0005429163526258332
2871 0.0005429163526258332
2872 0.0005429163526258332
2873 0.0005429163526258332
2874 0.0005429163526258332
2875 0.0005429163526258332
2876 0.0005429163526258332
2877 0.0005429163526258332
2878 0.0005429163526258332
2879 0.0005429163526258332
2880 0.0005429163526258332
2881 0.0005429163526258332
2882 0.0005429163526258332
2883 0.0005429163526258332
2884 0.0005429163526258332
2885 0.0005429163526258332
2886 0.0005429163526258332
2887 0.0005429163526258332
2888 0.0005429163526258332
2889 0.0005429163526258332
2890 0.0005429163526258332
2891 0.0005429163526258332
2892 0.0005429163526258332
2893 0.0005429163526258332
2894 0.0005429163526258332
2895 0.0005429163526258332
2896 0.0005429163526258332
2897 0.0005429163526258332
2898 0.0005429163526258332
2899 0.0005429163526258332
2900 0.0005429163526258332
2901 0.0005429163526258332
2902 0.0005429163526258332
2903 0.0005429163526258332
2904 0.0005429163526258332
2905 0.0005429163526258332
2906 0.0005429163526258332
2907 0.0005429163526258332
2908 0.0005429163526258332
2909 0.0005429163526258332
2910 0.0005429163526258332
2911 0.0005429163526258332
2912 0.0005429163526258332
2913 0.0005429163526258332
2914 0.0005429163526258332
2915 0.0005429163526258332
2916 0.0005429163526258332
2917 0.0005429163526258332
2918 0.0005429163526258332
2919 0.0005429163526258332
2920 0.0005429163526258332
2921 0.0005429163526258332
2922 0.0005429163526258332
2923 0.0005429163526258332
2924 0.0005429163526258332
2925 0.0005429163526258332
2926 0.0005429163526258332
2927 0.0005429163526258332
2928 0.0005429163526258332
2929 0.0005429163526258332
2930 0.0005429163526258332
2931 0.0005429163526258332
2932 0.0005429163526258332
2933 0.0005429163526258332
2934 0.0005429163526258332
2935 0.0005429163526258332
2936 0.0005429163526258332
2937 0.0005429163526258332
2938 0.0005429163526258332
2939 0.0005429163526258332
2940 0.0005429163526258332
2941 0.0005429163526258332
2942 0.0005429163526258332
2943 0.0005429163526258332
2944 0.0005429163526258332
2945 0.0005429163526258332
2946 0.0005429163526258332
2947 0.0005429163526258332
2948 0.0005429163526258332
2949 0.0005429163526258332
2950 0.0005429163526258332
2951 0.0005429163526258332
2952 0.0005429163526258332
2953 0.0005429163526258332
2954 0.0005429163526258332
2955 0.0005429163526258332
2956 0.0005429163526258332
2957 0.0005429163526258332
2958 0.0005429163526258332
2959 0.0005429163526258332
2960 0.0005429163526258332
2961 0.0005429163526258332
2962 0.0005429163526258332
2963 0.0005429163526258332
2964 0.0005429163526258332
2965 0.0005429163526258332
2966 0.0005429163526258332
2967 0.0005429163526258332
2968 0.0005429163526258332
2969 0.0005429163526258332
2970 0.0005429163526258332
2971 0.0005429163526258332
2972 0.0005429163526258332
2973 0.0005429163526258332
2974 0.0005429163526258332
2975 0.0005429163526258332
2976 0.0005429163526258332
2977 0.0005429163526258332
2978 0.0005429163526258332
2979 0.0005429163526258332
2980 0.0005429163526258332
2981 0.0005429163526258332
2982 0.0005429163526258332
2983 0.0005429163526258332
2984 0.0005429163526258332
2985 0.0005429163526258332
2986 0.0005429163526258332
2987 0.0005429163526258332
2988 0.0005429163526258332
2989 0.0005429163526258332
2990 0.0005429163526258332
2991 0.0005429163526258332
2992 0.0005429163526258332
2993 0.0005429163526258332
2994 0.0005429163526258332
2995 0.0005429163526258332
2996 0.0005429163526258332
2997 0.0005429163526258332
2998 0.0005429163526258332
2999 0.0005429163526258332
3000 0.0005429163526258332
3001 0.0005429163526258332
3002 0.0005429163526258332
3003 0.0005429163526258332
3004 0.0005429163526258332
3005 0.0005429163526258332
3006 0.0005429163526258332
3007 0.0005429163526258332
3008 0.0005429163526258332
3009 0.0005429163526258332
3010 0.0005429163526258332
3011 0.0005429163526258332
3012 0.0005429163526258332
3013 0.0005429163526258332
3014 0.0005429163526258332
3015 0.0005429163526258332
3016 0.0005429163526258332
3017 0.0005429163526258332
3018 0.0005429163526258332
3019 0.0005429163526258332
3020 0.0005429163526258332
3021 0.0005429163526258332
3022 0.0005429163526258332
3023 0.0005429163526258332
3024 0.0005429163526258332
3025 0.0005429163526258332
3026 0.0005429163526258332
3027 0.0005429163526258332
3028 0.0005429163526258332
3029 0.0005429163526258332
3030 0.0005429163526258332
3031 0.0005429163526258332
3032 0.0005429163526258332
3033 0.0005429163526258332
3034 0.0005429163526258332
3035 0.0005429163526258332
3036 0.0005429163526258332
3037 0.0005429163526258332
3038 0.0005429163526258332
3039 0.0005429163526258332
3040 0.0005429163526258332
3041 0.0005429163526258332
3042 0.0005429163526258332
3043 0.0005429163526258332
3044 0.0005429163526258332
3045 0.0005429163526258332
3046 0.0005429163526258332
3047 0.0005429163526258332
3048 0.0005429163526258332
3049 0.0005429163526258332
3050 0.0005429163526258332
3051 0.0005429163526258332
3052 0.0005429163526258332
3053 0.0005429163526258332
3054 0.0005429163526258332
3055 0.0005429163526258332
3056 0.0005429163526258332
3057 0.0005429163526258332
3058 0.0005429163526258332
3059 0.0005429163526258332
3060 0.0005429163526258332
3061 0.0005429163526258332
3062 0.0005429163526258332
3063 0.0005429163526258332
3064 0.0005429163526258332
3065 0.0005429163526258332
3066 0.0005429163526258332
3067 0.0005429163526258332
3068 0.0005429163526258332
3069 0.0005429163526258332
3070 0.0005429163526258332
3071 0.0005429163526258332
3072 0.0005429163526258332
3073 0.0005429163526258332
3074 0.0005429163526258332
3075 0.0005429163526258332
3076 0.0005429163526258332
3077 0.0005429163526258332
3078 0.0005429163526258332
3079 0.0005429163526258332
3080 0.0005429163526258332
3081 0.0005429163526258332
3082 0.0005429163526258332
3083 0.0005429163526258332
3084 0.0005429163526258332
3085 0.0005429163526258332
3086 0.0005429163526258332
3087 0.0005429163526258332
3088 0.0005429163526258332
3089 0.0005429163526258332
3090 0.0005429163526258332
3091 0.0005429163526258332
3092 0.0005429163526258332
3093 0.0005429163526258332
3094 0.0005429163526258332
3095 0.0005429163526258332
3096 0.0005429163526258332
3097 0.0005429163526258332
3098 0.0005429163526258332
3099 0.0005429163526258332
3100 0.0005429163526258332
3101 0.0005429163526258332
3102 0.0005429163526258332
3103 0.0005429163526258332
3104 0.0005429163526258332
3105 0.0005429163526258332
3106 0.0005429163526258332
3107 0.0005429163526258332
3108 0.0005429163526258332
3109 0.0005429163526258332
3110 0.0005429163526258332
3111 0.0005429163526258332
3112 0.0005429163526258332
3113 0.0005429163526258332
3114 0.0005429163526258332
3115 0.0005429163526258332
3116 0.0005429163526258332
3117 0.0005429163526258332
3118 0.0005429163526258332
3119 0.0005429163526258332
3120 0.0005429163526258332
3121 0.0005429163526258332
3122 0.0005429163526258332
3123 0.0005429163526258332
3124 0.0005429163526258332
3125 0.0005429163526258332
3126 0.0005429163526258332
3127 0.0005429163526258332
3128 0.0005429163526258332
3129 0.0005429163526258332
3130 0.0005429163526258332
3131 0.0005429163526258332
3132 0.0005429163526258332
3133 0.0005429163526258332
3134 0.0005429163526258332
3135 0.0005429163526258332
3136 0.0005429163526258332
3137 0.0005429163526258332
3138 0.0005429163526258332
3139 0.0005429163526258332
3140 0.0005429163526258332
3141 0.0005429163526258332
3142 0.0005429163526258332
3143 0.0005429163526258332
3144 0.0005429163526258332
3145 0.0005429163526258332
3146 0.0005429163526258332
3147 0.0005429163526258332
3148 0.0005429163526258332
3149 0.0005429163526258332
3150 0.0005429163526258332
3151 0.0005429163526258332
3152 0.0005429163526258332
3153 0.0005429163526258332
3154 0.0005429163526258332
3155 0.0005429163526258332
3156 0.0005429163526258332
3157 0.0005429163526258332
3158 0.0005429163526258332
3159 0.0005429163526258332
3160 0.0005429163526258332
3161 0.0005429163526258332
3162 0.0005429163526258332
3163 0.0005429163526258332
3164 0.0005429163526258332
3165 0.0005429163526258332
3166 0.0005429163526258332
3167 0.0005429163526258332
3168 0.0005429163526258332
3169 0.0005429163526258332
3170 0.0005429163526258332
3171 0.0005429163526258332
3172 0.0005429163526258332
3173 0.0005429163526258332
3174 0.0005429163526258332
3175 0.0005429163526258332
3176 0.0005429163526258332
3177 0.0005429163526258332
3178 0.0005429163526258332
3179 0.0005429163526258332
3180 0.0005429163526258332
3181 0.0005429163526258332
3182 0.0005429163526258332
3183 0.0005429163526258332
3184 0.0005429163526258332
3185 0.0005429163526258332
3186 0.0005429163526258332
3187 0.0005429163526258332
3188 0.0005429163526258332
3189 0.0005429163526258332
3190 0.0005429163526258332
3191 0.0005429163526258332
3192 0.0005429163526258332
3193 0.0005429163526258332
3194 0.0005429163526258332
3195 0.0005429163526258332
3196 0.0005429163526258332
3197 0.0005429163526258332
3198 0.0005429163526258332
3199 0.0005429163526258332
3200 0.0005429163526258332
3201 0.0005429163526258332
3202 0.0005429163526258332
3203 0.0005429163526258332
3204 0.0005429163526258332
3205 0.0005429163526258332
3206 0.0005429163526258332
3207 0.0005429163526258332
3208 0.0005429163526258332
3209 0.0005429163526258332
3210 0.0005429163526258332
3211 0.0005429163526258332
3212 0.0005429163526258332
3213 0.0005429163526258332
3214 0.0005429163526258332
3215 0.0005429163526258332
3216 0.0005429163526258332
3217 0.0005429163526258332
3218 0.0005429163526258332
3219 0.0005429163526258332
3220 0.0005429163526258332
3221 0.0005429163526258332
3222 0.0005429163526258332
3223 0.0005429163526258332
3224 0.0005429163526258332
3225 0.0005429163526258332
3226 0.0005429163526258332
3227 0.0005429163526258332
3228 0.0005429163526258332
3229 0.0005429163526258332
3230 0.0005429163526258332
3231 0.0005429163526258332
3232 0.0005429163526258332
3233 0.0005429163526258332
3234 0.0005429163526258332
3235 0.0005429163526258332
3236 0.0005429163526258332
3237 0.0005429163526258332
3238 0.0005429163526258332
3239 0.0005429163526258332
3240 0.0005429163526258332
3241 0.0005429163526258332
3242 0.0005429163526258332
3243 0.0005429163526258332
3244 0.0005429163526258332
3245 0.0005429163526258332
3246 0.0005429163526258332
3247 0.0005429163526258332
3248 0.0005429163526258332
3249 0.0005429163526258332
3250 0.0005429163526258332
3251 0.0005429163526258332
3252 0.0005429163526258332
3253 0.0005429163526258332
3254 0.0005429163526258332
3255 0.0005429163526258332
3256 0.0005429163526258332
3257 0.0005429163526258332
3258 0.0005429163526258332
3259 0.0005429163526258332
3260 0.0005429163526258332
3261 0.0005429163526258332
3262 0.0005429163526258332
3263 0.0005429163526258332
3264 0.0005429163526258332
3265 0.0005429163526258332
3266 0.0005429163526258332
3267 0.0005429163526258332
3268 0.0005429163526258332
3269 0.0005429163526258332
3270 0.0005429163526258332
3271 0.0005429163526258332
3272 0.0005429163526258332
3273 0.0005429163526258332
3274 0.0005429163526258332
3275 0.0005429163526258332
3276 0.0005429163526258332
3277 0.0005429163526258332
3278 0.0005429163526258332
3279 0.0005429163526258332
3280 0.0005429163526258332
3281 0.0005429163526258332
3282 0.0005429163526258332
3283 0.0005429163526258332
3284 0.0005429163526258332
3285 0.0005429163526258332
3286 0.0005429163526258332
3287 0.0005429163526258332
3288 0.0005429163526258332
3289 0.0005429163526258332
3290 0.0005429163526258332
3291 0.0005429163526258332
3292 0.0005429163526258332
3293 0.0005429163526258332
3294 0.0005429163526258332
3295 0.0005429163526258332
3296 0.0005429163526258332
3297 0.0005429163526258332
3298 0.0005429163526258332
3299 0.0005429163526258332
3300 0.0005429163526258332
3301 0.0005429163526258332
3302 0.0005429163526258332
3303 0.0005429163526258332
3304 0.0005429163526258332
3305 0.0005429163526258332
3306 0.0005429163526258332
3307 0.0005429163526258332
3308 0.0005429163526258332
3309 0.0005429163526258332
3310 0.0005429163526258332
3311 0.0005429163526258332
3312 0.0005429163526258332
3313 0.0005429163526258332
3314 0.0005429163526258332
3315 0.0005429163526258332
3316 0.0005429163526258332
3317 0.0005429163526258332
3318 0.0005429163526258332
3319 0.0005429163526258332
3320 0.0005429163526258332
3321 0.0005429163526258332
3322 0.0005429163526258332
3323 0.0005429163526258332
3324 0.0005429163526258332
3325 0.0005429163526258332
3326 0.0005429163526258332
3327 0.0005429163526258332
3328 0.0005429163526258332
3329 0.0005429163526258332
3330 0.0005429163526258332
3331 0.0005429163526258332
3332 0.0005429163526258332
3333 0.0005429163526258332
3334 0.0005429163526258332
3335 0.0005429163526258332
3336 0.0005429163526258332
3337 0.0005429163526258332
3338 0.0005429163526258332
3339 0.0005429163526258332
3340 0.0005429163526258332
3341 0.0005429163526258332
3342 0.0005429163526258332
3343 0.0005429163526258332
3344 0.0005429163526258332
3345 0.0005429163526258332
3346 0.0005429163526258332
3347 0.0005429163526258332
3348 0.0005429163526258332
3349 0.0005429163526258332
3350 0.0005429163526258332
3351 0.0005429163526258332
3352 0.0005429163526258332
3353 0.0005429163526258332
3354 0.0005429163526258332
3355 0.0005429163526258332
3356 0.0005429163526258332
3357 0.0005429163526258332
3358 0.0005429163526258332
3359 0.0005429163526258332
3360 0.0005429163526258332
3361 0.0005429163526258332
3362 0.0005429163526258332
3363 0.0005429163526258332
3364 0.0005429163526258332
3365 0.0005429163526258332
3366 0.0005429163526258332
3367 0.0005429163526258332
3368 0.0005429163526258332
3369 0.0005429163526258332
3370 0.0005429163526258332
3371 0.0005429163526258332
3372 0.0005429163526258332
3373 0.0005429163526258332
3374 0.0005429163526258332
3375 0.0005429163526258332
3376 0.0005429163526258332
3377 0.0005429163526258332
3378 0.0005429163526258332
3379 0.0005429163526258332
3380 0.0005429163526258332
3381 0.0005429163526258332
3382 0.0005429163526258332
3383 0.0005429163526258332
3384 0.0005429163526258332
3385 0.0005429163526258332
3386 0.0005429163526258332
3387 0.0005429163526258332
3388 0.0005429163526258332
3389 0.0005429163526258332
3390 0.0005429163526258332
3391 0.0005429163526258332
3392 0.0005429163526258332
3393 0.0005429163526258332
3394 0.0005429163526258332
3395 0.0005429163526258332
3396 0.0005429163526258332
3397 0.0005429163526258332
3398 0.0005429163526258332
3399 0.0005429163526258332
3400 0.0005429163526258332
3401 0.0005429163526258332
3402 0.0005429163526258332
3403 0.0005429163526258332
3404 0.0005429163526258332
3405 0.0005429163526258332
3406 0.0005429163526258332
3407 0.0005429163526258332
3408 0.0005429163526258332
3409 0.0005429163526258332
3410 0.0005429163526258332
3411 0.0005429163526258332
3412 0.0005429163526258332
3413 0.0005429163526258332
3414 0.0005429163526258332
3415 0.0005429163526258332
3416 0.0005429163526258332
3417 0.0005429163526258332
3418 0.0005429163526258332
3419 0.0005429163526258332
3420 0.0005429163526258332
3421 0.0005429163526258332
3422 0.0005429163526258332
3423 0.0005429163526258332
3424 0.0005429163526258332
3425 0.0005429163526258332
3426 0.0005429163526258332
3427 0.0005429163526258332
3428 0.0005429163526258332
3429 0.0005429163526258332
3430 0.0005429163526258332
3431 0.0005429163526258332
3432 0.0005429163526258332
3433 0.0005429163526258332
3434 0.0005429163526258332
3435 0.0005429163526258332
3436 0.0005429163526258332
3437 0.0005429163526258332
3438 0.0005429163526258332
3439 0.0005429163526258332
3440 0.0005429163526258332
3441 0.0005429163526258332
3442 0.0005429163526258332
3443 0.0005429163526258332
3444 0.0005429163526258332
3445 0.0005429163526258332
3446 0.0005429163526258332
3447 0.0005429163526258332
3448 0.0005429163526258332
3449 0.0005429163526258332
3450 0.0005429163526258332
3451 0.0005429163526258332
3452 0.0005429163526258332
3453 0.0005429163526258332
3454 0.0005429163526258332
3455 0.0005429163526258332
3456 0.0005429163526258332
3457 0.0005429163526258332
3458 0.0005429163526258332
3459 0.0005429163526258332
3460 0.0005429163526258332
3461 0.0005429163526258332
3462 0.0005429163526258332
3463 0.0005429163526258332
3464 0.0005429163526258332
3465 0.0005429163526258332
3466 0.0005429163526258332
3467 0.0005429163526258332
3468 0.0005429163526258332
3469 0.0005429163526258332
3470 0.0005429163526258332
3471 0.0005429163526258332
3472 0.0005429163526258332
3473 0.0005429163526258332
3474 0.0005429163526258332
3475 0.0005429163526258332
3476 0.0005429163526258332
3477 0.0005429163526258332
3478 0.0005429163526258332
3479 0.0005429163526258332
3480 0.0005429163526258332
3481 0.0005429163526258332
3482 0.0005429163526258332
3483 0.0005429163526258332
3484 0.0005429163526258332
3485 0.0005429163526258332
3486 0.0005429163526258332
3487 0.0005429163526258332
3488 0.0005429163526258332
3489 0.0005429163526258332
3490 0.0005429163526258332
3491 0.0005429163526258332
3492 0.0005429163526258332
3493 0.0005429163526258332
3494 0.0005429163526258332
3495 0.0005429163526258332
3496 0.0005429163526258332
3497 0.0005429163526258332
3498 0.0005429163526258332
3499 0.0005429163526258332
3500 0.0005429163526258332
3501 0.0005429163526258332
3502 0.0005429163526258332
3503 0.0005429163526258332
3504 0.0005429163526258332
3505 0.0005429163526258332
3506 0.0005429163526258332
3507 0.0005429163526258332
3508 0.0005429163526258332
3509 0.0005429163526258332
3510 0.0005429163526258332
3511 0.0005429163526258332
3512 0.0005429163526258332
3513 0.0005429163526258332
3514 0.0005429163526258332
3515 0.0005429163526258332
3516 0.0005429163526258332
3517 0.0005429163526258332
3518 0.0005429163526258332
3519 0.0005429163526258332
3520 0.0005429163526258332
3521 0.0005429163526258332
3522 0.0005429163526258332
3523 0.0005429163526258332
3524 0.0005429163526258332
3525 0.0005429163526258332
3526 0.0005429163526258332
3527 0.0005429163526258332
3528 0.0005429163526258332
3529 0.0005429163526258332
3530 0.0005429163526258332
3531 0.0005429163526258332
3532 0.0005429163526258332
3533 0.0005429163526258332
3534 0.0005429163526258332
3535 0.0005429163526258332
3536 0.0005429163526258332
3537 0.0005429163526258332
3538 0.0005429163526258332
3539 0.0005429163526258332
3540 0.0005429163526258332
3541 0.0005429163526258332
3542 0.0005429163526258332
3543 0.0005429163526258332
3544 0.0005429163526258332
3545 0.0005429163526258332
3546 0.0005429163526258332
3547 0.0005429163526258332
3548 0.0005429163526258332
3549 0.0005429163526258332
3550 0.0005429163526258332
3551 0.0005429163526258332
