1.0 0.006006006006006006 0.054291635262578686
2.0 0.012012012012012012 0.03366081386279867
3.0 0.018018018018018018 0.027688733983915102
4.0 0.024024024024024024 0.023345403162908736
5.0 0.030030030030030033 0.020087905047154183
6.0 0.036036036036036036 0.01900207234190252
7.0 0.042042042042042045 0.017373323284025168
8.0 0.04804804804804805 0.0162874905787735
9.0 0.05405405405405406 0.016830406931399484
10.0 0.060060060060060066 0.015744574226147817
11.0 0.06606606606606606 0.015201657873521984
12.0 0.07207207207207207 0.01465874152089615
13.0 0.07807807807807808 0.010858327052515767
14.0 0.08408408408408409 0.012487076110392967
15.0 0.0900900900900901 0.012487076110392967
16.0 0.0960960960960961 0.013029992463018801
17.0 0.10210210210210212 0.013572908815644635
18.0 0.10810810810810811 0.00814374528938675
19.0 0.11411411411411412 0.011944159757767284
20.0 0.12012012012012013 0.00814374528938675
21.0 0.12612612612612614 0.0076008289367609175
22.0 0.13213213213213212 0.00814374528938675
23.0 0.13813813813813813 0.007600828936761067
24.0 0.14414414414414414 0.00651499623150955
25.0 0.15015015015015015 0.007057912584135234
26.0 0.15615615615615616 0.00651499623150955
27.0 0.16216216216216217 0.005972079878883717
28.0 0.16816816816816818 0.005972079878883717
29.0 0.1741741741741742 0.0054291635262578835
30.0 0.1801801801801802 0.0054291635262578835
31.0 0.1861861861861862 0.0054291635262578835
32.0 0.1921921921921922 0.00488624717363205
33.0 0.1981981981981982 0.0054291635262578835
34.0 0.20420420420420424 0.00488624717363205
35.0 0.21021021021021025 0.00488624717363205
36.0 0.21621621621621623 0.0043433308210063665
37.0 0.22222222222222224 0.0043433308210063665
38.0 0.22822822822822825 0.0043433308210063665
39.0 0.23423423423423426 0.0043433308210063665
40.0 0.24024024024024027 0.0043433308210063665
41.0 0.24624624624624625 0.0043433308210063665
42.0 0.2522522522522523 0.0038004144683805334
43.0 0.25825825825825827 0.0038004144683805334
44.0 0.26426426426426425 0.0038004144683805334
45.0 0.2702702702702703 0.0038004144683805334
46.0 0.27627627627627627 0.0038004144683805334
47.0 0.2822822822822823 0.0038004144683805334
48.0 0.2882882882882883 0.0038004144683805334
49.0 0.29429429429429427 0.0038004144683805334
50.0 0.3003003003003003 0.0038004144683805334
51.0 0.3063063063063063 0.0038004144683805334
52.0 0.3123123123123123 0.0032574981157547003
53.0 0.3183183183183183 0.0032574981157547003
54.0 0.32432432432432434 0.0032574981157547003
55.0 0.3303303303303304 0.0032574981157547003
56.0 0.33633633633633636 0.0032574981157547003
57.0 0.3423423423423424 0.0032574981157547003
58.0 0.3483483483483484 0.0032574981157547003
59.0 0.35435435435435436 0.0032574981157547003
60.0 0.3603603603603604 0.0032574981157547003
61.0 0.3663663663663664 0.0032574981157547003
62.0 0.3723723723723724 0.0032574981157547003
63.0 0.3783783783783784 0.0032574981157547003
64.0 0.3843843843843844 0.0032574981157547003
65.0 0.3903903903903904 0.0032574981157547003
66.0 0.3963963963963964 0.0032574981157547003
67.0 0.40240240240240244 0.0032574981157547003
68.0 0.4084084084084085 0.0032574981157547003
69.0 0.41441441441441446 0.0032574981157547003
70.0 0.4204204204204205 0.0032574981157547003
71.0 0.4264264264264265 0.0027145817631290168
72.0 0.43243243243243246 0.0027145817631290168
73.0 0.4384384384384385 0.0027145817631290168
74.0 0.4444444444444445 0.0027145817631290168
75.0 0.4504504504504505 0.0027145817631290168
76.0 0.4564564564564565 0.0027145817631290168
77.0 0.4624624624624625 0.0027145817631290168
78.0 0.4684684684684685 0.0027145817631290168
79.0 0.4744744744744745 0.0027145817631290168
80.0 0.48048048048048053 0.0027145817631290168
81.0 0.4864864864864865 0.0027145817631290168
82.0 0.4924924924924925 0.0027145817631290168
83.0 0.49849849849849853 0.0027145817631290168
84.0 0.5045045045045046 0.0027145817631290168
85.0 0.5105105105105106 0.0027145817631290168
86.0 0.5165165165165165 0.0027145817631290168
87.0 0.5225225225225225 0.0027145817631290168
88.0 0.5285285285285285 0.0027145817631290168
89.0 0.5345345345345346 0.0027145817631290168
90.0 0.5405405405405406 0.0027145817631290168
91.0 0.5465465465465466 0.0027145817631290168
92.0 0.5525525525525525 0.0027145817631290168
93.0 0.5585585585585585 0.0027145817631290168
94.0 0.5645645645645646 0.0027145817631290168
95.0 0.5705705705705706 0.0027145817631290168
96.0 0.5765765765765766 0.0027145817631290168
97.0 0.5825825825825826 0.0027145817631290168
98.0 0.5885885885885885 0.0027145817631290168
99.0 0.5945945945945946 0.0027145817631290168
100.0 0.6006006006006006 0.0027145817631290168
101.0 0.6066066066066066 0.0027145817631290168
102.0 0.6126126126126126 0.0027145817631290168
103.0 0.6186186186186187 0.0027145817631290168
104.0 0.6246246246246246 0.0027145817631290168
105.0 0.6306306306306306 0.0027145817631290168
106.0 0.6366366366366366 0.0027145817631290168
107.0 0.6426426426426427 0.0027145817631290168
108.0 0.6486486486486487 0.0027145817631290168
109.0 0.6546546546546548 0.0027145817631290168
110.0 0.6606606606606608 0.0027145817631290168
111.0 0.6666666666666667 0.0027145817631290168
112.0 0.6726726726726727 0.0027145817631290168
113.0 0.6786786786786787 0.0021716654105031832
114.0 0.6846846846846848 0.0021716654105031832
115.0 0.6906906906906908 0.0021716654105031832
116.0 0.6966966966966968 0.0021716654105031832
117.0 0.7027027027027027 0.0021716654105031832
118.0 0.7087087087087087 0.0021716654105031832
119.0 0.7147147147147148 0.0021716654105031832
120.0 0.7207207207207208 0.0021716654105031832
121.0 0.7267267267267268 0.0021716654105031832
122.0 0.7327327327327328 0.0021716654105031832
123.0 0.7387387387387387 0.0021716654105031832
124.0 0.7447447447447448 0.0021716654105031832
125.0 0.7507507507507508 0.0021716654105031832
126.0 0.7567567567567568 0.0021716654105031832
127.0 0.7627627627627628 0.0021716654105031832
128.0 0.7687687687687688 0.0021716654105031832
129.0 0.7747747747747749 0.0021716654105031832
130.0 0.7807807807807808 0.0021716654105031832
131.0 0.7867867867867868 0.0021716654105031832
132.0 0.7927927927927928 0.0021716654105031832
133.0 0.7987987987987988 0.0021716654105031832
134.0 0.8048048048048049 0.002714581763128867
135.0 0.810810810810811 0.002714581763128867
136.0 0.816816816816817 0.002714581763128867
137.0 0.8228228228228229 0.002714581763128867
138.0 0.8288288288288289 0.0021716654105031832
139.0 0.8348348348348349 0.0021716654105031832
140.0 0.840840840840841 0.0021716654105031832
141.0 0.846846846846847 0.0021716654105031832
142.0 0.852852852852853 0.0021716654105031832
143.0 0.8588588588588589 0.0021716654105031832
144.0 0.8648648648648649 0.0021716654105031832
145.0 0.870870870870871 0.0021716654105031832
146.0 0.876876876876877 0.0021716654105031832
147.0 0.882882882882883 0.0021716654105031832
148.0 0.888888888888889 0.0021716654105031832
149.0 0.8948948948948949 0.0021716654105031832
150.0 0.900900900900901 0.0021716654105031832
151.0 0.906906906906907 0.0021716654105031832
152.0 0.912912912912913 0.0021716654105031832
153.0 0.918918918918919 0.0021716654105031832
154.0 0.924924924924925 0.0021716654105031832
155.0 0.930930930930931 0.0021716654105031832
156.0 0.936936936936937 0.0021716654105031832
157.0 0.942942942942943 0.0021716654105031832
158.0 0.948948948948949 0.0021716654105031832
159.0 0.954954954954955 0.0021716654105031832
160.0 0.9609609609609611 0.0021716654105031832
161.0 0.966966966966967 0.0021716654105031832
162.0 0.972972972972973 0.0021716654105031832
163.0 0.978978978978979 0.0021716654105031832
164.0 0.984984984984985 0.0021716654105031832
165.0 0.9909909909909911 0.0021716654105031832
166.0 0.9969969969969971 0.0021716654105031832
167.0 1.003003003003003 0.0021716654105031832
168.0 1.0090090090090091 0.0021716654105031832
169.0 1.015015015015015 0.0021716654105031832
170.0 1.021021021021021 0.0021716654105031832
171.0 1.027027027027027 0.0021716654105031832
172.0 1.033033033033033 0.0021716654105031832
173.0 1.0390390390390392 0.0021716654105031832
174.0 1.045045045045045 0.0021716654105031832
175.0 1.0510510510510511 0.0021716654105031832
176.0 1.057057057057057 0.0021716654105031832
177.0 1.063063063063063 0.0021716654105031832
178.0 1.0690690690690692 0.0021716654105031832
179.0 1.075075075075075 0.0021716654105031832
180.0 1.0810810810810811 0.0021716654105031832
181.0 1.087087087087087 0.0021716654105031832
182.0 1.093093093093093 0.0021716654105031832
183.0 1.0990990990990992 0.0021716654105031832
184.0 1.105105105105105 0.0021716654105031832
185.0 1.1111111111111112 0.0021716654105031832
186.0 1.117117117117117 0.0021716654105031832
187.0 1.1231231231231231 0.0021716654105031832
188.0 1.1291291291291292 0.0021716654105031832
189.0 1.135135135135135 0.0021716654105031832
190.0 1.1411411411411412 0.0021716654105031832
191.0 1.147147147147147 0.0021716654105031832
192.0 1.1531531531531531 0.0021716654105031832
193.0 1.1591591591591592 0.0021716654105031832
194.0 1.165165165165165 0.0021716654105031832
195.0 1.1711711711711712 0.0021716654105031832
196.0 1.177177177177177 0.0021716654105031832
197.0 1.1831831831831832 0.0021716654105031832
198.0 1.1891891891891893 0.0021716654105031832
199.0 1.1951951951951951 0.0021716654105031832
200.0 1.2012012012012012 0.0021716654105031832
201.0 1.2072072072072073 0.0021716654105031832
202.0 1.2132132132132132 0.0021716654105031832
203.0 1.2192192192192193 0.0016287490578773501
204.0 1.2252252252252251 0.0016287490578773501
205.0 1.2312312312312312 0.0016287490578773501
206.0 1.2372372372372373 0.0016287490578773501
207.0 1.2432432432432432 0.0016287490578773501
208.0 1.2492492492492493 0.0016287490578773501
209.0 1.2552552552552552 0.0016287490578773501
210.0 1.2612612612612613 0.0016287490578773501
211.0 1.2672672672672673 0.0016287490578773501
212.0 1.2732732732732732 0.0016287490578773501
213.0 1.2792792792792793 0.0016287490578773501
214.0 1.2852852852852854 0.0016287490578773501
215.0 1.2912912912912915 0.0016287490578773501
216.0 1.2972972972972974 0.0016287490578773501
217.0 1.3033033033033035 0.0016287490578773501
218.0 1.3093093093093096 0.0016287490578773501
219.0 1.3153153153153154 0.0016287490578773501
220.0 1.3213213213213215 0.0016287490578773501
221.0 1.3273273273273274 0.0016287490578773501
222.0 1.3333333333333335 0.0016287490578773501
223.0 1.3393393393393396 0.0016287490578773501
224.0 1.3453453453453454 0.0016287490578773501
225.0 1.3513513513513515 0.0016287490578773501
226.0 1.3573573573573574 0.0016287490578773501
227.0 1.3633633633633635 0.0016287490578773501
228.0 1.3693693693693696 0.0016287490578773501
229.0 1.3753753753753755 0.0016287490578773501
230.0 1.3813813813813816 0.0016287490578773501
231.0 1.3873873873873874 0.0016287490578773501
232.0 1.3933933933933935 0.0016287490578773501
233.0 1.3993993993993996 0.0016287490578773501
234.0 1.4054054054054055 0.0016287490578773501
235.0 1.4114114114114116 0.0016287490578773501
236.0 1.4174174174174174 0.0016287490578773501
237.0 1.4234234234234235 0.0016287490578773501
238.0 1.4294294294294296 0.0016287490578773501
239.0 1.4354354354354355 0.0016287490578773501
240.0 1.4414414414414416 0.0016287490578773501
241.0 1.4474474474474475 0.0016287490578773501
242.0 1.4534534534534536 0.0016287490578773501
243.0 1.4594594594594597 0.0016287490578773501
244.0 1.4654654654654655 0.0016287490578773501
245.0 1.4714714714714716 0.0016287490578773501
246.0 1.4774774774774775 0.0016287490578773501
247.0 1.4834834834834836 0.0016287490578773501
248.0 1.4894894894894897 0.0016287490578773501
249.0 1.4954954954954955 0.0016287490578773501
250.0 1.5015015015015016 0.0016287490578773501
251.0 1.5075075075075075 0.0016287490578773501
252.0 1.5135135135135136 0.0016287490578773501
253.0 1.5195195195195197 0.0016287490578773501
254.0 1.5255255255255256 0.0016287490578773501
255.0 1.5315315315315317 0.0016287490578773501
256.0 1.5375375375375375 0.0016287490578773501
257.0 1.5435435435435436 0.0016287490578773501
258.0 1.5495495495495497 0.0016287490578773501
259.0 1.5555555555555556 0.0016287490578773501
260.0 1.5615615615615617 0.0016287490578773501
261.0 1.5675675675675675 0.0016287490578773501
262.0 1.5735735735735736 0.0016287490578773501
263.0 1.5795795795795797 0.0016287490578773501
264.0 1.5855855855855856 0.0016287490578773501
265.0 1.5915915915915917 0.0016287490578773501
266.0 1.5975975975975976 0.0016287490578773501
267.0 1.6036036036036039 0.0016287490578773501
268.0 1.6096096096096097 0.0016287490578773501
269.0 1.6156156156156158 0.0016287490578773501
270.0 1.621621621621622 0.0016287490578773501
271.0 1.6276276276276278 0.0016287490578773501
272.0 1.633633633633634 0.0016287490578773501
273.0 1.6396396396396398 0.0016287490578773501
274.0 1.6456456456456459 0.0016287490578773501
275.0 1.651651651651652 0.0016287490578773501
276.0 1.6576576576576578 0.0016287490578773501
277.0 1.663663663663664 0.0016287490578773501
278.0 1.6696696696696698 0.0016287490578773501
279.0 1.6756756756756759 0.0016287490578773501
280.0 1.681681681681682 0.0016287490578773501
281.0 1.6876876876876878 0.0016287490578773501
282.0 1.693693693693694 0.0016287490578773501
283.0 1.6996996996996998 0.0016287490578773501
284.0 1.705705705705706 0.0016287490578773501
285.0 1.711711711711712 0.0016287490578773501
286.0 1.7177177177177179 0.0016287490578773501
287.0 1.723723723723724 0.0016287490578773501
288.0 1.7297297297297298 0.0016287490578773501
289.0 1.735735735735736 0.0016287490578773501
290.0 1.741741741741742 0.0016287490578773501
291.0 1.7477477477477479 0.0016287490578773501
292.0 1.753753753753754 0.0016287490578773501
293.0 1.7597597597597598 0.0016287490578773501
294.0 1.765765765765766 0.0016287490578773501
295.0 1.771771771771772 0.0016287490578773501
296.0 1.777777777777778 0.0016287490578773501
297.0 1.783783783783784 0.0016287490578773501
298.0 1.7897897897897899 0.0016287490578773501
299.0 1.795795795795796 0.0016287490578773501
300.0 1.801801801801802 0.0016287490578773501
301.0 1.807807807807808 0.0016287490578773501
302.0 1.813813813813814 0.0016287490578773501
303.0 1.8198198198198199 0.0016287490578773501
304.0 1.825825825825826 0.0016287490578773501
305.0 1.831831831831832 0.0016287490578773501
306.0 1.837837837837838 0.0016287490578773501
307.0 1.843843843843844 0.0016287490578773501
308.0 1.84984984984985 0.0016287490578773501
309.0 1.855855855855856 0.0016287490578773501
310.0 1.861861861861862 0.0016287490578773501
311.0 1.867867867867868 0.0016287490578773501
312.0 1.873873873873874 0.0016287490578773501
313.0 1.87987987987988 0.0016287490578773501
314.0 1.885885885885886 0.0016287490578773501
315.0 1.891891891891892 0.0016287490578773501
316.0 1.897897897897898 0.0016287490578773501
317.0 1.903903903903904 0.0016287490578773501
318.0 1.90990990990991 0.0016287490578773501
319.0 1.915915915915916 0.0016287490578773501
320.0 1.9219219219219221 0.0016287490578773501
321.0 1.927927927927928 0.0016287490578773501
322.0 1.933933933933934 0.0016287490578773501
323.0 1.93993993993994 0.0016287490578773501
324.0 1.945945945945946 0.0016287490578773501
325.0 1.9519519519519521 0.0016287490578773501
326.0 1.957957957957958 0.0016287490578773501
327.0 1.963963963963964 0.0016287490578773501
328.0 1.96996996996997 0.0016287490578773501
329.0 1.975975975975976 0.0016287490578773501
330.0 1.9819819819819822 0.0016287490578773501
331.0 1.987987987987988 0.0016287490578773501
332.0 1.9939939939939941 0.0016287490578773501
333.0 2.0 0.0016287490578773501
334.0 2.006006006006006 0.0016287490578773501
335.0 2.012012012012012 0.0016287490578773501
336.0 2.0180180180180183 0.0016287490578773501
337.0 2.024024024024024 0.0016287490578773501
338.0 2.03003003003003 0.0016287490578773501
339.0 2.036036036036036 0.0016287490578773501
340.0 2.042042042042042 0.0016287490578773501
341.0 2.0480480480480483 0.0016287490578773501
342.0 2.054054054054054 0.0016287490578773501
343.0 2.06006006006006 0.0016287490578773501
344.0 2.066066066066066 0.0016287490578773501
345.0 2.0720720720720722 0.0016287490578773501
346.0 2.0780780780780783 0.0016287490578773501
347.0 2.084084084084084 0.0016287490578773501
348.0 2.09009009009009 0.0016287490578773501
349.0 2.096096096096096 0.0016287490578773501
350.0 2.1021021021021022 0.0016287490578773501
351.0 2.1081081081081083 0.0016287490578773501
352.0 2.114114114114114 0.0016287490578773501
353.0 2.12012012012012 0.0016287490578773501
354.0 2.126126126126126 0.0016287490578773501
355.0 2.1321321321321323 0.0016287490578773501
356.0 2.1381381381381384 0.0016287490578773501
357.0 2.144144144144144 0.0016287490578773501
358.0 2.15015015015015 0.0016287490578773501
359.0 2.156156156156156 0.0016287490578773501
360.0 2.1621621621621623 0.0016287490578773501
361.0 2.1681681681681684 0.0016287490578773501
362.0 2.174174174174174 0.0016287490578773501
363.0 2.18018018018018 0.0016287490578773501
364.0 2.186186186186186 0.0016287490578773501
365.0 2.1921921921921923 0.0016287490578773501
366.0 2.1981981981981984 0.0016287490578773501
367.0 2.204204204204204 0.0016287490578773501
368.0 2.21021021021021 0.0016287490578773501
369.0 2.2162162162162162 0.0016287490578773501
370.0 2.2222222222222223 0.0016287490578773501
371.0 2.2282282282282284 0.0016287490578773501
372.0 2.234234234234234 0.0016287490578773501
373.0 2.24024024024024 0.0016287490578773501
374.0 2.2462462462462462 0.0016287490578773501
375.0 2.2522522522522523 0.0016287490578773501
376.0 2.2582582582582584 0.0016287490578773501
377.0 2.264264264264264 0.0016287490578773501
378.0 2.27027027027027 0.0016287490578773501
379.0 2.2762762762762763 0.0016287490578773501
380.0 2.2822822822822824 0.0016287490578773501
381.0 2.2882882882882885 0.0016287490578773501
382.0 2.294294294294294 0.0016287490578773501
383.0 2.3003003003003 0.0016287490578773501
384.0 2.3063063063063063 0.0016287490578773501
385.0 2.3123123123123124 0.0016287490578773501
386.0 2.3183183183183185 0.0016287490578773501
387.0 2.324324324324324 0.0016287490578773501
388.0 2.33033033033033 0.0016287490578773501
389.0 2.3363363363363363 0.0016287490578773501
390.0 2.3423423423423424 0.0016287490578773501
391.0 2.3483483483483485 0.0016287490578773501
392.0 2.354354354354354 0.0016287490578773501
393.0 2.3603603603603602 0.0016287490578773501
394.0 2.3663663663663663 0.0016287490578773501
395.0 2.3723723723723724 0.0016287490578773501
396.0 2.3783783783783785 0.0016287490578773501
397.0 2.384384384384384 0.0016287490578773501
398.0 2.3903903903903903 0.0016287490578773501
399.0 2.3963963963963963 0.0016287490578773501
400.0 2.4024024024024024 0.0016287490578773501
401.0 2.4084084084084085 0.0016287490578773501
402.0 2.4144144144144146 0.0016287490578773501
403.0 2.4204204204204203 0.0016287490578773501
404.0 2.4264264264264264 0.0016287490578773501
405.0 2.4324324324324325 0.0016287490578773501
406.0 2.4384384384384385 0.0016287490578773501
407.0 2.4444444444444446 0.0016287490578773501
408.0 2.4504504504504503 0.0016287490578773501
409.0 2.4564564564564564 0.0016287490578773501
410.0 2.4624624624624625 0.0016287490578773501
411.0 2.4684684684684686 0.0016287490578773501
412.0 2.4744744744744747 0.0016287490578773501
413.0 2.4804804804804803 0.0016287490578773501
414.0 2.4864864864864864 0.0016287490578773501
415.0 2.4924924924924925 0.0016287490578773501
416.0 2.4984984984984986 0.0016287490578773501
417.0 2.5045045045045047 0.0016287490578773501
418.0 2.5105105105105103 0.0016287490578773501
419.0 2.5165165165165164 0.0016287490578773501
420.0 2.5225225225225225 0.0016287490578773501
421.0 2.5285285285285286 0.0016287490578773501
422.0 2.5345345345345347 0.0016287490578773501
423.0 2.5405405405405403 0.0016287490578773501
424.0 2.5465465465465464 0.0016287490578773501
425.0 2.5525525525525525 0.0016287490578773501
426.0 2.5585585585585586 0.0016287490578773501
427.0 2.5645645645645647 0.0016287490578773501
428.0 2.570570570570571 0.0016287490578773501
429.0 2.576576576576577 0.0016287490578773501
430.0 2.582582582582583 0.0016287490578773501
431.0 2.588588588588589 0.0016287490578773501
432.0 2.5945945945945947 0.0016287490578773501
433.0 2.600600600600601 0.0016287490578773501
434.0 2.606606606606607 0.0016287490578773501
435.0 2.612612612612613 0.0016287490578773501
436.0 2.618618618618619 0.0016287490578773501
437.0 2.6246246246246248 0.0016287490578773501
438.0 2.630630630630631 0.0016287490578773501
439.0 2.636636636636637 0.0016287490578773501
440.0 2.642642642642643 0.0016287490578773501
441.0 2.648648648648649 0.0016287490578773501
442.0 2.6546546546546548 0.0016287490578773501
443.0 2.660660660660661 0.0016287490578773501
444.0 2.666666666666667 0.0016287490578773501
445.0 2.672672672672673 0.0016287490578773501
446.0 2.678678678678679 0.0016287490578773501
447.0 2.684684684684685 0.0016287490578773501
448.0 2.690690690690691 0.0016287490578773501
449.0 2.696696696696697 0.0016287490578773501
450.0 2.702702702702703 0.0016287490578773501
451.0 2.708708708708709 0.0016287490578773501
452.0 2.714714714714715 0.0016287490578773501
453.0 2.720720720720721 0.0016287490578773501
454.0 2.726726726726727 0.0016287490578773501
455.0 2.732732732732733 0.0016287490578773501
456.0 2.738738738738739 0.0016287490578773501
457.0 2.744744744744745 0.0016287490578773501
458.0 2.750750750750751 0.0016287490578773501
459.0 2.756756756756757 0.0016287490578773501
460.0 2.762762762762763 0.0016287490578773501
461.0 2.768768768768769 0.0016287490578773501
462.0 2.774774774774775 0.0016287490578773501
463.0 2.780780780780781 0.0016287490578773501
464.0 2.786786786786787 0.0016287490578773501
465.0 2.792792792792793 0.0016287490578773501
466.0 2.7987987987987992 0.0016287490578773501
467.0 2.804804804804805 0.0016287490578773501
468.0 2.810810810810811 0.0016287490578773501
469.0 2.816816816816817 0.0016287490578773501
470.0 2.822822822822823 0.0016287490578773501
471.0 2.8288288288288292 0.0016287490578773501
472.0 2.834834834834835 0.0016287490578773501
473.0 2.840840840840841 0.0016287490578773501
474.0 2.846846846846847 0.0016287490578773501
475.0 2.852852852852853 0.0016287490578773501
476.0 2.8588588588588593 0.0016287490578773501
477.0 2.864864864864865 0.0016287490578773501
478.0 2.870870870870871 0.0010858327052516664
479.0 2.876876876876877 0.0010858327052516664
480.0 2.882882882882883 0.0010858327052516664
481.0 2.8888888888888893 0.0010858327052516664
482.0 2.894894894894895 0.0010858327052516664
483.0 2.900900900900901 0.0010858327052516664
484.0 2.906906906906907 0.0010858327052516664
485.0 2.912912912912913 0.0010858327052516664
486.0 2.9189189189189193 0.0010858327052516664
487.0 2.924924924924925 0.0010858327052516664
488.0 2.930930930930931 0.0010858327052516664
489.0 2.936936936936937 0.0010858327052516664
490.0 2.9429429429429432 0.0010858327052516664
491.0 2.9489489489489493 0.0010858327052516664
492.0 2.954954954954955 0.0010858327052516664
493.0 2.960960960960961 0.0010858327052516664
494.0 2.966966966966967 0.0010858327052516664
495.0 2.9729729729729732 0.0010858327052516664
496.0 2.9789789789789793 0.0010858327052516664
497.0 2.984984984984985 0.0010858327052516664
498.0 2.990990990990991 0.0010858327052516664
499.0 2.996996996996997 0.0010858327052516664
500.0 3.0030030030030033 0.0010858327052516664
501.0 3.0090090090090094 0.0010858327052516664
502.0 3.015015015015015 0.0010858327052516664
503.0 3.021021021021021 0.0010858327052516664
504.0 3.027027027027027 0.0010858327052516664
505.0 3.0330330330330333 0.0010858327052516664
506.0 3.0390390390390394 0.0010858327052516664
507.0 3.045045045045045 0.0010858327052516664
508.0 3.051051051051051 0.0010858327052516664
509.0 3.057057057057057 0.0010858327052516664
510.0 3.0630630630630633 0.0010858327052516664
511.0 3.0690690690690694 0.0010858327052516664
512.0 3.075075075075075 0.0010858327052516664
513.0 3.081081081081081 0.0010858327052516664
514.0 3.0870870870870872 0.0010858327052516664
515.0 3.0930930930930933 0.0010858327052516664
516.0 3.0990990990990994 0.0010858327052516664
517.0 3.105105105105105 0.0010858327052516664
518.0 3.111111111111111 0.0010858327052516664
519.0 3.1171171171171173 0.0010858327052516664
520.0 3.1231231231231233 0.0010858327052516664
521.0 3.1291291291291294 0.0010858327052516664
522.0 3.135135135135135 0.0010858327052516664
523.0 3.141141141141141 0.0010858327052516664
524.0 3.1471471471471473 0.0010858327052516664
525.0 3.1531531531531534 0.0010858327052516664
526.0 3.1591591591591595 0.0010858327052516664
527.0 3.165165165165165 0.0010858327052516664
528.0 3.171171171171171 0.0010858327052516664
529.0 3.1771771771771773 0.0010858327052516664
530.0 3.1831831831831834 0.0010858327052516664
531.0 3.1891891891891895 0.0010858327052516664
532.0 3.195195195195195 0.0010858327052516664
533.0 3.2012012012012017 0.0010858327052516664
534.0 3.2072072072072078 0.0010858327052516664
535.0 3.213213213213214 0.0010858327052516664
536.0 3.2192192192192195 0.0010858327052516664
537.0 3.2252252252252256 0.0010858327052516664
538.0 3.2312312312312317 0.0010858327052516664
539.0 3.2372372372372378 0.0010858327052516664
540.0 3.243243243243244 0.0010858327052516664
541.0 3.2492492492492495 0.0010858327052516664
542.0 3.2552552552552556 0.0010858327052516664
543.0 3.2612612612612617 0.0010858327052516664
544.0 3.267267267267268 0.0010858327052516664
545.0 3.273273273273274 0.0010858327052516664
546.0 3.2792792792792795 0.0010858327052516664
547.0 3.2852852852852856 0.0010858327052516664
548.0 3.2912912912912917 0.0010858327052516664
549.0 3.297297297297298 0.0010858327052516664
550.0 3.303303303303304 0.0010858327052516664
551.0 3.3093093093093096 0.0010858327052516664
552.0 3.3153153153153156 0.0010858327052516664
553.0 3.3213213213213217 0.0010858327052516664
554.0 3.327327327327328 0.0010858327052516664
555.0 3.333333333333334 0.0010858327052516664
556.0 3.3393393393393396 0.0010858327052516664
557.0 3.3453453453453457 0.0010858327052516664
558.0 3.3513513513513518 0.0010858327052516664
559.0 3.357357357357358 0.0010858327052516664
560.0 3.363363363363364 0.0010858327052516664
561.0 3.3693693693693696 0.0010858327052516664
562.0 3.3753753753753757 0.0010858327052516664
563.0 3.381381381381382 0.0010858327052516664
564.0 3.387387387387388 0.0010858327052516664
565.0 3.393393393393394 0.0010858327052516664
566.0 3.3993993993993996 0.0010858327052516664
567.0 3.4054054054054057 0.0010858327052516664
568.0 3.411411411411412 0.0010858327052516664
569.0 3.417417417417418 0.0010858327052516664
570.0 3.423423423423424 0.0010858327052516664
571.0 3.4294294294294296 0.0010858327052516664
572.0 3.4354354354354357 0.0010858327052516664
573.0 3.441441441441442 0.0010858327052516664
574.0 3.447447447447448 0.0010858327052516664
575.0 3.453453453453454 0.0010858327052516664
576.0 3.4594594594594597 0.0010858327052516664
577.0 3.4654654654654657 0.0010858327052516664
578.0 3.471471471471472 0.0010858327052516664
579.0 3.477477477477478 0.0010858327052516664
580.0 3.483483483483484 0.0010858327052516664
581.0 3.4894894894894897 0.0010858327052516664
582.0 3.4954954954954958 0.0010858327052516664
583.0 3.501501501501502 0.0010858327052516664
584.0 3.507507507507508 0.0010858327052516664
585.0 3.513513513513514 0.0010858327052516664
586.0 3.5195195195195197 0.0010858327052516664
587.0 3.525525525525526 0.0010858327052516664
588.0 3.531531531531532 0.0010858327052516664
589.0 3.537537537537538 0.0010858327052516664
590.0 3.543543543543544 0.0010858327052516664
591.0 3.5495495495495497 0.0010858327052516664
592.0 3.555555555555556 0.0010858327052516664
593.0 3.561561561561562 0.0010858327052516664
594.0 3.567567567567568 0.0010858327052516664
595.0 3.573573573573574 0.0010858327052516664
596.0 3.5795795795795797 0.0010858327052516664
597.0 3.585585585585586 0.0010858327052516664
598.0 3.591591591591592 0.0010858327052516664
599.0 3.597597597597598 0.0010858327052516664
600.0 3.603603603603604 0.0010858327052516664
601.0 3.6096096096096097 0.0010858327052516664
602.0 3.615615615615616 0.0010858327052516664
603.0 3.621621621621622 0.0010858327052516664
604.0 3.627627627627628 0.0010858327052516664
605.0 3.633633633633634 0.0010858327052516664
606.0 3.6396396396396398 0.0010858327052516664
607.0 3.645645645645646 0.0010858327052516664
608.0 3.651651651651652 0.0010858327052516664
609.0 3.657657657657658 0.0010858327052516664
610.0 3.663663663663664 0.0010858327052516664
611.0 3.66966966966967 0.0010858327052516664
612.0 3.675675675675676 0.0010858327052516664
613.0 3.681681681681682 0.0010858327052516664
614.0 3.687687687687688 0.0010858327052516664
615.0 3.693693693693694 0.0010858327052516664
616.0 3.6996996996997 0.0010858327052516664
617.0 3.705705705705706 0.0010858327052516664
618.0 3.711711711711712 0.0010858327052516664
619.0 3.717717717717718 0.0010858327052516664
620.0 3.723723723723724 0.0010858327052516664
621.0 3.72972972972973 0.0010858327052516664
622.0 3.735735735735736 0.0010858327052516664
623.0 3.741741741741742 0.0010858327052516664
624.0 3.747747747747748 0.0010858327052516664
625.0 3.753753753753754 0.0010858327052516664
626.0 3.75975975975976 0.0010858327052516664
627.0 3.765765765765766 0.0010858327052516664
628.0 3.771771771771772 0.0010858327052516664
629.0 3.777777777777778 0.0010858327052516664
630.0 3.783783783783784 0.0010858327052516664
631.0 3.78978978978979 0.0010858327052516664
632.0 3.795795795795796 0.0010858327052516664
633.0 3.801801801801802 0.0010858327052516664
634.0 3.807807807807808 0.0010858327052516664
635.0 3.8138138138138142 0.0010858327052516664
636.0 3.81981981981982 0.0010858327052516664
637.0 3.825825825825826 0.0010858327052516664
638.0 3.831831831831832 0.0010858327052516664
639.0 3.837837837837838 0.0010858327052516664
640.0 3.8438438438438443 0.0010858327052516664
641.0 3.84984984984985 0.0010858327052516664
642.0 3.855855855855856 0.0010858327052516664
643.0 3.861861861861862 0.0010858327052516664
644.0 3.867867867867868 0.0010858327052516664
645.0 3.8738738738738743 0.0010858327052516664
646.0 3.87987987987988 0.0010858327052516664
647.0 3.885885885885886 0.0010858327052516664
648.0 3.891891891891892 0.0010858327052516664
649.0 3.897897897897898 0.0010858327052516664
650.0 3.9039039039039043 0.0010858327052516664
651.0 3.90990990990991 0.0010858327052516664
652.0 3.915915915915916 0.0010858327052516664
653.0 3.921921921921922 0.0010858327052516664
654.0 3.927927927927928 0.0010858327052516664
655.0 3.9339339339339343 0.0010858327052516664
656.0 3.93993993993994 0.0010858327052516664
657.0 3.945945945945946 0.0010858327052516664
658.0 3.951951951951952 0.0010858327052516664
659.0 3.9579579579579582 0.0010858327052516664
660.0 3.9639639639639643 0.0010858327052516664
661.0 3.96996996996997 0.0010858327052516664
662.0 3.975975975975976 0.0010858327052516664
663.0 3.981981981981982 0.0010858327052516664
664.0 3.9879879879879883 0.0010858327052516664
665.0 3.9939939939939944 0.0010858327052516664
666.0 4.0 0.0010858327052516664
667.0 4.0060060060060065 0.0010858327052516664
668.0 4.012012012012012 0.0010858327052516664
669.0 4.018018018018018 0.0010858327052516664
670.0 4.024024024024024 0.0010858327052516664
671.0 4.03003003003003 0.0010858327052516664
672.0 4.036036036036037 0.0010858327052516664
673.0 4.042042042042042 0.0010858327052516664
674.0 4.048048048048048 0.0010858327052516664
675.0 4.054054054054054 0.0010858327052516664
676.0 4.06006006006006 0.0010858327052516664
677.0 4.066066066066067 0.0010858327052516664
678.0 4.072072072072072 0.0010858327052516664
679.0 4.078078078078078 0.0010858327052516664
680.0 4.084084084084084 0.0010858327052516664
681.0 4.09009009009009 0.0010858327052516664
682.0 4.096096096096097 0.0010858327052516664
683.0 4.102102102102102 0.0010858327052516664
684.0 4.108108108108108 0.0010858327052516664
685.0 4.114114114114114 0.0010858327052516664
686.0 4.12012012012012 0.0010858327052516664
687.0 4.126126126126127 0.0010858327052516664
688.0 4.132132132132132 0.0010858327052516664
689.0 4.138138138138138 0.0010858327052516664
690.0 4.1441441441441444 0.0010858327052516664
691.0 4.15015015015015 0.0010858327052516664
692.0 4.156156156156157 0.0010858327052516664
693.0 4.162162162162162 0.0010858327052516664
694.0 4.168168168168168 0.0010858327052516664
695.0 4.1741741741741745 0.0010858327052516664
696.0 4.18018018018018 0.0010858327052516664
697.0 4.186186186186187 0.0010858327052516664
698.0 4.192192192192192 0.0010858327052516664
699.0 4.198198198198198 0.0010858327052516664
700.0 4.2042042042042045 0.0010858327052516664
701.0 4.21021021021021 0.0010858327052516664
702.0 4.216216216216217 0.0010858327052516664
703.0 4.222222222222222 0.0010858327052516664
704.0 4.228228228228228 0.0010858327052516664
705.0 4.2342342342342345 0.0010858327052516664
706.0 4.24024024024024 0.0010858327052516664
707.0 4.246246246246247 0.0010858327052516664
708.0 4.252252252252252 0.0010858327052516664
709.0 4.258258258258258 0.0010858327052516664
710.0 4.2642642642642645 0.0010858327052516664
711.0 4.27027027027027 0.0010858327052516664
712.0 4.276276276276277 0.0010858327052516664
713.0 4.282282282282282 0.0010858327052516664
714.0 4.288288288288288 0.0010858327052516664
715.0 4.2942942942942945 0.0010858327052516664
716.0 4.3003003003003 0.0010858327052516664
717.0 4.306306306306307 0.0010858327052516664
718.0 4.312312312312312 0.0010858327052516664
719.0 4.318318318318318 0.0010858327052516664
720.0 4.324324324324325 0.0010858327052516664
721.0 4.33033033033033 0.0010858327052516664
722.0 4.336336336336337 0.0010858327052516664
723.0 4.342342342342342 0.0010858327052516664
724.0 4.348348348348348 0.0010858327052516664
725.0 4.354354354354355 0.0010858327052516664
726.0 4.36036036036036 0.0010858327052516664
727.0 4.366366366366367 0.0010858327052516664
728.0 4.372372372372372 0.0010858327052516664
729.0 4.378378378378378 0.0010858327052516664
730.0 4.384384384384385 0.0010858327052516664
731.0 4.39039039039039 0.0010858327052516664
732.0 4.396396396396397 0.0010858327052516664
733.0 4.402402402402402 0.0010858327052516664
734.0 4.408408408408408 0.0010858327052516664
735.0 4.414414414414415 0.0010858327052516664
736.0 4.42042042042042 0.0010858327052516664
737.0 4.426426426426427 0.0010858327052516664
738.0 4.4324324324324325 0.0010858327052516664
739.0 4.438438438438438 0.0010858327052516664
740.0 4.444444444444445 0.0010858327052516664
741.0 4.45045045045045 0.0010858327052516664
742.0 4.456456456456457 0.0010858327052516664
743.0 4.4624624624624625 0.0010858327052516664
744.0 4.468468468468468 0.0010858327052516664
745.0 4.474474474474475 0.0010858327052516664
746.0 4.48048048048048 0.0010858327052516664
747.0 4.486486486486487 0.0010858327052516664
748.0 4.4924924924924925 0.0010858327052516664
749.0 4.498498498498498 0.0010858327052516664
750.0 4.504504504504505 0.0010858327052516664
751.0 4.51051051051051 0.0010858327052516664
752.0 4.516516516516517 0.0010858327052516664
753.0 4.5225225225225225 0.0010858327052516664
754.0 4.528528528528528 0.0010858327052516664
755.0 4.534534534534535 0.0010858327052516664
756.0 4.54054054054054 0.0010858327052516664
757.0 4.546546546546547 0.0010858327052516664
758.0 4.5525525525525525 0.0010858327052516664
759.0 4.558558558558558 0.0010858327052516664
760.0 4.564564564564565 0.0010858327052516664
761.0 4.57057057057057 0.0010858327052516664
762.0 4.576576576576577 0.0010858327052516664
763.0 4.5825825825825826 0.0010858327052516664
764.0 4.588588588588588 0.0010858327052516664
765.0 4.594594594594595 0.0010858327052516664
766.0 4.6006006006006 0.0010858327052516664
767.0 4.606606606606607 0.0010858327052516664
768.0 4.612612612612613 0.0010858327052516664
769.0 4.618618618618618 0.0010858327052516664
770.0 4.624624624624625 0.0010858327052516664
771.0 4.63063063063063 0.0010858327052516664
772.0 4.636636636636637 0.0010858327052516664
773.0 4.642642642642643 0.0010858327052516664
774.0 4.648648648648648 0.0010858327052516664
775.0 4.654654654654655 0.0010858327052516664
776.0 4.66066066066066 0.0010858327052516664
777.0 4.666666666666667 0.0010858327052516664
778.0 4.672672672672673 0.0010858327052516664
779.0 4.678678678678678 0.0010858327052516664
780.0 4.684684684684685 0.0010858327052516664
781.0 4.6906906906906904 0.0010858327052516664
782.0 4.696696696696697 0.0010858327052516664
783.0 4.702702702702703 0.0010858327052516664
784.0 4.708708708708708 0.0010858327052516664
785.0 4.714714714714715 0.0010858327052516664
786.0 4.7207207207207205 0.0010858327052516664
787.0 4.726726726726727 0.0010858327052516664
788.0 4.732732732732733 0.0010858327052516664
789.0 4.738738738738738 0.0010858327052516664
790.0 4.744744744744745 0.0010858327052516664
791.0 4.7507507507507505 0.0010858327052516664
792.0 4.756756756756757 0.0010858327052516664
793.0 4.762762762762763 0.0010858327052516664
794.0 4.768768768768768 0.0010858327052516664
795.0 4.774774774774775 0.0010858327052516664
796.0 4.7807807807807805 0.0010858327052516664
797.0 4.786786786786787 0.0010858327052516664
798.0 4.792792792792793 0.0010858327052516664
799.0 4.798798798798798 0.0010858327052516664
800.0 4.804804804804805 0.0010858327052516664
801.0 4.8108108108108105 0.0010858327052516664
802.0 4.816816816816817 0.0010858327052516664
803.0 4.822822822822823 0.0010858327052516664
804.0 4.828828828828829 0.0010858327052516664
805.0 4.834834834834835 0.0010858327052516664
806.0 4.8408408408408405 0.0010858327052516664
807.0 4.846846846846847 0.0010858327052516664
808.0 4.852852852852853 0.0010858327052516664
809.0 4.858858858858859 0.0010858327052516664
810.0 4.864864864864865 0.0010858327052516664
811.0 4.870870870870871 0.0010858327052516664
812.0 4.876876876876877 0.0010858327052516664
813.0 4.882882882882883 0.0010858327052516664
814.0 4.888888888888889 0.0010858327052516664
815.0 4.894894894894895 0.0010858327052516664
816.0 4.900900900900901 0.0010858327052516664
817.0 4.906906906906907 0.0010858327052516664
818.0 4.912912912912913 0.0010858327052516664
819.0 4.918918918918919 0.0010858327052516664
820.0 4.924924924924925 0.0010858327052516664
821.0 4.930930930930931 0.0010858327052516664
822.0 4.936936936936937 0.0010858327052516664
823.0 4.942942942942943 0.0010858327052516664
824.0 4.948948948948949 0.0010858327052516664
825.0 4.954954954954955 0.0010858327052516664
826.0 4.960960960960961 0.0010858327052516664
827.0 4.966966966966967 0.0010858327052516664
828.0 4.972972972972973 0.0010858327052516664
829.0 4.978978978978979 0.0010858327052516664
830.0 4.984984984984985 0.0010858327052516664
831.0 4.990990990990991 0.0010858327052516664
832.0 4.996996996996997 0.0010858327052516664
833.0 5.003003003003003 0.0010858327052516664
834.0 5.009009009009009 0.0010858327052516664
835.0 5.015015015015015 0.0010858327052516664
836.0 5.021021021021021 0.0010858327052516664
837.0 5.027027027027027 0.0010858327052516664
838.0 5.033033033033033 0.0010858327052516664
839.0 5.039039039039039 0.0010858327052516664
840.0 5.045045045045045 0.0010858327052516664
841.0 5.051051051051051 0.0010858327052516664
842.0 5.057057057057057 0.0010858327052516664
843.0 5.063063063063063 0.0010858327052516664
844.0 5.069069069069069 0.0010858327052516664
845.0 5.075075075075075 0.0010858327052516664
846.0 5.081081081081081 0.0010858327052516664
847.0 5.087087087087087 0.0010858327052516664
848.0 5.093093093093093 0.0010858327052516664
849.0 5.099099099099099 0.0010858327052516664
850.0 5.105105105105105 0.0010858327052516664
851.0 5.111111111111111 0.0010858327052516664
852.0 5.117117117117117 0.0010858327052516664
853.0 5.123123123123123 0.0010858327052516664
854.0 5.129129129129129 0.0010858327052516664
855.0 5.135135135135136 0.0010858327052516664
856.0 5.141141141141142 0.0010858327052516664
857.0 5.147147147147148 0.0010858327052516664
858.0 5.153153153153154 0.0010858327052516664
859.0 5.1591591591591595 0.0010858327052516664
860.0 5.165165165165166 0.0010858327052516664
861.0 5.171171171171172 0.0010858327052516664
862.0 5.177177177177178 0.0010858327052516664
863.0 5.183183183183184 0.0010858327052516664
864.0 5.1891891891891895 0.0010858327052516664
865.0 5.195195195195196 0.0010858327052516664
866.0 5.201201201201202 0.0010858327052516664
867.0 5.207207207207208 0.0010858327052516664
868.0 5.213213213213214 0.0010858327052516664
869.0 5.2192192192192195 0.0010858327052516664
870.0 5.225225225225226 0.0010858327052516664
871.0 5.231231231231232 0.0010858327052516664
872.0 5.237237237237238 0.0010858327052516664
873.0 5.243243243243244 0.0010858327052516664
874.0 5.2492492492492495 0.0010858327052516664
875.0 5.255255255255256 0.0010858327052516664
876.0 5.261261261261262 0.0010858327052516664
877.0 5.267267267267268 0.0010858327052516664
878.0 5.273273273273274 0.0010858327052516664
879.0 5.2792792792792795 0.0010858327052516664
880.0 5.285285285285286 0.0010858327052516664
881.0 5.291291291291292 0.0010858327052516664
882.0 5.297297297297298 0.0010858327052516664
883.0 5.303303303303304 0.0010858327052516664
884.0 5.3093093093093096 0.0010858327052516664
885.0 5.315315315315316 0.0010858327052516664
886.0 5.321321321321322 0.0010858327052516664
887.0 5.327327327327328 0.0010858327052516664
888.0 5.333333333333334 0.0010858327052516664
889.0 5.33933933933934 0.0010858327052516664
890.0 5.345345345345346 0.0010858327052516664
891.0 5.351351351351352 0.0010858327052516664
892.0 5.357357357357358 0.0010858327052516664
893.0 5.363363363363364 0.0010858327052516664
894.0 5.36936936936937 0.0010858327052516664
895.0 5.375375375375376 0.0010858327052516664
896.0 5.381381381381382 0.0010858327052516664
897.0 5.387387387387388 0.0010858327052516664
898.0 5.393393393393394 0.0010858327052516664
899.0 5.3993993993994 0.0010858327052516664
900.0 5.405405405405406 0.0010858327052516664
901.0 5.411411411411412 0.0010858327052516664
902.0 5.417417417417418 0.0010858327052516664
903.0 5.423423423423424 0.0010858327052516664
904.0 5.42942942942943 0.0010858327052516664
905.0 5.435435435435436 0.0010858327052516664
906.0 5.441441441441442 0.0010858327052516664
907.0 5.447447447447448 0.0010858327052516664
908.0 5.453453453453454 0.0010858327052516664
909.0 5.45945945945946 0.0010858327052516664
910.0 5.465465465465466 0.0010858327052516664
911.0 5.471471471471472 0.0010858327052516664
912.0 5.477477477477478 0.0010858327052516664
913.0 5.483483483483484 0.0010858327052516664
914.0 5.48948948948949 0.0010858327052516664
915.0 5.495495495495496 0.0010858327052516664
916.0 5.501501501501502 0.0010858327052516664
917.0 5.507507507507508 0.0010858327052516664
918.0 5.513513513513514 0.0010858327052516664
919.0 5.51951951951952 0.0010858327052516664
920.0 5.525525525525526 0.0010858327052516664
921.0 5.531531531531532 0.0010858327052516664
922.0 5.537537537537538 0.0010858327052516664
923.0 5.543543543543544 0.0010858327052516664
924.0 5.54954954954955 0.0010858327052516664
925.0 5.555555555555556 0.0010858327052516664
926.0 5.561561561561562 0.0010858327052516664
927.0 5.567567567567568 0.0010858327052516664
928.0 5.573573573573574 0.0010858327052516664
929.0 5.57957957957958 0.0010858327052516664
930.0 5.585585585585586 0.0010858327052516664
931.0 5.591591591591592 0.0010858327052516664
932.0 5.5975975975975985 0.0010858327052516664
933.0 5.603603603603604 0.0010858327052516664
934.0 5.60960960960961 0.0010858327052516664
935.0 5.615615615615616 0.0010858327052516664
936.0 5.621621621621622 0.0010858327052516664
937.0 5.6276276276276285 0.0010858327052516664
938.0 5.633633633633634 0.0010858327052516664
939.0 5.63963963963964 0.0010858327052516664
940.0 5.645645645645646 0.0010858327052516664
941.0 5.651651651651652 0.0010858327052516664
942.0 5.6576576576576585 0.0010858327052516664
943.0 5.663663663663664 0.0010858327052516664
944.0 5.66966966966967 0.0010858327052516664
945.0 5.675675675675676 0.0010858327052516664
946.0 5.681681681681682 0.0010858327052516664
947.0 5.6876876876876885 0.0010858327052516664
948.0 5.693693693693694 0.0010858327052516664
949.0 5.6996996996997 0.0010858327052516664
950.0 5.705705705705706 0.0010858327052516664
951.0 5.711711711711712 0.0010858327052516664
952.0 5.7177177177177185 0.0010858327052516664
953.0 5.723723723723724 0.0010858327052516664
954.0 5.72972972972973 0.0010858327052516664
955.0 5.735735735735736 0.0010858327052516664
956.0 5.741741741741742 0.0010858327052516664
957.0 5.7477477477477485 0.0010858327052516664
958.0 5.753753753753754 0.0010858327052516664
959.0 5.75975975975976 0.0010858327052516664
960.0 5.765765765765766 0.0010858327052516664
961.0 5.771771771771772 0.0010858327052516664
962.0 5.777777777777779 0.0010858327052516664
963.0 5.783783783783784 0.0010858327052516664
964.0 5.78978978978979 0.0010858327052516664
965.0 5.795795795795796 0.0010858327052516664
966.0 5.801801801801802 0.0010858327052516664
967.0 5.807807807807809 0.0010858327052516664
968.0 5.813813813813814 0.0010858327052516664
969.0 5.81981981981982 0.0010858327052516664
970.0 5.825825825825826 0.0010858327052516664
971.0 5.831831831831832 0.0010858327052516664
972.0 5.837837837837839 0.0010858327052516664
973.0 5.843843843843844 0.0010858327052516664
974.0 5.84984984984985 0.0010858327052516664
975.0 5.855855855855856 0.0010858327052516664
976.0 5.861861861861862 0.0010858327052516664
977.0 5.867867867867869 0.0010858327052516664
978.0 5.873873873873874 0.0010858327052516664
979.0 5.87987987987988 0.0010858327052516664
980.0 5.8858858858858865 0.0010858327052516664
981.0 5.891891891891892 0.0010858327052516664
982.0 5.897897897897899 0.0010858327052516664
983.0 5.903903903903904 0.0010858327052516664
984.0 5.90990990990991 0.0010858327052516664
985.0 5.9159159159159165 0.0010858327052516664
986.0 5.921921921921922 0.0010858327052516664
987.0 5.927927927927929 0.0010858327052516664
988.0 5.933933933933934 0.0010858327052516664
989.0 5.93993993993994 0.0010858327052516664
990.0 5.9459459459459465 0.0010858327052516664
991.0 5.951951951951952 0.0010858327052516664
992.0 5.957957957957959 0.0010858327052516664
993.0 5.963963963963964 0.0010858327052516664
994.0 5.96996996996997 0.0010858327052516664
995.0 5.9759759759759765 0.0010858327052516664
996.0 5.981981981981982 0.0010858327052516664
997.0 5.987987987987989 0.0010858327052516664
998.0 5.993993993993994 0.0010858327052516664
999.0 6.0 0.0010858327052516664
1000.0 6.0060060060060065 0.0010858327052516664
1001.0 6.012012012012012 0.0010858327052516664
1002.0 6.018018018018019 0.0010858327052516664
1003.0 6.024024024024024 0.0010858327052516664
1004.0 6.03003003003003 0.0010858327052516664
1005.0 6.036036036036037 0.0010858327052516664
1006.0 6.042042042042042 0.0010858327052516664
1007.0 6.048048048048049 0.0010858327052516664
1008.0 6.054054054054054 0.0010858327052516664
1009.0 6.06006006006006 0.0010858327052516664
1010.0 6.066066066066067 0.0010858327052516664
1011.0 6.072072072072072 0.0010858327052516664
1012.0 6.078078078078079 0.0010858327052516664
1013.0 6.084084084084084 0.0010858327052516664
1014.0 6.09009009009009 0.0010858327052516664
1015.0 6.096096096096097 0.0010858327052516664
1016.0 6.102102102102102 0.0010858327052516664
1017.0 6.108108108108109 0.0010858327052516664
1018.0 6.114114114114114 0.0010858327052516664
1019.0 6.12012012012012 0.0010858327052516664
1020.0 6.126126126126127 0.0010858327052516664
1021.0 6.132132132132132 0.0010858327052516664
1022.0 6.138138138138139 0.0010858327052516664
1023.0 6.1441441441441444 0.0010858327052516664
1024.0 6.15015015015015 0.0010858327052516664
1025.0 6.156156156156157 0.0010858327052516664
1026.0 6.162162162162162 0.0010858327052516664
1027.0 6.168168168168169 0.0010858327052516664
1028.0 6.1741741741741745 0.0010858327052516664
1029.0 6.18018018018018 0.0010858327052516664
1030.0 6.186186186186187 0.0010858327052516664
1031.0 6.192192192192192 0.0010858327052516664
1032.0 6.198198198198199 0.0010858327052516664
1033.0 6.2042042042042045 0.0010858327052516664
1034.0 6.21021021021021 0.0010858327052516664
1035.0 6.216216216216217 0.0010858327052516664
1036.0 6.222222222222222 0.0010858327052516664
1037.0 6.228228228228229 0.0010858327052516664
1038.0 6.2342342342342345 0.0010858327052516664
1039.0 6.24024024024024 0.0010858327052516664
1040.0 6.246246246246247 0.0010858327052516664
1041.0 6.252252252252252 0.0010858327052516664
1042.0 6.258258258258259 0.0010858327052516664
1043.0 6.2642642642642645 0.0010858327052516664
1044.0 6.27027027027027 0.0010858327052516664
1045.0 6.276276276276277 0.0010858327052516664
1046.0 6.282282282282282 0.0010858327052516664
1047.0 6.288288288288289 0.0010858327052516664
1048.0 6.2942942942942945 0.0010858327052516664
1049.0 6.3003003003003 0.0010858327052516664
1050.0 6.306306306306307 0.0010858327052516664
1051.0 6.312312312312312 0.0010858327052516664
1052.0 6.318318318318319 0.0010858327052516664
1053.0 6.324324324324325 0.0010858327052516664
1054.0 6.33033033033033 0.0010858327052516664
1055.0 6.336336336336337 0.0010858327052516664
1056.0 6.342342342342342 0.0010858327052516664
1057.0 6.348348348348349 0.0010858327052516664
1058.0 6.354354354354355 0.0010858327052516664
1059.0 6.36036036036036 0.0010858327052516664
1060.0 6.366366366366367 0.0010858327052516664
1061.0 6.372372372372372 0.0010858327052516664
1062.0 6.378378378378379 0.0010858327052516664
1063.0 6.384384384384385 0.0010858327052516664
1064.0 6.39039039039039 0.0010858327052516664
1065.0 6.396396396396397 0.0010858327052516664
1066.0 6.402402402402403 0.0010858327052516664
1067.0 6.408408408408409 0.0010858327052516664
1068.0 6.4144144144144155 0.0010858327052516664
1069.0 6.42042042042042 0.0010858327052516664
1070.0 6.426426426426428 0.0010858327052516664
1071.0 6.4324324324324325 0.0010858327052516664
1072.0 6.438438438438439 0.0010858327052516664
1073.0 6.444444444444445 0.0010858327052516664
1074.0 6.450450450450451 0.0010858327052516664
1075.0 6.456456456456457 0.0010858327052516664
1076.0 6.462462462462463 0.0010858327052516664
1077.0 6.468468468468469 0.0010858327052516664
1078.0 6.4744744744744755 0.0010858327052516664
1079.0 6.48048048048048 0.0010858327052516664
1080.0 6.486486486486488 0.0010858327052516664
1081.0 6.4924924924924925 0.0010858327052516664
1082.0 6.498498498498499 0.0010858327052516664
1083.0 6.504504504504505 0.0010858327052516664
1084.0 6.510510510510511 0.0010858327052516664
1085.0 6.516516516516517 0.0010858327052516664
1086.0 6.522522522522523 0.0010858327052516664
1087.0 6.528528528528529 0.0010858327052516664
1088.0 6.534534534534536 0.0010858327052516664
1089.0 6.54054054054054 0.0010858327052516664
1090.0 6.546546546546548 0.0010858327052516664
1091.0 6.5525525525525525 0.0010858327052516664
1092.0 6.558558558558559 0.0010858327052516664
1093.0 6.564564564564565 0.0010858327052516664
1094.0 6.570570570570571 0.0010858327052516664
1095.0 6.576576576576577 0.0010858327052516664
1096.0 6.582582582582583 0.0010858327052516664
1097.0 6.588588588588589 0.0010858327052516664
1098.0 6.594594594594596 0.0010858327052516664
1099.0 6.6006006006006 0.0010858327052516664
1100.0 6.606606606606608 0.0010858327052516664
1101.0 6.612612612612613 0.0010858327052516664
1102.0 6.618618618618619 0.0010858327052516664
1103.0 6.624624624624625 0.0010858327052516664
1104.0 6.630630630630631 0.0010858327052516664
1105.0 6.636636636636637 0.0010858327052516664
1106.0 6.6426426426426435 0.0010858327052516664
1107.0 6.648648648648649 0.0010858327052516664
1108.0 6.654654654654656 0.0010858327052516664
1109.0 6.66066066066066 0.0010858327052516664
1110.0 6.666666666666668 0.0010858327052516664
1111.0 6.672672672672673 0.0010858327052516664
1112.0 6.678678678678679 0.0010858327052516664
1113.0 6.684684684684685 0.0010858327052516664
1114.0 6.690690690690691 0.0010858327052516664
1115.0 6.696696696696697 0.0010858327052516664
1116.0 6.7027027027027035 0.0010858327052516664
1117.0 6.708708708708709 0.0010858327052516664
1118.0 6.714714714714716 0.0010858327052516664
1119.0 6.7207207207207205 0.0010858327052516664
1120.0 6.726726726726728 0.0010858327052516664
1121.0 6.732732732732733 0.0010858327052516664
1122.0 6.738738738738739 0.0010858327052516664
1123.0 6.744744744744745 0.0010858327052516664
1124.0 6.750750750750751 0.0010858327052516664
1125.0 6.756756756756757 0.0010858327052516664
1126.0 6.762762762762764 0.0010858327052516664
1127.0 6.768768768768769 0.0010858327052516664
1128.0 6.774774774774776 0.0010858327052516664
1129.0 6.7807807807807805 0.0010858327052516664
1130.0 6.786786786786788 0.0010858327052516664
1131.0 6.792792792792793 0.0010858327052516664
1132.0 6.798798798798799 0.0010858327052516664
1133.0 6.804804804804805 0.0010858327052516664
1134.0 6.810810810810811 0.0010858327052516664
1135.0 6.816816816816817 0.0010858327052516664
1136.0 6.822822822822824 0.0010858327052516664
1137.0 6.828828828828829 0.0010858327052516664
1138.0 6.834834834834836 0.0010858327052516664
1139.0 6.8408408408408405 0.0010858327052516664
1140.0 6.846846846846848 0.0010858327052516664
1141.0 6.852852852852853 0.0010858327052516664
1142.0 6.858858858858859 0.0010858327052516664
1143.0 6.864864864864865 0.0010858327052516664
1144.0 6.8708708708708714 0.0010858327052516664
1145.0 6.876876876876877 0.0010858327052516664
1146.0 6.882882882882884 0.0010858327052516664
1147.0 6.888888888888889 0.0010858327052516664
1148.0 6.894894894894896 0.0010858327052516664
1149.0 6.900900900900901 0.0010858327052516664
1150.0 6.906906906906908 0.0010858327052516664
1151.0 6.912912912912913 0.0010858327052516664
1152.0 6.918918918918919 0.0010858327052516664
1153.0 6.924924924924925 0.0010858327052516664
1154.0 6.9309309309309315 0.0010858327052516664
1155.0 6.936936936936937 0.0010858327052516664
1156.0 6.942942942942944 0.0010858327052516664
1157.0 6.948948948948949 0.0010858327052516664
1158.0 6.954954954954956 0.0010858327052516664
1159.0 6.960960960960961 0.0010858327052516664
1160.0 6.966966966966968 0.0010858327052516664
1161.0 6.972972972972973 0.0010858327052516664
1162.0 6.978978978978979 0.0010858327052516664
1163.0 6.984984984984985 0.0010858327052516664
1164.0 6.9909909909909915 0.0010858327052516664
1165.0 6.996996996996997 0.0010858327052516664
1166.0 7.003003003003004 0.0010858327052516664
1167.0 7.009009009009009 0.0010858327052516664
1168.0 7.015015015015016 0.0010858327052516664
1169.0 7.021021021021021 0.0010858327052516664
1170.0 7.027027027027028 0.0010858327052516664
1171.0 7.033033033033033 0.0010858327052516664
1172.0 7.039039039039039 0.0010858327052516664
1173.0 7.045045045045045 0.0010858327052516664
1174.0 7.051051051051052 0.0010858327052516664
1175.0 7.057057057057057 0.0010858327052516664
1176.0 7.063063063063064 0.0010858327052516664
1177.0 7.069069069069069 0.0010858327052516664
1178.0 7.075075075075076 0.0010858327052516664
1179.0 7.081081081081081 0.0010858327052516664
1180.0 7.087087087087088 0.0010858327052516664
1181.0 7.093093093093093 0.0010858327052516664
1182.0 7.099099099099099 0.0010858327052516664
1183.0 7.105105105105105 0.0010858327052516664
1184.0 7.111111111111112 0.0010858327052516664
1185.0 7.117117117117117 0.0010858327052516664
1186.0 7.123123123123124 0.0010858327052516664
1187.0 7.129129129129129 0.0010858327052516664
1188.0 7.135135135135136 0.0010858327052516664
1189.0 7.141141141141141 0.0010858327052516664
1190.0 7.147147147147148 0.0010858327052516664
1191.0 7.153153153153153 0.0010858327052516664
1192.0 7.1591591591591595 0.0010858327052516664
1193.0 7.165165165165165 0.0010858327052516664
1194.0 7.171171171171172 0.0010858327052516664
1195.0 7.177177177177177 0.0010858327052516664
1196.0 7.183183183183184 0.0010858327052516664
1197.0 7.1891891891891895 0.0010858327052516664
1198.0 7.195195195195196 0.0010858327052516664
1199.0 7.201201201201201 0.0010858327052516664
1200.0 7.207207207207208 0.0010858327052516664
1201.0 7.213213213213213 0.0010858327052516664
1202.0 7.2192192192192195 0.0010858327052516664
1203.0 7.225225225225225 0.0010858327052516664
1204.0 7.231231231231232 0.0010858327052516664
1205.0 7.237237237237237 0.0010858327052516664
1206.0 7.243243243243244 0.0010858327052516664
1207.0 7.2492492492492495 0.0010858327052516664
1208.0 7.255255255255256 0.0010858327052516664
1209.0 7.261261261261261 0.0010858327052516664
1210.0 7.267267267267268 0.0010858327052516664
1211.0 7.273273273273273 0.0010858327052516664
1212.0 7.2792792792792795 0.0010858327052516664
1213.0 7.285285285285285 0.0005429163526258332
1214.0 7.291291291291292 0.0005429163526258332
1215.0 7.297297297297297 0.0005429163526258332
1216.0 7.303303303303304 0.0005429163526258332
1217.0 7.3093093093093096 0.0005429163526258332
1218.0 7.315315315315316 0.0005429163526258332
1219.0 7.321321321321321 0.0005429163526258332
1220.0 7.327327327327328 0.0005429163526258332
1221.0 7.333333333333333 0.0005429163526258332
1222.0 7.33933933933934 0.0005429163526258332
1223.0 7.345345345345345 0.0005429163526258332
1224.0 7.351351351351352 0.0005429163526258332
1225.0 7.357357357357357 0.0005429163526258332
1226.0 7.363363363363364 0.0005429163526258332
1227.0 7.36936936936937 0.0005429163526258332
1228.0 7.375375375375376 0.0005429163526258332
1229.0 7.381381381381381 0.0005429163526258332
1230.0 7.387387387387388 0.0005429163526258332
1231.0 7.393393393393393 0.0005429163526258332
1232.0 7.3993993993994 0.0005429163526258332
1233.0 7.405405405405405 0.0005429163526258332
1234.0 7.411411411411412 0.0005429163526258332
1235.0 7.4174174174174174 0.0005429163526258332
1236.0 7.423423423423424 0.0005429163526258332
1237.0 7.42942942942943 0.0005429163526258332
1238.0 7.435435435435436 0.0005429163526258332
1239.0 7.441441441441441 0.0005429163526258332
1240.0 7.447447447447448 0.0005429163526258332
1241.0 7.453453453453453 0.0005429163526258332
1242.0 7.45945945945946 0.0005429163526258332
1243.0 7.465465465465465 0.0005429163526258332
1244.0 7.471471471471472 0.0005429163526258332
1245.0 7.4774774774774775 0.0005429163526258332
1246.0 7.483483483483484 0.0005429163526258332
1247.0 7.48948948948949 0.0005429163526258332
1248.0 7.495495495495496 0.0005429163526258332
1249.0 7.501501501501501 0.0005429163526258332
1250.0 7.507507507507508 0.0005429163526258332
1251.0 7.513513513513513 0.0005429163526258332
1252.0 7.51951951951952 0.0010858327052516664
1253.0 7.525525525525525 0.0010858327052516664
1254.0 7.531531531531532 0.0005429163526258332
1255.0 7.5375375375375375 0.0005429163526258332
1256.0 7.543543543543544 0.0005429163526258332
1257.0 7.54954954954955 0.0010858327052516664
1258.0 7.555555555555556 0.0010858327052516664
1259.0 7.561561561561561 0.0010858327052516664
1260.0 7.567567567567568 0.0010858327052516664
1261.0 7.573573573573573 0.0010858327052516664
1262.0 7.57957957957958 0.0010858327052516664
1263.0 7.585585585585585 0.0010858327052516664
1264.0 7.591591591591592 0.0010858327052516664
1265.0 7.597597597597598 0.0010858327052516664
1266.0 7.603603603603604 0.0010858327052516664
1267.0 7.60960960960961 0.0010858327052516664
1268.0 7.615615615615616 0.0010858327052516664
1269.0 7.621621621621621 0.0010858327052516664
1270.0 7.6276276276276285 0.0010858327052516664
1271.0 7.633633633633633 0.0010858327052516664
1272.0 7.63963963963964 0.0010858327052516664
1273.0 7.645645645645645 0.0010858327052516664
1274.0 7.651651651651652 0.0010858327052516664
1275.0 7.657657657657658 0.0010858327052516664
1276.0 7.663663663663664 0.0010858327052516664
1277.0 7.66966966966967 0.0010858327052516664
1278.0 7.675675675675676 0.0010858327052516664
1279.0 7.681681681681681 0.0010858327052516664
1280.0 7.6876876876876885 0.0010858327052516664
1281.0 7.693693693693693 0.0010858327052516664
1282.0 7.6996996996997 0.0010858327052516664
1283.0 7.7057057057057055 0.0010858327052516664
1284.0 7.711711711711712 0.0010858327052516664
1285.0 7.717717717717718 0.0010858327052516664
1286.0 7.723723723723724 0.0010858327052516664
1287.0 7.72972972972973 0.0010858327052516664
1288.0 7.735735735735736 0.0010858327052516664
1289.0 7.741741741741741 0.0010858327052516664
1290.0 7.7477477477477485 0.0010858327052516664
1291.0 7.753753753753753 0.0010858327052516664
1292.0 7.75975975975976 0.0010858327052516664
1293.0 7.7657657657657655 0.0010858327052516664
1294.0 7.771771771771772 0.0010858327052516664
1295.0 7.777777777777778 0.0010858327052516664
1296.0 7.783783783783784 0.0010858327052516664
1297.0 7.78978978978979 0.0010858327052516664
1298.0 7.795795795795796 0.0010858327052516664
1299.0 7.801801801801801 0.0010858327052516664
1300.0 7.807807807807809 0.0010858327052516664
1301.0 7.813813813813813 0.0010858327052516664
1302.0 7.81981981981982 0.0010858327052516664
1303.0 7.8258258258258255 0.0010858327052516664
1304.0 7.831831831831832 0.0010858327052516664
1305.0 7.837837837837838 0.0010858327052516664
1306.0 7.843843843843844 0.0010858327052516664
1307.0 7.84984984984985 0.0010858327052516664
1308.0 7.855855855855856 0.0010858327052516664
1309.0 7.861861861861861 0.0010858327052516664
1310.0 7.867867867867869 0.0010858327052516664
1311.0 7.873873873873873 0.0010858327052516664
1312.0 7.87987987987988 0.0010858327052516664
1313.0 7.885885885885886 0.0010858327052516664
1314.0 7.891891891891892 0.0010858327052516664
1315.0 7.897897897897898 0.0010858327052516664
1316.0 7.903903903903904 0.0010858327052516664
1317.0 7.90990990990991 0.0010858327052516664
1318.0 7.9159159159159165 0.0010858327052516664
1319.0 7.921921921921921 0.0010858327052516664
1320.0 7.927927927927929 0.0010858327052516664
1321.0 7.933933933933933 0.0010858327052516664
1322.0 7.93993993993994 0.0010858327052516664
1323.0 7.945945945945946 0.0010858327052516664
1324.0 7.951951951951952 0.0010858327052516664
1325.0 7.957957957957958 0.0010858327052516664
1326.0 7.963963963963964 0.0010858327052516664
1327.0 7.96996996996997 0.0010858327052516664
1328.0 7.9759759759759765 0.0010858327052516664
1329.0 7.981981981981981 0.0010858327052516664
1330.0 7.987987987987989 0.0010858327052516664
1331.0 7.9939939939939935 0.0010858327052516664
1332.0 8.0 0.0010858327052516664
1333.0 8.006006006006006 0.0010858327052516664
1334.0 8.012012012012013 0.0010858327052516664
1335.0 8.018018018018017 0.0010858327052516664
1336.0 8.024024024024024 0.0010858327052516664
1337.0 8.03003003003003 0.0010858327052516664
1338.0 8.036036036036036 0.0010858327052516664
1339.0 8.042042042042041 0.0010858327052516664
1340.0 8.048048048048049 0.0010858327052516664
1341.0 8.054054054054054 0.0005429163526258332
1342.0 8.06006006006006 0.0005429163526258332
1343.0 8.066066066066066 0.0005429163526258332
1344.0 8.072072072072073 0.0005429163526258332
1345.0 8.078078078078077 0.0005429163526258332
1346.0 8.084084084084084 0.0005429163526258332
1347.0 8.09009009009009 0.0005429163526258332
1348.0 8.096096096096096 0.0005429163526258332
1349.0 8.102102102102101 0.0010858327052516664
1350.0 8.108108108108109 0.0010858327052516664
1351.0 8.114114114114114 0.0010858327052516664
1352.0 8.12012012012012 0.0010858327052516664
1353.0 8.126126126126126 0.0010858327052516664
1354.0 8.132132132132133 0.0010858327052516664
1355.0 8.138138138138137 0.0010858327052516664
1356.0 8.144144144144144 0.0010858327052516664
1357.0 8.15015015015015 0.0010858327052516664
1358.0 8.156156156156156 0.0010858327052516664
1359.0 8.162162162162161 0.0010858327052516664
1360.0 8.168168168168169 0.0010858327052516664
1361.0 8.174174174174174 0.0010858327052516664
1362.0 8.18018018018018 0.0010858327052516664
1363.0 8.186186186186186 0.0010858327052516664
1364.0 8.192192192192193 0.0010858327052516664
1365.0 8.198198198198197 0.0010858327052516664
1366.0 8.204204204204204 0.0010858327052516664
1367.0 8.210210210210212 0.0010858327052516664
1368.0 8.216216216216216 0.0010858327052516664
1369.0 8.222222222222223 0.0010858327052516664
1370.0 8.228228228228229 0.0010858327052516664
1371.0 8.234234234234235 0.0010858327052516664
1372.0 8.24024024024024 0.0010858327052516664
1373.0 8.246246246246248 0.0010858327052516664
1374.0 8.252252252252253 0.0010858327052516664
1375.0 8.258258258258259 0.0010858327052516664
1376.0 8.264264264264265 0.0010858327052516664
1377.0 8.270270270270272 0.0010858327052516664
1378.0 8.276276276276276 0.0010858327052516664
1379.0 8.282282282282283 0.0010858327052516664
1380.0 8.288288288288289 0.0010858327052516664
1381.0 8.294294294294295 0.0010858327052516664
1382.0 8.3003003003003 0.0010858327052516664
1383.0 8.306306306306308 0.0010858327052516664
1384.0 8.312312312312313 0.0010858327052516664
1385.0 8.318318318318319 0.0010858327052516664
1386.0 8.324324324324325 0.0010858327052516664
1387.0 8.330330330330332 0.0010858327052516664
1388.0 8.336336336336336 0.0010858327052516664
1389.0 8.342342342342343 0.0010858327052516664
1390.0 8.348348348348349 0.0010858327052516664
1391.0 8.354354354354355 0.0010858327052516664
1392.0 8.36036036036036 0.0010858327052516664
1393.0 8.366366366366368 0.0010858327052516664
1394.0 8.372372372372373 0.0010858327052516664
1395.0 8.378378378378379 0.0010858327052516664
1396.0 8.384384384384385 0.0010858327052516664
1397.0 8.390390390390392 0.0010858327052516664
1398.0 8.396396396396396 0.0010858327052516664
1399.0 8.402402402402403 0.0010858327052516664
1400.0 8.408408408408409 0.0010858327052516664
1401.0 8.414414414414415 0.0010858327052516664
1402.0 8.42042042042042 0.0010858327052516664
1403.0 8.426426426426428 0.0010858327052516664
1404.0 8.432432432432433 0.0010858327052516664
1405.0 8.438438438438439 0.0010858327052516664
1406.0 8.444444444444445 0.0010858327052516664
1407.0 8.450450450450452 0.0010858327052516664
1408.0 8.456456456456456 0.0010858327052516664
1409.0 8.462462462462463 0.0010858327052516664
1410.0 8.468468468468469 0.0010858327052516664
1411.0 8.474474474474475 0.0010858327052516664
1412.0 8.48048048048048 0.0005429163526258332
1413.0 8.486486486486488 0.0005429163526258332
1414.0 8.492492492492493 0.0005429163526258332
1415.0 8.498498498498499 0.0005429163526258332
1416.0 8.504504504504505 0.0005429163526258332
1417.0 8.510510510510512 0.0005429163526258332
1418.0 8.516516516516516 0.0005429163526258332
1419.0 8.522522522522523 0.0005429163526258332
1420.0 8.528528528528529 0.0005429163526258332
1421.0 8.534534534534535 0.0005429163526258332
1422.0 8.54054054054054 0.0005429163526258332
1423.0 8.546546546546548 0.0005429163526258332
1424.0 8.552552552552553 0.0005429163526258332
1425.0 8.558558558558559 0.0005429163526258332
1426.0 8.564564564564565 0.0005429163526258332
1427.0 8.570570570570572 0.0005429163526258332
1428.0 8.576576576576576 0.0005429163526258332
1429.0 8.582582582582583 0.0005429163526258332
1430.0 8.588588588588589 0.0005429163526258332
1431.0 8.594594594594595 0.0005429163526258332
1432.0 8.6006006006006 0.0005429163526258332
1433.0 8.606606606606608 0.0005429163526258332
1434.0 8.612612612612613 0.0005429163526258332
1435.0 8.618618618618619 0.0005429163526258332
1436.0 8.624624624624625 0.0005429163526258332
1437.0 8.630630630630632 0.0005429163526258332
1438.0 8.636636636636636 0.0005429163526258332
1439.0 8.642642642642643 0.0005429163526258332
1440.0 8.64864864864865 0.0005429163526258332
1441.0 8.654654654654655 0.0005429163526258332
1442.0 8.66066066066066 0.0005429163526258332
1443.0 8.666666666666668 0.0005429163526258332
1444.0 8.672672672672673 0.0005429163526258332
1445.0 8.67867867867868 0.0005429163526258332
1446.0 8.684684684684685 0.0005429163526258332
1447.0 8.690690690690692 0.0005429163526258332
1448.0 8.696696696696696 0.0005429163526258332
1449.0 8.702702702702704 0.0005429163526258332
1450.0 8.70870870870871 0.0005429163526258332
1451.0 8.714714714714715 0.0005429163526258332
1452.0 8.72072072072072 0.0005429163526258332
1453.0 8.726726726726728 0.0005429163526258332
1454.0 8.732732732732734 0.0005429163526258332
1455.0 8.73873873873874 0.0005429163526258332
1456.0 8.744744744744745 0.0005429163526258332
1457.0 8.750750750750752 0.0005429163526258332
1458.0 8.756756756756756 0.0005429163526258332
1459.0 8.762762762762764 0.0005429163526258332
1460.0 8.76876876876877 0.0005429163526258332
1461.0 8.774774774774775 0.0005429163526258332
1462.0 8.78078078078078 0.0005429163526258332
1463.0 8.786786786786788 0.0005429163526258332
1464.0 8.792792792792794 0.0005429163526258332
1465.0 8.7987987987988 0.0005429163526258332
1466.0 8.804804804804805 0.0005429163526258332
1467.0 8.810810810810812 0.0005429163526258332
1468.0 8.816816816816816 0.0005429163526258332
1469.0 8.822822822822824 0.0005429163526258332
1470.0 8.82882882882883 0.0005429163526258332
1471.0 8.834834834834835 0.0005429163526258332
1472.0 8.84084084084084 0.0005429163526258332
1473.0 8.846846846846848 0.0005429163526258332
1474.0 8.852852852852854 0.0005429163526258332
1475.0 8.85885885885886 0.0005429163526258332
1476.0 8.864864864864865 0.0005429163526258332
1477.0 8.870870870870872 0.0005429163526258332
1478.0 8.876876876876876 0.0005429163526258332
1479.0 8.882882882882884 0.0005429163526258332
1480.0 8.88888888888889 0.0005429163526258332
1481.0 8.894894894894895 0.0005429163526258332
1482.0 8.9009009009009 0.0005429163526258332
1483.0 8.906906906906908 0.0005429163526258332
1484.0 8.912912912912914 0.0005429163526258332
1485.0 8.91891891891892 0.0005429163526258332
1486.0 8.924924924924925 0.0005429163526258332
1487.0 8.930930930930932 0.0005429163526258332
1488.0 8.936936936936936 0.0005429163526258332
1489.0 8.942942942942944 0.0005429163526258332
1490.0 8.94894894894895 0.0005429163526258332
1491.0 8.954954954954955 0.0005429163526258332
1492.0 8.96096096096096 0.0005429163526258332
1493.0 8.966966966966968 0.0005429163526258332
1494.0 8.972972972972974 0.0005429163526258332
1495.0 8.97897897897898 0.0005429163526258332
1496.0 8.984984984984985 0.0005429163526258332
1497.0 8.990990990990992 0.0005429163526258332
1498.0 8.996996996996996 0.0005429163526258332
1499.0 9.003003003003004 0.0005429163526258332
1500.0 9.00900900900901 0.0005429163526258332
1501.0 9.015015015015015 0.0005429163526258332
1502.0 9.02102102102102 0.0005429163526258332
1503.0 9.027027027027028 0.0005429163526258332
1504.0 9.033033033033034 0.0005429163526258332
1505.0 9.03903903903904 0.0005429163526258332
1506.0 9.045045045045045 0.0005429163526258332
1507.0 9.051051051051052 0.0005429163526258332
1508.0 9.057057057057056 0.0005429163526258332
1509.0 9.063063063063064 0.0005429163526258332
1510.0 9.06906906906907 0.0005429163526258332
1511.0 9.075075075075075 0.0005429163526258332
1512.0 9.08108108108108 0.0005429163526258332
1513.0 9.087087087087088 0.0005429163526258332
1514.0 9.093093093093094 0.0005429163526258332
1515.0 9.0990990990991 0.0005429163526258332
1516.0 9.105105105105105 0.0005429163526258332
1517.0 9.111111111111112 0.0005429163526258332
1518.0 9.117117117117116 0.0005429163526258332
1519.0 9.123123123123124 0.0005429163526258332
1520.0 9.12912912912913 0.0005429163526258332
1521.0 9.135135135135135 0.0005429163526258332
1522.0 9.14114114114114 0.0005429163526258332
1523.0 9.147147147147148 0.0005429163526258332
1524.0 9.153153153153154 0.0005429163526258332
1525.0 9.15915915915916 0.0005429163526258332
1526.0 9.165165165165165 0.0005429163526258332
1527.0 9.171171171171173 0.0005429163526258332
1528.0 9.177177177177176 0.0005429163526258332
1529.0 9.183183183183184 0.0005429163526258332
1530.0 9.18918918918919 0.0005429163526258332
1531.0 9.195195195195195 0.0005429163526258332
1532.0 9.2012012012012 0.0005429163526258332
1533.0 9.207207207207208 0.0005429163526258332
1534.0 9.213213213213214 0.0005429163526258332
1535.0 9.21921921921922 0.0005429163526258332
1536.0 9.225225225225225 0.0005429163526258332
1537.0 9.231231231231233 0.0005429163526258332
1538.0 9.237237237237236 0.0005429163526258332
1539.0 9.243243243243244 0.0005429163526258332
1540.0 9.24924924924925 0.0005429163526258332
1541.0 9.255255255255255 0.0005429163526258332
1542.0 9.26126126126126 0.0005429163526258332
1543.0 9.267267267267268 0.0005429163526258332
1544.0 9.273273273273274 0.0005429163526258332
1545.0 9.27927927927928 0.0005429163526258332
1546.0 9.285285285285285 0.0005429163526258332
1547.0 9.291291291291293 0.0005429163526258332
1548.0 9.297297297297296 0.0005429163526258332
1549.0 9.303303303303304 0.0005429163526258332
1550.0 9.30930930930931 0.0005429163526258332
1551.0 9.315315315315315 0.0005429163526258332
1552.0 9.32132132132132 0.0005429163526258332
1553.0 9.327327327327328 0.0005429163526258332
1554.0 9.333333333333334 0.0005429163526258332
1555.0 9.33933933933934 0.0005429163526258332
1556.0 9.345345345345345 0.0005429163526258332
1557.0 9.351351351351353 0.0005429163526258332
1558.0 9.357357357357357 0.0005429163526258332
1559.0 9.363363363363364 0.0005429163526258332
1560.0 9.36936936936937 0.0005429163526258332
1561.0 9.375375375375375 0.0005429163526258332
1562.0 9.381381381381381 0.0005429163526258332
1563.0 9.387387387387388 0.0005429163526258332
1564.0 9.393393393393394 0.0005429163526258332
1565.0 9.3993993993994 0.0005429163526258332
1566.0 9.405405405405405 0.0005429163526258332
1567.0 9.411411411411413 0.0005429163526258332
1568.0 9.417417417417417 0.0005429163526258332
1569.0 9.423423423423424 0.0005429163526258332
1570.0 9.42942942942943 0.0005429163526258332
1571.0 9.435435435435435 0.0005429163526258332
1572.0 9.441441441441441 0.0005429163526258332
1573.0 9.447447447447448 0.0005429163526258332
1574.0 9.453453453453454 0.0005429163526258332
1575.0 9.45945945945946 0.0005429163526258332
1576.0 9.465465465465465 0.0005429163526258332
1577.0 9.471471471471473 0.0005429163526258332
1578.0 9.477477477477477 0.0005429163526258332
1579.0 9.483483483483484 0.0005429163526258332
1580.0 9.48948948948949 0.0005429163526258332
1581.0 9.495495495495495 0.0005429163526258332
1582.0 9.501501501501501 0.0005429163526258332
1583.0 9.507507507507508 0.0005429163526258332
1584.0 9.513513513513514 0.0005429163526258332
1585.0 9.51951951951952 0.0005429163526258332
1586.0 9.525525525525525 0.0005429163526258332
1587.0 9.531531531531533 0.0005429163526258332
1588.0 9.537537537537537 0.0005429163526258332
1589.0 9.543543543543544 0.0005429163526258332
1590.0 9.54954954954955 0.0005429163526258332
1591.0 9.555555555555555 0.0005429163526258332
1592.0 9.561561561561561 0.0005429163526258332
1593.0 9.567567567567568 0.0005429163526258332
1594.0 9.573573573573574 0.0005429163526258332
1595.0 9.57957957957958 0.0005429163526258332
1596.0 9.585585585585585 0.0005429163526258332
1597.0 9.591591591591593 0.0005429163526258332
1598.0 9.597597597597597 0.0005429163526258332
1599.0 9.603603603603604 0.0005429163526258332
1600.0 9.60960960960961 0.0005429163526258332
1601.0 9.615615615615617 0.0005429163526258332
1602.0 9.621621621621621 0.0005429163526258332
1603.0 9.627627627627628 0.0005429163526258332
1604.0 9.633633633633634 0.0005429163526258332
1605.0 9.63963963963964 0.0005429163526258332
1606.0 9.645645645645645 0.0005429163526258332
1607.0 9.651651651651653 0.0005429163526258332
1608.0 9.657657657657658 0.0005429163526258332
1609.0 9.663663663663664 0.0005429163526258332
1610.0 9.66966966966967 0.0005429163526258332
1611.0 9.675675675675677 0.0005429163526258332
1612.0 9.681681681681681 0.0005429163526258332
1613.0 9.687687687687689 0.0005429163526258332
1614.0 9.693693693693694 0.0005429163526258332
1615.0 9.6996996996997 0.0005429163526258332
1616.0 9.705705705705705 0.0005429163526258332
1617.0 9.711711711711713 0.0005429163526258332
1618.0 9.717717717717719 0.0005429163526258332
1619.0 9.723723723723724 0.0005429163526258332
1620.0 9.72972972972973 0.0005429163526258332
1621.0 9.735735735735737 0.0005429163526258332
1622.0 9.741741741741741 0.0005429163526258332
1623.0 9.747747747747749 0.0005429163526258332
1624.0 9.753753753753754 0.0005429163526258332
1625.0 9.75975975975976 0.0005429163526258332
1626.0 9.765765765765765 0.0005429163526258332
1627.0 9.771771771771773 0.0005429163526258332
1628.0 9.777777777777779 0.0005429163526258332
1629.0 9.783783783783784 0.0005429163526258332
1630.0 9.78978978978979 0.0005429163526258332
1631.0 9.795795795795797 0.0005429163526258332
1632.0 9.801801801801801 0.0005429163526258332
1633.0 9.807807807807809 0.0005429163526258332
1634.0 9.813813813813814 0.0005429163526258332
1635.0 9.81981981981982 0.0005429163526258332
1636.0 9.825825825825826 0.0005429163526258332
1637.0 9.831831831831833 0.0005429163526258332
1638.0 9.837837837837839 0.0005429163526258332
1639.0 9.843843843843844 0.0005429163526258332
1640.0 9.84984984984985 0.0005429163526258332
1641.0 9.855855855855857 0.0005429163526258332
1642.0 9.861861861861861 0.0005429163526258332
1643.0 9.867867867867869 0.0005429163526258332
1644.0 9.873873873873874 0.0005429163526258332
1645.0 9.87987987987988 0.0005429163526258332
1646.0 9.885885885885886 0.0005429163526258332
1647.0 9.891891891891893 0.0005429163526258332
1648.0 9.897897897897899 0.0005429163526258332
1649.0 9.903903903903904 0.0005429163526258332
1650.0 9.90990990990991 0.0005429163526258332
1651.0 9.915915915915917 0.0005429163526258332
1652.0 9.921921921921921 0.0005429163526258332
1653.0 9.927927927927929 0.0005429163526258332
1654.0 9.933933933933934 0.0005429163526258332
1655.0 9.93993993993994 0.0005429163526258332
1656.0 9.945945945945946 0.0005429163526258332
1657.0 9.951951951951953 0.0005429163526258332
1658.0 9.957957957957959 0.0005429163526258332
1659.0 9.963963963963964 0.0005429163526258332
1660.0 9.96996996996997 0.0005429163526258332
1661.0 9.975975975975977 0.0005429163526258332
1662.0 9.981981981981981 0.0005429163526258332
1663.0 9.987987987987989 0.0005429163526258332
1664.0 9.993993993993994 0.0005429163526258332
1665.0 10.0 0.0005429163526258332
