1.0 0.006345177664974619 0.050491220794198155
2.0 0.012690355329949238 0.02714581763128942
3.0 0.01903553299492386 0.015744574226147817
4.0 0.025380710659898477 0.015201657873521984
5.0 0.0317258883248731 0.014115825168270467
6.0 0.03807106598984772 0.012487076110392967
7.0 0.04441624365482233 0.012487076110393118
8.0 0.050761421319796954 0.011944159757767284
9.0 0.05710659898477158 0.0097724943472641
10.0 0.0634517766497462 0.009229577994638418
11.0 0.06979695431472081 0.007600828936761067
12.0 0.07614213197969544 0.00814374528938675
13.0 0.08248730964467005 0.008686661642012584
14.0 0.08883248730964466 0.009229577994638418
15.0 0.09517766497461928 0.007600828936761067
16.0 0.10152284263959391 0.00814374528938675
17.0 0.10786802030456853 0.007057912584135234
18.0 0.11421319796954316 0.0076008289367609175
19.0 0.12055837563451777 0.005972079878883717
20.0 0.1269035532994924 0.005972079878883717
21.0 0.133248730964467 0.005972079878883717
22.0 0.13959390862944163 0.005972079878883567
23.0 0.14593908629441624 0.0070579125841350844
24.0 0.15228426395939088 0.0054291635262578835
25.0 0.15862944162436549 0.0054291635262578835
26.0 0.1649746192893401 0.005972079878883567
27.0 0.17131979695431473 0.0070579125841350844
28.0 0.17766497461928932 0.0076008289367609175
29.0 0.18401015228426396 0.0065149962315094005
30.0 0.19035532994923857 0.0054291635262578835
31.0 0.1967005076142132 0.0054291635262578835
32.0 0.20304568527918782 0.0048862471736322
33.0 0.20939086294416243 0.0043433308210063665
34.0 0.21573604060913706 0.00488624717363205
35.0 0.22208121827411165 0.004343330821006217
36.0 0.2284263959390863 0.004343330821006217
37.0 0.2347715736040609 0.0038004144683805334
38.0 0.24111675126903553 0.0043433308210063665
39.0 0.24746192893401014 0.0043433308210063665
40.0 0.2538071065989848 0.0043433308210063665
41.0 0.26015228426395937 0.0043433308210063665
42.0 0.266497461928934 0.0038004144683805334
43.0 0.27284263959390864 0.0038004144683805334
44.0 0.27918781725888325 0.0038004144683805334
45.0 0.28553299492385786 0.0038004144683805334
46.0 0.2918781725888325 0.0038004144683805334
47.0 0.29822335025380714 0.0032574981157547003
48.0 0.30456852791878175 0.0038004144683803837
49.0 0.3109137055837563 0.0038004144683803837
50.0 0.31725888324873097 0.0038004144683803837
51.0 0.3236040609137056 0.0038004144683803837
52.0 0.3299492385786802 0.0038004144683803837
53.0 0.3362944162436548 0.0038004144683803837
54.0 0.34263959390862947 0.0032574981157547003
55.0 0.3489847715736041 0.0038004144683803837
56.0 0.35532994923857864 0.0038004144683803837
57.0 0.3616751269035533 0.0032574981157547003
58.0 0.3680203045685279 0.0032574981157547003
59.0 0.3743654822335025 0.0032574981157547003
60.0 0.38071065989847713 0.0032574981157547003
61.0 0.3870558375634518 0.0027145817631290168
62.0 0.3934010152284264 0.0032574981157547003
63.0 0.399746192893401 0.0032574981157547003
64.0 0.40609137055837563 0.0027145817631290168
65.0 0.41243654822335024 0.0032574981157547003
66.0 0.41878172588832485 0.0032574981157547003
67.0 0.4251269035532995 0.0032574981157547003
68.0 0.43147208121827413 0.0027145817631290168
69.0 0.43781725888324874 0.0027145817631290168
70.0 0.4441624365482233 0.0027145817631290168
71.0 0.450507614213198 0.0032574981157547003
72.0 0.4568527918781726 0.0027145817631290168
73.0 0.4631979695431472 0.0027145817631290168
74.0 0.4695431472081218 0.0027145817631290168
75.0 0.4758883248730964 0.0027145817631290168
76.0 0.48223350253807107 0.0027145817631290168
77.0 0.4885786802030457 0.0027145817631290168
78.0 0.4949238578680203 0.0027145817631290168
79.0 0.5012690355329948 0.0027145817631290168
80.0 0.5076142131979696 0.0027145817631290168
81.0 0.5139593908629442 0.0027145817631290168
82.0 0.5203045685279187 0.0027145817631290168
83.0 0.5266497461928934 0.0027145817631290168
84.0 0.532994923857868 0.0027145817631290168
85.0 0.5393401015228426 0.0027145817631290168
86.0 0.5456852791878173 0.0027145817631290168
87.0 0.5520304568527918 0.0027145817631290168
88.0 0.5583756345177665 0.0027145817631290168
89.0 0.5647208121827411 0.0027145817631290168
90.0 0.5710659898477157 0.0027145817631290168
91.0 0.5774111675126904 0.0027145817631290168
92.0 0.583756345177665 0.0027145817631290168
93.0 0.5901015228426395 0.0027145817631290168
94.0 0.5964467005076143 0.0027145817631290168
95.0 0.6027918781725888 0.0027145817631290168
96.0 0.6091370558375635 0.0027145817631290168
97.0 0.6154822335025381 0.0027145817631290168
98.0 0.6218274111675126 0.0027145817631290168
99.0 0.6281725888324874 0.0027145817631290168
100.0 0.6345177664974619 0.0027145817631290168
101.0 0.6408629441624365 0.0027145817631290168
102.0 0.6472081218274112 0.0027145817631290168
103.0 0.6535532994923858 0.0027145817631290168
104.0 0.6598984771573604 0.0027145817631290168
105.0 0.666243654822335 0.0027145817631290168
106.0 0.6725888324873096 0.0027145817631290168
107.0 0.6789340101522843 0.0027145817631290168
108.0 0.6852791878172589 0.0027145817631290168
109.0 0.6916243654822335 0.0027145817631290168
110.0 0.6979695431472082 0.0027145817631290168
111.0 0.7043147208121827 0.0027145817631290168
112.0 0.7106598984771573 0.0027145817631290168
113.0 0.717005076142132 0.0027145817631290168
114.0 0.7233502538071066 0.0027145817631290168
115.0 0.7296954314720812 0.0027145817631290168
116.0 0.7360406091370558 0.0027145817631290168
117.0 0.7423857868020305 0.0027145817631290168
118.0 0.748730964467005 0.0027145817631290168
119.0 0.7550761421319797 0.0027145817631290168
120.0 0.7614213197969543 0.0027145817631290168
121.0 0.7677664974619289 0.0027145817631290168
122.0 0.7741116751269036 0.0021716654105031832
123.0 0.7804568527918782 0.0021716654105031832
124.0 0.7868020304568528 0.0021716654105031832
125.0 0.7931472081218274 0.0021716654105031832
126.0 0.799492385786802 0.0021716654105031832
127.0 0.8058375634517767 0.0021716654105031832
128.0 0.8121827411167513 0.0021716654105031832
129.0 0.8185279187817258 0.0021716654105031832
130.0 0.8248730964467005 0.0021716654105031832
131.0 0.831218274111675 0.0021716654105031832
132.0 0.8375634517766497 0.0021716654105031832
133.0 0.8439086294416245 0.0021716654105031832
134.0 0.850253807106599 0.0021716654105031832
135.0 0.8565989847715736 0.0021716654105031832
136.0 0.8629441624365483 0.0016287490578773501
137.0 0.8692893401015228 0.0016287490578773501
138.0 0.8756345177664975 0.0016287490578773501
139.0 0.881979695431472 0.0016287490578773501
140.0 0.8883248730964466 0.0016287490578773501
141.0 0.8946700507614213 0.0016287490578773501
142.0 0.901015228426396 0.0016287490578773501
143.0 0.9073604060913706 0.0016287490578773501
144.0 0.9137055837563453 0.0016287490578773501
145.0 0.9200507614213198 0.0016287490578773501
146.0 0.9263959390862944 0.0016287490578773501
147.0 0.932741116751269 0.0016287490578773501
148.0 0.9390862944162436 0.0016287490578773501
149.0 0.9454314720812182 0.0016287490578773501
150.0 0.9517766497461928 0.0016287490578773501
151.0 0.9581218274111676 0.0016287490578773501
152.0 0.9644670050761421 0.0016287490578773501
153.0 0.9708121827411168 0.0016287490578773501
154.0 0.9771573604060914 0.0016287490578773501
155.0 0.983502538071066 0.0016287490578773501
156.0 0.9898477157360406 0.0016287490578773501
157.0 0.9961928934010151 0.0016287490578773501
158.0 1.0025380710659897 0.0016287490578773501
159.0 1.0088832487309645 0.0016287490578773501
160.0 1.0152284263959392 0.0016287490578773501
161.0 1.0215736040609138 0.0016287490578773501
162.0 1.0279187817258884 0.0016287490578773501
163.0 1.034263959390863 0.0016287490578773501
164.0 1.0406091370558375 0.0016287490578773501
165.0 1.0469543147208122 0.0016287490578773501
166.0 1.0532994923857868 0.0016287490578773501
167.0 1.0596446700507614 0.0016287490578773501
168.0 1.065989847715736 0.0016287490578773501
169.0 1.0723350253807105 0.0016287490578773501
170.0 1.0786802030456852 0.0016287490578773501
171.0 1.08502538071066 0.0016287490578773501
172.0 1.0913705583756346 0.0016287490578773501
173.0 1.0977157360406091 0.0016287490578773501
174.0 1.1040609137055837 0.0016287490578773501
175.0 1.1104060913705582 0.0016287490578773501
176.0 1.116751269035533 0.0016287490578773501
177.0 1.1230964467005076 0.0016287490578773501
178.0 1.1294416243654821 0.0016287490578773501
179.0 1.135786802030457 0.0016287490578773501
180.0 1.1421319796954315 0.0016287490578773501
181.0 1.148477157360406 0.0016287490578773501
182.0 1.1548223350253808 0.0016287490578773501
183.0 1.1611675126903553 0.0016287490578773501
184.0 1.16751269035533 0.0016287490578773501
185.0 1.1738578680203045 0.0016287490578773501
186.0 1.180203045685279 0.0016287490578773501
187.0 1.1865482233502538 0.0016287490578773501
188.0 1.1928934010152286 0.0016287490578773501
189.0 1.1992385786802031 0.0016287490578773501
190.0 1.2055837563451777 0.0016287490578773501
191.0 1.2119289340101522 0.0016287490578773501
192.0 1.218274111675127 0.0016287490578773501
193.0 1.2246192893401016 0.0016287490578773501
194.0 1.2309644670050761 0.0016287490578773501
195.0 1.2373096446700507 0.0016287490578773501
196.0 1.2436548223350252 0.0016287490578773501
197.0 1.25 0.0016287490578773501
198.0 1.2563451776649748 0.0016287490578773501
199.0 1.2626903553299493 0.0016287490578773501
200.0 1.2690355329949239 0.0016287490578773501
201.0 1.2753807106598984 0.0016287490578773501
202.0 1.281725888324873 0.0016287490578773501
203.0 1.2880710659898478 0.0016287490578773501
204.0 1.2944162436548223 0.0016287490578773501
205.0 1.3007614213197969 0.0016287490578773501
206.0 1.3071065989847717 0.0016287490578773501
207.0 1.3134517766497462 0.0016287490578773501
208.0 1.3197969543147208 0.0016287490578773501
209.0 1.3261421319796955 0.0016287490578773501
210.0 1.33248730964467 0.0016287490578773501
211.0 1.3388324873096447 0.0016287490578773501
212.0 1.3451776649746192 0.0016287490578773501
213.0 1.3515228426395938 0.0016287490578773501
214.0 1.3578680203045685 0.0016287490578773501
215.0 1.3642131979695433 0.0016287490578773501
216.0 1.3705583756345179 0.0016287490578773501
217.0 1.3769035532994924 0.0016287490578773501
218.0 1.383248730964467 0.0016287490578773501
219.0 1.3895939086294415 0.0016287490578773501
220.0 1.3959390862944163 0.0016287490578773501
221.0 1.4022842639593909 0.0016287490578773501
222.0 1.4086294416243654 0.0016287490578773501
223.0 1.41497461928934 0.0016287490578773501
224.0 1.4213197969543145 0.0016287490578773501
225.0 1.4276649746192893 0.0016287490578773501
226.0 1.434010152284264 0.0016287490578773501
227.0 1.4403553299492386 0.0016287490578773501
228.0 1.4467005076142132 0.0016287490578773501
229.0 1.4530456852791878 0.0016287490578773501
230.0 1.4593908629441623 0.0016287490578773501
231.0 1.465736040609137 0.0016287490578773501
232.0 1.4720812182741116 0.0016287490578773501
233.0 1.4784263959390862 0.0016287490578773501
234.0 1.484771573604061 0.0016287490578773501
235.0 1.4911167512690355 0.0016287490578773501
236.0 1.49746192893401 0.0016287490578773501
237.0 1.5038071065989849 0.0016287490578773501
238.0 1.5101522842639594 0.0016287490578773501
239.0 1.516497461928934 0.0016287490578773501
240.0 1.5228426395939085 0.0016287490578773501
241.0 1.529187817258883 0.0016287490578773501
242.0 1.5355329949238579 0.0016287490578773501
243.0 1.5418781725888326 0.0016287490578773501
244.0 1.5482233502538072 0.0016287490578773501
245.0 1.5545685279187818 0.0016287490578773501
246.0 1.5609137055837563 0.0016287490578773501
247.0 1.5672588832487309 0.0016287490578773501
248.0 1.5736040609137056 0.0016287490578773501
249.0 1.5799492385786802 0.0016287490578773501
250.0 1.5862944162436547 0.0016287490578773501
251.0 1.5926395939086293 0.0016287490578773501
252.0 1.598984771573604 0.0016287490578773501
253.0 1.6053299492385786 0.0016287490578773501
254.0 1.6116751269035534 0.0016287490578773501
255.0 1.618020304568528 0.0016287490578773501
256.0 1.6243654822335025 0.0016287490578773501
257.0 1.630710659898477 0.0016287490578773501
258.0 1.6370558375634516 0.0016287490578773501
259.0 1.6434010152284264 0.0016287490578773501
260.0 1.649746192893401 0.0016287490578773501
261.0 1.6560913705583755 0.0016287490578773501
262.0 1.66243654822335 0.0016287490578773501
263.0 1.6687817258883246 0.0016287490578773501
264.0 1.6751269035532994 0.0016287490578773501
265.0 1.681472081218274 0.0016287490578773501
266.0 1.687817258883249 0.0016287490578773501
267.0 1.6941624365482235 0.0016287490578773501
268.0 1.700507614213198 0.0016287490578773501
269.0 1.7068527918781726 0.0016287490578773501
270.0 1.7131979695431472 0.0016287490578773501
271.0 1.719543147208122 0.0016287490578773501
272.0 1.7258883248730965 0.0016287490578773501
273.0 1.732233502538071 0.0016287490578773501
274.0 1.7385786802030456 0.0016287490578773501
275.0 1.7449238578680202 0.0016287490578773501
276.0 1.751269035532995 0.0016287490578773501
277.0 1.7576142131979695 0.0016287490578773501
278.0 1.763959390862944 0.0016287490578773501
279.0 1.7703045685279186 0.0016287490578773501
280.0 1.7766497461928932 0.0016287490578773501
281.0 1.782994923857868 0.0016287490578773501
282.0 1.7893401015228425 0.0016287490578773501
283.0 1.795685279187817 0.0016287490578773501
284.0 1.802030456852792 0.0016287490578773501
285.0 1.8083756345177666 0.0016287490578773501
286.0 1.8147208121827412 0.0016287490578773501
287.0 1.8210659898477157 0.0016287490578773501
288.0 1.8274111675126905 0.0016287490578773501
289.0 1.833756345177665 0.0016287490578773501
290.0 1.8401015228426396 0.0016287490578773501
291.0 1.8464467005076142 0.0016287490578773501
292.0 1.8527918781725887 0.0016287490578773501
293.0 1.8591370558375635 0.0016287490578773501
294.0 1.865482233502538 0.0016287490578773501
295.0 1.8718274111675126 0.0016287490578773501
296.0 1.8781725888324872 0.0016287490578773501
297.0 1.8845177664974617 0.0016287490578773501
298.0 1.8908629441624365 0.0016287490578773501
299.0 1.897208121827411 0.0016287490578773501
300.0 1.9035532994923856 0.0016287490578773501
301.0 1.9098984771573602 0.0016287490578773501
302.0 1.9162436548223352 0.0016287490578773501
303.0 1.9225888324873097 0.0016287490578773501
304.0 1.9289340101522843 0.0016287490578773501
305.0 1.935279187817259 0.0016287490578773501
306.0 1.9416243654822336 0.0016287490578773501
307.0 1.9479695431472082 0.0016287490578773501
308.0 1.9543147208121827 0.0016287490578773501
309.0 1.9606598984771573 0.0016287490578773501
310.0 1.967005076142132 0.0016287490578773501
311.0 1.9733502538071066 0.0016287490578773501
312.0 1.9796954314720812 0.0016287490578773501
313.0 1.9860406091370557 0.0016287490578773501
314.0 1.9923857868020303 0.0016287490578773501
315.0 1.998730964467005 0.0016287490578773501
316.0 2.0050761421319794 0.0016287490578773501
317.0 2.011421319796954 0.0016287490578773501
318.0 2.017766497461929 0.0016287490578773501
319.0 2.0241116751269033 0.0016287490578773501
320.0 2.0304568527918785 0.0016287490578773501
321.0 2.036802030456853 0.0016287490578773501
322.0 2.0431472081218276 0.0016287490578773501
323.0 2.049492385786802 0.0016287490578773501
324.0 2.0558375634517767 0.0016287490578773501
325.0 2.0621827411167515 0.0016287490578773501
326.0 2.068527918781726 0.0016287490578773501
327.0 2.0748730964467006 0.0016287490578773501
328.0 2.081218274111675 0.0016287490578773501
329.0 2.0875634517766497 0.0016287490578773501
330.0 2.0939086294416245 0.0016287490578773501
331.0 2.100253807106599 0.0016287490578773501
332.0 2.1065989847715736 0.0016287490578773501
333.0 2.112944162436548 0.0016287490578773501
334.0 2.1192893401015227 0.0016287490578773501
335.0 2.1256345177664975 0.0016287490578773501
336.0 2.131979695431472 0.0016287490578773501
337.0 2.1383248730964466 0.0016287490578773501
338.0 2.144670050761421 0.0016287490578773501
339.0 2.151015228426396 0.0016287490578773501
340.0 2.1573604060913705 0.0016287490578773501
341.0 2.1637055837563453 0.0016287490578773501
342.0 2.17005076142132 0.0016287490578773501
343.0 2.1763959390862944 0.0016287490578773501
344.0 2.182741116751269 0.0016287490578773501
345.0 2.1890862944162435 0.0016287490578773501
346.0 2.1954314720812182 0.0016287490578773501
347.0 2.201776649746193 0.0016287490578773501
348.0 2.2081218274111674 0.0016287490578773501
349.0 2.214467005076142 0.0016287490578773501
350.0 2.2208121827411165 0.0016287490578773501
351.0 2.2271573604060912 0.0016287490578773501
352.0 2.233502538071066 0.0016287490578773501
353.0 2.2398477157360404 0.0016287490578773501
354.0 2.246192893401015 0.0016287490578773501
355.0 2.2525380710659895 0.0016287490578773501
356.0 2.2588832487309642 0.0016287490578773501
357.0 2.265228426395939 0.0016287490578773501
358.0 2.271573604060914 0.0016287490578773501
359.0 2.2779187817258886 0.0016287490578773501
360.0 2.284263959390863 0.0016287490578773501
361.0 2.2906091370558377 0.0016287490578773501
362.0 2.296954314720812 0.0016287490578773501
363.0 2.303299492385787 0.0016287490578773501
364.0 2.3096446700507616 0.0016287490578773501
365.0 2.315989847715736 0.0016287490578773501
366.0 2.3223350253807107 0.0016287490578773501
367.0 2.328680203045685 0.0016287490578773501
368.0 2.33502538071066 0.0016287490578773501
369.0 2.3413705583756346 0.0016287490578773501
370.0 2.347715736040609 0.0016287490578773501
371.0 2.3540609137055837 0.0016287490578773501
372.0 2.360406091370558 0.0016287490578773501
373.0 2.366751269035533 0.0016287490578773501
374.0 2.3730964467005076 0.0016287490578773501
375.0 2.3794416243654823 0.0016287490578773501
376.0 2.385786802030457 0.0016287490578773501
377.0 2.3921319796954315 0.0016287490578773501
378.0 2.3984771573604062 0.0016287490578773501
379.0 2.404822335025381 0.0016287490578773501
380.0 2.4111675126903553 0.0016287490578773501
381.0 2.41751269035533 0.0016287490578773501
382.0 2.4238578680203045 0.0016287490578773501
383.0 2.4302030456852792 0.0016287490578773501
384.0 2.436548223350254 0.0016287490578773501
385.0 2.4428934010152283 0.0016287490578773501
386.0 2.449238578680203 0.0016287490578773501
387.0 2.4555837563451774 0.0016287490578773501
388.0 2.4619289340101522 0.0016287490578773501
389.0 2.468274111675127 0.0016287490578773501
390.0 2.4746192893401013 0.0016287490578773501
391.0 2.480964467005076 0.0016287490578773501
392.0 2.4873096446700504 0.0016287490578773501
393.0 2.4936548223350252 0.0016287490578773501
394.0 2.5 0.0016287490578773501
395.0 2.5063451776649748 0.0016287490578773501
396.0 2.5126903553299496 0.0016287490578773501
397.0 2.519035532994924 0.0016287490578773501
398.0 2.5253807106598987 0.0016287490578773501
399.0 2.531725888324873 0.0016287490578773501
400.0 2.5380710659898478 0.0016287490578773501
401.0 2.5444162436548226 0.0016287490578773501
402.0 2.550761421319797 0.0016287490578773501
403.0 2.5571065989847717 0.0016287490578773501
404.0 2.563451776649746 0.0016287490578773501
405.0 2.5697969543147208 0.0016287490578773501
406.0 2.5761421319796955 0.0016287490578773501
407.0 2.58248730964467 0.0016287490578773501
408.0 2.5888324873096447 0.0016287490578773501
409.0 2.595177664974619 0.0016287490578773501
410.0 2.6015228426395938 0.0016287490578773501
411.0 2.6078680203045685 0.0010858327052516664
412.0 2.6142131979695433 0.0010858327052516664
413.0 2.620558375634518 0.0010858327052516664
414.0 2.6269035532994924 0.0010858327052516664
415.0 2.633248730964467 0.0010858327052516664
416.0 2.6395939086294415 0.0010858327052516664
417.0 2.6459390862944163 0.0010858327052516664
418.0 2.652284263959391 0.0010858327052516664
419.0 2.6586294416243654 0.0010858327052516664
420.0 2.66497461928934 0.0010858327052516664
421.0 2.6713197969543145 0.0010858327052516664
422.0 2.6776649746192893 0.0010858327052516664
423.0 2.684010152284264 0.0010858327052516664
424.0 2.6903553299492384 0.0010858327052516664
425.0 2.696700507614213 0.0010858327052516664
426.0 2.7030456852791875 0.0010858327052516664
427.0 2.7093908629441623 0.0010858327052516664
428.0 2.715736040609137 0.0010858327052516664
429.0 2.7220812182741114 0.0010858327052516664
430.0 2.7284263959390866 0.0010858327052516664
431.0 2.734771573604061 0.0010858327052516664
432.0 2.7411167512690358 0.0010858327052516664
433.0 2.74746192893401 0.0010858327052516664
434.0 2.753807106598985 0.0010858327052516664
435.0 2.7601522842639596 0.0010858327052516664
436.0 2.766497461928934 0.0010858327052516664
437.0 2.7728426395939088 0.0010858327052516664
438.0 2.779187817258883 0.0010858327052516664
439.0 2.785532994923858 0.0010858327052516664
440.0 2.7918781725888326 0.0010858327052516664
441.0 2.798223350253807 0.0010858327052516664
442.0 2.8045685279187818 0.0010858327052516664
443.0 2.810913705583756 0.0010858327052516664
444.0 2.817258883248731 0.0010858327052516664
445.0 2.8236040609137056 0.0010858327052516664
446.0 2.82994923857868 0.0010858327052516664
447.0 2.8362944162436547 0.0010858327052516664
448.0 2.842639593908629 0.0010858327052516664
449.0 2.8489847715736043 0.0010858327052516664
450.0 2.8553299492385786 0.0010858327052516664
451.0 2.8616751269035534 0.0010858327052516664
452.0 2.868020304568528 0.0010858327052516664
453.0 2.8743654822335025 0.0010858327052516664
454.0 2.8807106598984773 0.0010858327052516664
455.0 2.8870558375634516 0.0010858327052516664
456.0 2.8934010152284264 0.0010858327052516664
457.0 2.899746192893401 0.0010858327052516664
458.0 2.9060913705583755 0.0010858327052516664
459.0 2.9124365482233503 0.0010858327052516664
460.0 2.9187817258883246 0.0010858327052516664
461.0 2.9251269035532994 0.0010858327052516664
462.0 2.931472081218274 0.0010858327052516664
463.0 2.9378172588832485 0.0010858327052516664
464.0 2.9441624365482233 0.0010858327052516664
465.0 2.9505076142131976 0.0010858327052516664
466.0 2.9568527918781724 0.0010858327052516664
467.0 2.963197969543147 0.0010858327052516664
468.0 2.969543147208122 0.0010858327052516664
469.0 2.9758883248730967 0.0010858327052516664
470.0 2.982233502538071 0.0010858327052516664
471.0 2.988578680203046 0.0010858327052516664
472.0 2.99492385786802 0.0010858327052516664
473.0 3.001269035532995 0.0010858327052516664
474.0 3.0076142131979697 0.0010858327052516664
475.0 3.013959390862944 0.0010858327052516664
476.0 3.020304568527919 0.0010858327052516664
477.0 3.026649746192893 0.0010858327052516664
478.0 3.032994923857868 0.0010858327052516664
479.0 3.0393401015228427 0.0010858327052516664
480.0 3.045685279187817 0.0010858327052516664
481.0 3.052030456852792 0.0010858327052516664
482.0 3.058375634517766 0.0010858327052516664
483.0 3.064720812182741 0.0010858327052516664
484.0 3.0710659898477157 0.0010858327052516664
485.0 3.0774111675126905 0.0010858327052516664
486.0 3.0837563451776653 0.0010858327052516664
487.0 3.0901015228426396 0.0010858327052516664
488.0 3.0964467005076144 0.0010858327052516664
489.0 3.1027918781725887 0.0010858327052516664
490.0 3.1091370558375635 0.0010858327052516664
491.0 3.1154822335025383 0.0010858327052516664
492.0 3.1218274111675126 0.0010858327052516664
493.0 3.1281725888324874 0.0010858327052516664
494.0 3.1345177664974617 0.0010858327052516664
495.0 3.1408629441624365 0.0010858327052516664
496.0 3.1472081218274113 0.0010858327052516664
497.0 3.1535532994923856 0.0010858327052516664
498.0 3.1598984771573604 0.0010858327052516664
499.0 3.1662436548223347 0.0010858327052516664
500.0 3.1725888324873095 0.0010858327052516664
501.0 3.1789340101522843 0.0010858327052516664
502.0 3.1852791878172586 0.0010858327052516664
503.0 3.191624365482234 0.0010858327052516664
504.0 3.197969543147208 0.0010858327052516664
505.0 3.2043147208121825 0.0010858327052516664
506.0 3.2106598984771573 0.0010858327052516664
507.0 3.2170050761421316 0.0010858327052516664
508.0 3.223350253807107 0.0010858327052516664
509.0 3.2296954314720807 0.0010858327052516664
510.0 3.236040609137056 0.0010858327052516664
511.0 3.2423857868020303 0.0010858327052516664
512.0 3.248730964467005 0.0010858327052516664
513.0 3.25507614213198 0.0010858327052516664
514.0 3.261421319796954 0.0010858327052516664
515.0 3.2677664974619294 0.0010858327052516664
516.0 3.2741116751269033 0.0010858327052516664
517.0 3.2804568527918785 0.0010858327052516664
518.0 3.286802030456853 0.0010858327052516664
519.0 3.2931472081218276 0.0010858327052516664
520.0 3.299492385786802 0.0010858327052516664
521.0 3.3058375634517767 0.0010858327052516664
522.0 3.312182741116751 0.0010858327052516664
523.0 3.318527918781726 0.0010858327052516664
524.0 3.3248730964467 0.0010858327052516664
525.0 3.3312182741116754 0.0010858327052516664
526.0 3.3375634517766493 0.0010858327052516664
527.0 3.3439086294416245 0.0010858327052516664
528.0 3.350253807106599 0.0010858327052516664
529.0 3.3565989847715736 0.0010858327052516664
530.0 3.362944162436548 0.0010858327052516664
531.0 3.3692893401015227 0.0010858327052516664
532.0 3.375634517766498 0.0010858327052516664
533.0 3.381979695431472 0.0010858327052516664
534.0 3.388324873096447 0.0010858327052516664
535.0 3.3946700507614214 0.0010858327052516664
536.0 3.401015228426396 0.0010858327052516664
537.0 3.4073604060913705 0.0010858327052516664
538.0 3.4137055837563453 0.0010858327052516664
539.0 3.4200507614213196 0.0010858327052516664
540.0 3.4263959390862944 0.0010858327052516664
541.0 3.4327411167512687 0.0010858327052516664
542.0 3.439086294416244 0.0010858327052516664
543.0 3.445431472081218 0.0010858327052516664
544.0 3.451776649746193 0.0010858327052516664
545.0 3.4581218274111674 0.0010858327052516664
546.0 3.464467005076142 0.0010858327052516664
547.0 3.4708121827411165 0.0010858327052516664
548.0 3.4771573604060912 0.0010858327052516664
549.0 3.4835025380710665 0.0010858327052516664
550.0 3.4898477157360404 0.0010858327052516664
551.0 3.4961928934010156 0.0010858327052516664
552.0 3.50253807106599 0.0010858327052516664
553.0 3.5088832487309647 0.0010858327052516664
554.0 3.515228426395939 0.0010858327052516664
555.0 3.521573604060914 0.0010858327052516664
556.0 3.527918781725888 0.0010858327052516664
557.0 3.534263959390863 0.0010858327052516664
558.0 3.5406091370558372 0.0010858327052516664
559.0 3.5469543147208125 0.0010858327052516664
560.0 3.5532994923857864 0.0010858327052516664
561.0 3.5596446700507616 0.0010858327052516664
562.0 3.565989847715736 0.0010858327052516664
563.0 3.5723350253807107 0.0010858327052516664
564.0 3.578680203045685 0.0010858327052516664
565.0 3.58502538071066 0.0010858327052516664
566.0 3.591370558375634 0.0010858327052516664
567.0 3.597715736040609 0.0010858327052516664
568.0 3.604060913705584 0.0010858327052516664
569.0 3.6104060913705585 0.0010858327052516664
570.0 3.6167512690355332 0.0010858327052516664
571.0 3.6230964467005076 0.0010858327052516664
572.0 3.6294416243654823 0.0010858327052516664
573.0 3.6357868020304567 0.0010858327052516664
574.0 3.6421319796954315 0.0010858327052516664
575.0 3.648477157360406 0.0010858327052516664
576.0 3.654822335025381 0.0010858327052516664
577.0 3.661167512690355 0.0010858327052516664
578.0 3.66751269035533 0.0010858327052516664
579.0 3.6738578680203045 0.0010858327052516664
580.0 3.6802030456852792 0.0010858327052516664
581.0 3.6865482233502536 0.0010858327052516664
582.0 3.6928934010152283 0.0010858327052516664
583.0 3.6992385786802027 0.0010858327052516664
584.0 3.7055837563451774 0.0010858327052516664
585.0 3.711928934010152 0.0010858327052516664
586.0 3.718274111675127 0.0010858327052516664
587.0 3.724619289340102 0.0010858327052516664
588.0 3.730964467005076 0.0010858327052516664
589.0 3.737309644670051 0.0010858327052516664
590.0 3.7436548223350252 0.0010858327052516664
591.0 3.75 0.0010858327052516664
592.0 3.7563451776649743 0.0010858327052516664
593.0 3.7626903553299496 0.0010858327052516664
594.0 3.7690355329949234 0.0010858327052516664
595.0 3.7753807106598987 0.0010858327052516664
596.0 3.781725888324873 0.0010858327052516664
597.0 3.7880710659898478 0.0010858327052516664
598.0 3.794416243654822 0.0010858327052516664
599.0 3.800761421319797 0.0010858327052516664
600.0 3.807106598984771 0.0010858327052516664
601.0 3.813451776649746 0.0010858327052516664
602.0 3.8197969543147203 0.0010858327052516664
603.0 3.8261421319796955 0.0010858327052516664
604.0 3.8324873096446703 0.0010858327052516664
605.0 3.8388324873096447 0.0010858327052516664
606.0 3.8451776649746194 0.0010858327052516664
607.0 3.8515228426395938 0.0010858327052516664
608.0 3.8578680203045685 0.0010858327052516664
609.0 3.864213197969543 0.0010858327052516664
610.0 3.870558375634518 0.0010858327052516664
611.0 3.876903553299492 0.0010858327052516664
612.0 3.883248730964467 0.0010858327052516664
613.0 3.8895939086294415 0.0010858327052516664
614.0 3.8959390862944163 0.0010858327052516664
615.0 3.9022842639593907 0.0010858327052516664
616.0 3.9086294416243654 0.0010858327052516664
617.0 3.9149746192893398 0.0010858327052516664
618.0 3.9213197969543145 0.0010858327052516664
619.0 3.927664974619289 0.0010858327052516664
620.0 3.934010152284264 0.0010858327052516664
621.0 3.940355329949238 0.0010858327052516664
622.0 3.946700507614213 0.0010858327052516664
623.0 3.953045685279188 0.0010858327052516664
624.0 3.9593908629441623 0.0010858327052516664
625.0 3.965736040609137 0.0010858327052516664
626.0 3.9720812182741114 0.0010858327052516664
627.0 3.9784263959390866 0.0010858327052516664
628.0 3.9847715736040605 0.0010858327052516664
629.0 3.9911167512690358 0.0010858327052516664
630.0 3.99746192893401 0.0010858327052516664
631.0 4.003807106598985 0.0010858327052516664
632.0 4.010152284263959 0.0010858327052516664
633.0 4.016497461928934 0.0010858327052516664
634.0 4.022842639593908 0.0010858327052516664
635.0 4.029187817258883 0.0010858327052516664
636.0 4.035532994923858 0.0010858327052516664
637.0 4.041878172588833 0.0010858327052516664
638.0 4.0482233502538065 0.0010858327052516664
639.0 4.054568527918781 0.0010858327052516664
640.0 4.060913705583757 0.0010858327052516664
641.0 4.067258883248731 0.0010858327052516664
642.0 4.073604060913706 0.0010858327052516664
643.0 4.07994923857868 0.0010858327052516664
644.0 4.086294416243655 0.0010858327052516664
645.0 4.092639593908629 0.0010858327052516664
646.0 4.098984771573604 0.0010858327052516664
647.0 4.105329949238579 0.0010858327052516664
648.0 4.111675126903553 0.0010858327052516664
649.0 4.118020304568527 0.0010858327052516664
650.0 4.124365482233503 0.0010858327052516664
651.0 4.130710659898477 0.0010858327052516664
652.0 4.137055837563452 0.0010858327052516664
653.0 4.143401015228426 0.0010858327052516664
654.0 4.149746192893401 0.0010858327052516664
655.0 4.156091370558375 0.0010858327052516664
656.0 4.16243654822335 0.0010858327052516664
657.0 4.168781725888325 0.0010858327052516664
658.0 4.175126903553299 0.0010858327052516664
659.0 4.181472081218274 0.0010858327052516664
660.0 4.187817258883249 0.0010858327052516664
661.0 4.194162436548224 0.0010858327052516664
662.0 4.200507614213198 0.0010858327052516664
663.0 4.206852791878172 0.0010858327052516664
664.0 4.213197969543147 0.0010858327052516664
665.0 4.219543147208122 0.0010858327052516664
666.0 4.225888324873096 0.0010858327052516664
667.0 4.2322335025380715 0.0010858327052516664
668.0 4.238578680203045 0.0010858327052516664
669.0 4.24492385786802 0.0010858327052516664
670.0 4.251269035532995 0.0010858327052516664
671.0 4.25761421319797 0.0010858327052516664
672.0 4.263959390862944 0.0010858327052516664
673.0 4.270304568527918 0.0010858327052516664
674.0 4.276649746192893 0.0010858327052516664
675.0 4.282994923857868 0.0010858327052516664
676.0 4.289340101522842 0.0010858327052516664
677.0 4.2956852791878175 0.0010858327052516664
678.0 4.302030456852792 0.0010858327052516664
679.0 4.308375634517766 0.0010858327052516664
680.0 4.314720812182741 0.0010858327052516664
681.0 4.321065989847716 0.0010858327052516664
682.0 4.3274111675126905 0.0010858327052516664
683.0 4.333756345177664 0.0010858327052516664
684.0 4.34010152284264 0.0010858327052516664
685.0 4.346446700507614 0.0010858327052516664
686.0 4.352791878172589 0.0010858327052516664
687.0 4.3591370558375635 0.0010858327052516664
688.0 4.365482233502538 0.0010858327052516664
689.0 4.371827411167512 0.0010858327052516664
690.0 4.378172588832487 0.0010858327052516664
691.0 4.384517766497462 0.0010858327052516664
692.0 4.3908629441624365 0.0010858327052516664
693.0 4.39720812182741 0.0010858327052516664
694.0 4.403553299492386 0.0010858327052516664
695.0 4.409898477157361 0.0010858327052516664
696.0 4.416243654822335 0.0010858327052516664
697.0 4.4225888324873095 0.0010858327052516664
698.0 4.428934010152284 0.0010858327052516664
699.0 4.435279187817259 0.0010858327052516664
700.0 4.441624365482233 0.0010858327052516664
701.0 4.447969543147209 0.0010858327052516664
702.0 4.4543147208121825 0.0010858327052516664
703.0 4.460659898477157 0.0010858327052516664
704.0 4.467005076142132 0.0010858327052516664
705.0 4.473350253807107 0.0010858327052516664
706.0 4.479695431472081 0.0010858327052516664
707.0 4.4860406091370555 0.0010858327052516664
708.0 4.49238578680203 0.0010858327052516664
709.0 4.498730964467005 0.0010858327052516664
710.0 4.505076142131979 0.0010858327052516664
711.0 4.511421319796955 0.0010858327052516664
712.0 4.5177664974619285 0.0010858327052516664
713.0 4.524111675126903 0.0010858327052516664
714.0 4.530456852791878 0.0010858327052516664
715.0 4.536802030456853 0.0010858327052516664
716.0 4.543147208121828 0.0010858327052516664
717.0 4.5494923857868015 0.0010858327052516664
718.0 4.555837563451777 0.0010858327052516664
719.0 4.562182741116751 0.0010858327052516664
720.0 4.568527918781726 0.0010858327052516664
721.0 4.574873096446701 0.0010858327052516664
722.0 4.581218274111675 0.0010858327052516664
723.0 4.587563451776649 0.0010858327052516664
724.0 4.593908629441624 0.0010858327052516664
725.0 4.600253807106599 0.0010858327052516664
726.0 4.606598984771574 0.0010858327052516664
727.0 4.6129441624365475 0.0010858327052516664
728.0 4.619289340101523 0.0010858327052516664
729.0 4.625634517766497 0.0010858327052516664
730.0 4.631979695431472 0.0010858327052516664
731.0 4.638324873096447 0.0010858327052516664
732.0 4.644670050761421 0.0010858327052516664
733.0 4.651015228426396 0.0010858327052516664
734.0 4.65736040609137 0.0010858327052516664
735.0 4.663705583756346 0.0010858327052516664
736.0 4.67005076142132 0.0010858327052516664
737.0 4.676395939086294 0.0010858327052516664
738.0 4.682741116751269 0.0010858327052516664
739.0 4.689086294416244 0.0010858327052516664
740.0 4.695431472081218 0.0010858327052516664
741.0 4.701776649746193 0.0010858327052516664
742.0 4.708121827411167 0.0010858327052516664
743.0 4.714467005076142 0.0010858327052516664
744.0 4.720812182741116 0.0010858327052516664
745.0 4.727157360406092 0.0010858327052516664
746.0 4.733502538071066 0.0010858327052516664
747.0 4.73984771573604 0.0010858327052516664
748.0 4.746192893401015 0.0010858327052516664
749.0 4.75253807106599 0.0010858327052516664
750.0 4.758883248730965 0.0010858327052516664
751.0 4.765228426395939 0.0010858327052516664
752.0 4.771573604060914 0.0010858327052516664
753.0 4.777918781725888 0.0010858327052516664
754.0 4.784263959390863 0.0010858327052516664
755.0 4.790609137055838 0.0010858327052516664
756.0 4.7969543147208125 0.0010858327052516664
757.0 4.803299492385786 0.0010858327052516664
758.0 4.809644670050762 0.0010858327052516664
759.0 4.815989847715736 0.0010858327052516664
760.0 4.822335025380711 0.0010858327052516664
761.0 4.8286802030456855 0.0010858327052516664
762.0 4.83502538071066 0.0010858327052516664
763.0 4.841370558375634 0.0010858327052516664
764.0 4.847715736040609 0.0010858327052516664
765.0 4.854060913705584 0.0010858327052516664
766.0 4.8604060913705585 0.0010858327052516664
767.0 4.866751269035532 0.0010858327052516664
768.0 4.873096446700508 0.0010858327052516664
769.0 4.879441624365483 0.0010858327052516664
770.0 4.885786802030457 0.0010858327052516664
771.0 4.8921319796954315 0.0010858327052516664
772.0 4.898477157360406 0.0010858327052516664
773.0 4.904822335025381 0.0010858327052516664
774.0 4.911167512690355 0.0010858327052516664
775.0 4.917512690355331 0.0010858327052516664
776.0 4.9238578680203045 0.0010858327052516664
777.0 4.930203045685279 0.0010858327052516664
778.0 4.936548223350254 0.0010858327052516664
779.0 4.942893401015229 0.0010858327052516664
780.0 4.949238578680203 0.0010858327052516664
781.0 4.9555837563451774 0.0010858327052516664
782.0 4.961928934010152 0.0010858327052516664
783.0 4.968274111675127 0.0010858327052516664
784.0 4.974619289340101 0.0010858327052516664
785.0 4.980964467005077 0.0010858327052516664
786.0 4.9873096446700504 0.0010858327052516664
787.0 4.993654822335025 0.0010858327052516664
788.0 5.0 0.0010858327052516664
789.0 5.006345177664975 0.0010858327052516664
790.0 5.0126903553299496 0.0010858327052516664
791.0 5.019035532994923 0.0010858327052516664
792.0 5.025380710659899 0.0010858327052516664
793.0 5.031725888324873 0.0010858327052516664
794.0 5.038071065989848 0.0010858327052516664
795.0 5.0444162436548226 0.0010858327052516664
796.0 5.050761421319797 0.0010858327052516664
797.0 5.057106598984771 0.0010858327052516664
798.0 5.063451776649746 0.0010858327052516664
799.0 5.069796954314721 0.0010858327052516664
800.0 5.0761421319796955 0.0010858327052516664
801.0 5.082487309644669 0.0010858327052516664
802.0 5.088832487309645 0.0010858327052516664
803.0 5.095177664974619 0.0010858327052516664
804.0 5.101522842639594 0.0010858327052516664
805.0 5.1078680203045685 0.0010858327052516664
806.0 5.114213197969543 0.0010858327052516664
807.0 5.120558375634518 0.0010858327052516664
808.0 5.126903553299492 0.0010858327052516664
809.0 5.133248730964468 0.0010858327052516664
810.0 5.1395939086294415 0.0010858327052516664
811.0 5.145939086294416 0.0010858327052516664
812.0 5.152284263959391 0.0010858327052516664
813.0 5.158629441624366 0.0010858327052516664
814.0 5.16497461928934 0.0010858327052516664
815.0 5.1713197969543145 0.0010858327052516664
816.0 5.177664974619289 0.0010858327052516664
817.0 5.184010152284264 0.0010858327052516664
818.0 5.190355329949238 0.0010858327052516664
819.0 5.196700507614214 0.0010858327052516664
820.0 5.2030456852791875 0.0010858327052516664
821.0 5.209390862944162 0.0010858327052516664
822.0 5.215736040609137 0.0010858327052516664
823.0 5.222081218274112 0.0010858327052516664
824.0 5.228426395939087 0.0010858327052516664
825.0 5.2347715736040605 0.0010858327052516664
826.0 5.241116751269036 0.0010858327052516664
827.0 5.24746192893401 0.0010858327052516664
828.0 5.253807106598985 0.0010858327052516664
829.0 5.26015228426396 0.0010858327052516664
830.0 5.266497461928934 0.0010858327052516664
831.0 5.272842639593908 0.0010858327052516664
832.0 5.279187817258883 0.0010858327052516664
833.0 5.285532994923858 0.0010858327052516664
834.0 5.291878172588833 0.0010858327052516664
835.0 5.2982233502538065 0.0010858327052516664
836.0 5.304568527918782 0.0010858327052516664
837.0 5.310913705583756 0.0010858327052516664
838.0 5.317258883248731 0.0010858327052516664
839.0 5.323604060913706 0.0010858327052516664
840.0 5.32994923857868 0.0010858327052516664
841.0 5.336294416243654 0.0010858327052516664
842.0 5.342639593908629 0.0010858327052516664
843.0 5.348984771573605 0.0010858327052516664
844.0 5.355329949238579 0.0010858327052516664
845.0 5.361675126903553 0.0010858327052516664
846.0 5.368020304568528 0.0010858327052516664
847.0 5.374365482233503 0.0010858327052516664
848.0 5.380710659898477 0.0010858327052516664
849.0 5.387055837563452 0.0010858327052516664
850.0 5.393401015228426 0.0010858327052516664
851.0 5.399746192893401 0.0010858327052516664
852.0 5.406091370558375 0.0010858327052516664
853.0 5.412436548223351 0.0010858327052516664
854.0 5.418781725888325 0.0010858327052516664
855.0 5.425126903553299 0.0010858327052516664
856.0 5.431472081218274 0.0010858327052516664
857.0 5.437817258883249 0.0010858327052516664
858.0 5.444162436548223 0.0010858327052516664
859.0 5.450507614213198 0.0010858327052516664
860.0 5.456852791878173 0.0010858327052516664
861.0 5.463197969543147 0.0010858327052516664
862.0 5.469543147208122 0.0010858327052516664
863.0 5.475888324873097 0.0010858327052516664
864.0 5.4822335025380715 0.0010858327052516664
865.0 5.488578680203045 0.0010858327052516664
866.0 5.49492385786802 0.0010858327052516664
867.0 5.501269035532995 0.0010858327052516664
868.0 5.50761421319797 0.0010858327052516664
869.0 5.513959390862944 0.0010858327052516664
870.0 5.520304568527919 0.0010858327052516664
871.0 5.526649746192893 0.0010858327052516664
872.0 5.532994923857868 0.0010858327052516664
873.0 5.539340101522843 0.0010858327052516664
874.0 5.5456852791878175 0.0010858327052516664
875.0 5.552030456852791 0.0010858327052516664
876.0 5.558375634517766 0.0010858327052516664
877.0 5.564720812182741 0.0010858327052516664
878.0 5.571065989847716 0.0010858327052516664
879.0 5.5774111675126905 0.0010858327052516664
880.0 5.583756345177665 0.0010858327052516664
881.0 5.59010152284264 0.0010858327052516664
882.0 5.596446700507614 0.0010858327052516664
883.0 5.602791878172589 0.0010858327052516664
884.0 5.6091370558375635 0.0010858327052516664
885.0 5.615482233502538 0.0010858327052516664
886.0 5.621827411167512 0.0010858327052516664
887.0 5.628172588832488 0.0010858327052516664
888.0 5.634517766497462 0.0010858327052516664
889.0 5.6408629441624365 0.0010858327052516664
890.0 5.647208121827411 0.0010858327052516664
891.0 5.653553299492386 0.0010858327052516664
892.0 5.65989847715736 0.0010858327052516664
893.0 5.666243654822335 0.0010858327052516664
894.0 5.6725888324873095 0.0010858327052516664
895.0 5.678934010152284 0.0010858327052516664
896.0 5.685279187817258 0.0010858327052516664
897.0 5.691624365482234 0.0010858327052516664
898.0 5.697969543147209 0.0010858327052516664
899.0 5.7043147208121825 0.0010858327052516664
900.0 5.710659898477157 0.0010858327052516664
901.0 5.717005076142132 0.0010858327052516664
902.0 5.723350253807107 0.0010858327052516664
903.0 5.729695431472081 0.0010858327052516664
904.0 5.736040609137056 0.0010858327052516664
905.0 5.74238578680203 0.0010858327052516664
906.0 5.748730964467005 0.0010858327052516664
907.0 5.75507614213198 0.0010858327052516664
908.0 5.761421319796955 0.0010858327052516664
909.0 5.7677664974619285 0.0010858327052516664
910.0 5.774111675126903 0.0010858327052516664
911.0 5.780456852791878 0.0010858327052516664
912.0 5.786802030456853 0.0010858327052516664
913.0 5.793147208121827 0.0010858327052516664
914.0 5.799492385786802 0.0010858327052516664
915.0 5.805837563451777 0.0010858327052516664
916.0 5.812182741116751 0.0010858327052516664
917.0 5.818527918781726 0.0010858327052516664
918.0 5.824873096446701 0.0010858327052516664
919.0 5.831218274111675 0.0010858327052516664
920.0 5.837563451776649 0.0010858327052516664
921.0 5.843908629441625 0.0010858327052516664
922.0 5.850253807106599 0.0010858327052516664
923.0 5.856598984771574 0.0010858327052516664
924.0 5.862944162436548 0.0010858327052516664
925.0 5.869289340101523 0.0010858327052516664
926.0 5.875634517766497 0.0010858327052516664
927.0 5.881979695431472 0.0010858327052516664
928.0 5.888324873096447 0.0010858327052516664
929.0 5.894670050761421 0.0010858327052516664
930.0 5.901015228426395 0.0010858327052516664
931.0 5.907360406091371 0.0010858327052516664
932.0 5.913705583756345 0.0010858327052516664
933.0 5.92005076142132 0.0010858327052516664
934.0 5.926395939086294 0.0010858327052516664
935.0 5.932741116751269 0.0010858327052516664
936.0 5.939086294416244 0.0010858327052516664
937.0 5.945431472081218 0.0010858327052516664
938.0 5.9517766497461935 0.0010858327052516664
939.0 5.958121827411167 0.0010858327052516664
940.0 5.964467005076142 0.0010858327052516664
941.0 5.970812182741117 0.0010858327052516664
942.0 5.977157360406092 0.0010858327052516664
943.0 5.983502538071066 0.0010858327052516664
944.0 5.98984771573604 0.0010858327052516664
945.0 5.996192893401015 0.0010858327052516664
946.0 6.00253807106599 0.0010858327052516664
947.0 6.008883248730964 0.0010858327052516664
948.0 6.0152284263959395 0.0010858327052516664
949.0 6.021573604060913 0.0010858327052516664
950.0 6.027918781725888 0.0010858327052516664
951.0 6.034263959390863 0.0010858327052516664
952.0 6.040609137055838 0.0005429163526258332
953.0 6.0469543147208125 0.0005429163526258332
954.0 6.053299492385786 0.0010858327052516664
955.0 6.059644670050762 0.0010858327052516664
956.0 6.065989847715736 0.0010858327052516664
957.0 6.072335025380711 0.0010858327052516664
958.0 6.0786802030456855 0.0010858327052516664
959.0 6.08502538071066 0.0010858327052516664
960.0 6.091370558375634 0.0010858327052516664
961.0 6.097715736040609 0.0010858327052516664
962.0 6.104060913705584 0.0010858327052516664
963.0 6.1104060913705585 0.0010858327052516664
964.0 6.116751269035532 0.0010858327052516664
965.0 6.123096446700508 0.0010858327052516664
966.0 6.129441624365482 0.0010858327052516664
967.0 6.135786802030457 0.0010858327052516664
968.0 6.1421319796954315 0.0010858327052516664
969.0 6.148477157360406 0.0010858327052516664
970.0 6.154822335025381 0.0010858327052516664
971.0 6.161167512690355 0.0010858327052516664
972.0 6.167512690355331 0.0010858327052516664
973.0 6.1738578680203045 0.0010858327052516664
974.0 6.180203045685279 0.0010858327052516664
975.0 6.186548223350254 0.0005429163526258332
976.0 6.192893401015229 0.0005429163526258332
977.0 6.199238578680203 0.0005429163526258332
978.0 6.2055837563451774 0.0005429163526258332
979.0 6.211928934010152 0.0005429163526258332
980.0 6.218274111675127 0.0005429163526258332
981.0 6.224619289340101 0.0005429163526258332
982.0 6.230964467005077 0.0005429163526258332
983.0 6.2373096446700504 0.0005429163526258332
984.0 6.243654822335025 0.0010858327052516664
985.0 6.25 0.0005429163526258332
986.0 6.256345177664975 0.0005429163526258332
987.0 6.262690355329949 0.0005429163526258332
988.0 6.269035532994923 0.0005429163526258332
989.0 6.275380710659899 0.0005429163526258332
990.0 6.281725888324873 0.0005429163526258332
991.0 6.288071065989848 0.0005429163526258332
992.0 6.2944162436548226 0.0005429163526258332
993.0 6.300761421319797 0.0005429163526258332
994.0 6.307106598984771 0.0005429163526258332
995.0 6.313451776649746 0.0005429163526258332
996.0 6.319796954314721 0.0005429163526258332
997.0 6.3261421319796955 0.0005429163526258332
998.0 6.332487309644669 0.0005429163526258332
999.0 6.338832487309645 0.0005429163526258332
1000.0 6.345177664974619 0.0010858327052516664
1001.0 6.351522842639594 0.0010858327052516664
1002.0 6.3578680203045685 0.0005429163526258332
1003.0 6.364213197969543 0.0005429163526258332
1004.0 6.370558375634517 0.0005429163526258332
1005.0 6.376903553299492 0.0005429163526258332
1006.0 6.383248730964468 0.0005429163526258332
1007.0 6.3895939086294415 0.0005429163526258332
1008.0 6.395939086294416 0.0005429163526258332
1009.0 6.402284263959391 0.0005429163526258332
1010.0 6.408629441624365 0.0005429163526258332
1011.0 6.414974619289341 0.0005429163526258332
1012.0 6.4213197969543145 0.0005429163526258332
1013.0 6.427664974619289 0.0005429163526258332
1014.0 6.434010152284263 0.0005429163526258332
1015.0 6.440355329949239 0.0005429163526258332
1016.0 6.446700507614214 0.0005429163526258332
1017.0 6.4530456852791875 0.0005429163526258332
1018.0 6.459390862944161 0.0005429163526258332
1019.0 6.465736040609137 0.0005429163526258332
1020.0 6.472081218274112 0.0005429163526258332
1021.0 6.478426395939086 0.0005429163526258332
1022.0 6.4847715736040605 0.0005429163526258332
1023.0 6.491116751269036 0.0005429163526258332
1024.0 6.49746192893401 0.0005429163526258332
1025.0 6.503807106598984 0.0005429163526258332
1026.0 6.51015228426396 0.0005429163526258332
1027.0 6.516497461928934 0.0010858327052516664
1028.0 6.522842639593908 0.0010858327052516664
1029.0 6.529187817258883 0.0010858327052516664
1030.0 6.535532994923859 0.0010858327052516664
1031.0 6.541878172588833 0.0010858327052516664
1032.0 6.5482233502538065 0.0010858327052516664
1033.0 6.554568527918781 0.0010858327052516664
1034.0 6.560913705583757 0.0010858327052516664
1035.0 6.567258883248731 0.0010858327052516664
1036.0 6.573604060913706 0.0010858327052516664
1037.0 6.5799492385786795 0.0010858327052516664
1038.0 6.586294416243655 0.0010858327052516664
1039.0 6.592639593908629 0.0010858327052516664
1040.0 6.598984771573604 0.0010858327052516664
1041.0 6.605329949238578 0.0010858327052516664
1042.0 6.611675126903553 0.0010858327052516664
1043.0 6.618020304568528 0.0010858327052516664
1044.0 6.624365482233502 0.0010858327052516664
1045.0 6.630710659898478 0.0010858327052516664
1046.0 6.637055837563452 0.0010858327052516664
1047.0 6.643401015228426 0.0010858327052516664
1048.0 6.6497461928934 0.0010858327052516664
1049.0 6.656091370558376 0.0010858327052516664
1050.0 6.662436548223351 0.0010858327052516664
1051.0 6.668781725888325 0.0010858327052516664
1052.0 6.6751269035532985 0.0010858327052516664
1053.0 6.681472081218274 0.0010858327052516664
1054.0 6.687817258883249 0.0010858327052516664
1055.0 6.694162436548223 0.0010858327052516664
1056.0 6.700507614213198 0.0010858327052516664
1057.0 6.706852791878173 0.0010858327052516664
1058.0 6.713197969543147 0.0010858327052516664
1059.0 6.719543147208121 0.0010858327052516664
1060.0 6.725888324873096 0.0010858327052516664
1061.0 6.7322335025380715 0.0010858327052516664
1062.0 6.738578680203045 0.0010858327052516664
1063.0 6.74492385786802 0.0010858327052516664
1064.0 6.751269035532996 0.0010858327052516664
1065.0 6.75761421319797 0.0010858327052516664
1066.0 6.763959390862944 0.0010858327052516664
1067.0 6.770304568527918 0.0010858327052516664
1068.0 6.776649746192894 0.0010858327052516664
1069.0 6.782994923857868 0.0010858327052516664
1070.0 6.789340101522843 0.0010858327052516664
1071.0 6.795685279187817 0.0010858327052516664
1072.0 6.802030456852792 0.0010858327052516664
1073.0 6.808375634517766 0.0010858327052516664
1074.0 6.814720812182741 0.0010858327052516664
1075.0 6.821065989847715 0.0010858327052516664
1076.0 6.8274111675126905 0.0010858327052516664
1077.0 6.833756345177665 0.0010858327052516664
1078.0 6.840101522842639 0.0010858327052516664
1079.0 6.846446700507615 0.0010858327052516664
1080.0 6.852791878172589 0.0010858327052516664
1081.0 6.8591370558375635 0.0010858327052516664
1082.0 6.865482233502537 0.0010858327052516664
1083.0 6.871827411167513 0.0010858327052516664
1084.0 6.878172588832488 0.0010858327052516664
1085.0 6.884517766497462 0.0010858327052516664
1086.0 6.890862944162436 0.0010858327052516664
1087.0 6.897208121827411 0.0010858327052516664
1088.0 6.903553299492386 0.0005429163526258332
1089.0 6.90989847715736 0.0005429163526258332
1090.0 6.916243654822335 0.0005429163526258332
1091.0 6.92258883248731 0.0005429163526258332
1092.0 6.928934010152284 0.0005429163526258332
1093.0 6.935279187817258 0.0005429163526258332
1094.0 6.941624365482233 0.0005429163526258332
1095.0 6.947969543147209 0.0005429163526258332
1096.0 6.9543147208121825 0.0010858327052516664
1097.0 6.960659898477157 0.0010858327052516664
1098.0 6.967005076142133 0.0010858327052516664
1099.0 6.973350253807107 0.0010858327052516664
1100.0 6.979695431472081 0.0010858327052516664
1101.0 6.9860406091370555 0.0010858327052516664
1102.0 6.992385786802031 0.0010858327052516664
1103.0 6.998730964467005 0.0010858327052516664
1104.0 7.00507614213198 0.0010858327052516664
1105.0 7.011421319796954 0.0010858327052516664
1106.0 7.017766497461929 0.0010858327052516664
1107.0 7.024111675126903 0.0010858327052516664
1108.0 7.030456852791878 0.0010858327052516664
1109.0 7.036802030456852 0.0010858327052516664
1110.0 7.043147208121828 0.0010858327052516664
1111.0 7.049492385786802 0.0010858327052516664
1112.0 7.055837563451776 0.0010858327052516664
1113.0 7.06218274111675 0.0010858327052516664
1114.0 7.068527918781726 0.0010858327052516664
1115.0 7.074873096446701 0.0010858327052516664
1116.0 7.0812182741116745 0.0010858327052516664
1117.0 7.08756345177665 0.0010858327052516664
1118.0 7.093908629441625 0.0010858327052516664
1119.0 7.100253807106599 0.0010858327052516664
1120.0 7.106598984771573 0.0010858327052516664
1121.0 7.112944162436548 0.0010858327052516664
1122.0 7.119289340101523 0.0010858327052516664
1123.0 7.125634517766497 0.0010858327052516664
1124.0 7.131979695431472 0.0010858327052516664
1125.0 7.1383248730964475 0.0010858327052516664
1126.0 7.144670050761421 0.0010858327052516664
1127.0 7.151015228426395 0.0010858327052516664
1128.0 7.15736040609137 0.0010858327052516664
1129.0 7.163705583756346 0.0010858327052516664
1130.0 7.17005076142132 0.0010858327052516664
1131.0 7.176395939086294 0.0010858327052516664
1132.0 7.182741116751268 0.0010858327052516664
1133.0 7.189086294416244 0.0010858327052516664
1134.0 7.195431472081218 0.0010858327052516664
1135.0 7.201776649746193 0.0010858327052516664
1136.0 7.208121827411168 0.0010858327052516664
1137.0 7.214467005076142 0.0010858327052516664
1138.0 7.220812182741117 0.0010858327052516664
1139.0 7.227157360406091 0.0010858327052516664
1140.0 7.2335025380710665 0.0010858327052516664
1141.0 7.23984771573604 0.0010858327052516664
1142.0 7.246192893401015 0.0010858327052516664
1143.0 7.252538071065989 0.0010858327052516664
1144.0 7.258883248730965 0.0010858327052516664
1145.0 7.2652284263959395 0.0010858327052516664
1146.0 7.271573604060913 0.0010858327052516664
1147.0 7.277918781725887 0.0010858327052516664
1148.0 7.284263959390863 0.0010858327052516664
1149.0 7.290609137055838 0.0010858327052516664
1150.0 7.296954314720812 0.0010858327052516664
1151.0 7.303299492385786 0.0010858327052516664
1152.0 7.309644670050762 0.0010858327052516664
1153.0 7.315989847715736 0.0010858327052516664
1154.0 7.32233502538071 0.0010858327052516664
1155.0 7.3286802030456855 0.0010858327052516664
1156.0 7.33502538071066 0.0010858327052516664
1157.0 7.341370558375634 0.0010858327052516664
1158.0 7.347715736040609 0.0010858327052516664
1159.0 7.354060913705585 0.0010858327052516664
1160.0 7.3604060913705585 0.0010858327052516664
1161.0 7.366751269035532 0.0010858327052516664
1162.0 7.373096446700507 0.0010858327052516664
1163.0 7.379441624365483 0.0010858327052516664
1164.0 7.385786802030457 0.0010858327052516664
1165.0 7.3921319796954315 0.0010858327052516664
1166.0 7.398477157360405 0.0010858327052516664
1167.0 7.404822335025381 0.0010858327052516664
1168.0 7.411167512690355 0.0010858327052516664
1169.0 7.41751269035533 0.0010858327052516664
1170.0 7.423857868020304 0.0010858327052516664
1171.0 7.430203045685279 0.0010858327052516664
1172.0 7.436548223350254 0.0010858327052516664
1173.0 7.442893401015228 0.0010858327052516664
1174.0 7.449238578680204 0.0010858327052516664
1175.0 7.4555837563451774 0.0010858327052516664
1176.0 7.461928934010152 0.0010858327052516664
1177.0 7.468274111675126 0.0010858327052516664
1178.0 7.474619289340102 0.0010858327052516664
1179.0 7.480964467005077 0.0010858327052516664
1180.0 7.4873096446700504 0.0010858327052516664
1181.0 7.493654822335024 0.0010858327052516664
1182.0 7.5 0.0010858327052516664
1183.0 7.506345177664975 0.0010858327052516664
1184.0 7.512690355329949 0.0010858327052516664
1185.0 7.519035532994923 0.0010858327052516664
1186.0 7.525380710659899 0.0010858327052516664
1187.0 7.531725888324873 0.0010858327052516664
1188.0 7.538071065989847 0.0010858327052516664
1189.0 7.5444162436548226 0.0010858327052516664
1190.0 7.550761421319797 0.0010858327052516664
1191.0 7.557106598984771 0.0010858327052516664
1192.0 7.563451776649746 0.0010858327052516664
1193.0 7.569796954314722 0.0010858327052516664
1194.0 7.5761421319796955 0.0010858327052516664
1195.0 7.582487309644669 0.0010858327052516664
1196.0 7.588832487309644 0.0010858327052516664
1197.0 7.59517766497462 0.0010858327052516664
1198.0 7.601522842639594 0.0010858327052516664
1199.0 7.6078680203045685 0.0005429163526258332
1200.0 7.614213197969542 0.0010858327052516664
1201.0 7.620558375634518 0.0005429163526258332
1202.0 7.626903553299492 0.0005429163526258332
1203.0 7.633248730964467 0.0005429163526258332
1204.0 7.639593908629441 0.0005429163526258332
1205.0 7.645939086294416 0.0005429163526258332
1206.0 7.652284263959391 0.0005429163526258332
1207.0 7.658629441624365 0.0005429163526258332
1208.0 7.664974619289341 0.0005429163526258332
1209.0 7.6713197969543145 0.0005429163526258332
1210.0 7.677664974619289 0.0010858327052516664
1211.0 7.684010152284263 0.0010858327052516664
1212.0 7.690355329949239 0.0010858327052516664
1213.0 7.696700507614214 0.0010858327052516664
1214.0 7.7030456852791875 0.0010858327052516664
1215.0 7.709390862944161 0.0010858327052516664
1216.0 7.715736040609137 0.0010858327052516664
1217.0 7.722081218274112 0.0010858327052516664
1218.0 7.728426395939086 0.0010858327052516664
1219.0 7.7347715736040605 0.0010858327052516664
1220.0 7.741116751269036 0.0010858327052516664
1221.0 7.74746192893401 0.0010858327052516664
1222.0 7.753807106598984 0.0010858327052516664
1223.0 7.760152284263959 0.0010858327052516664
1224.0 7.766497461928934 0.0010858327052516664
1225.0 7.772842639593908 0.0010858327052516664
1226.0 7.779187817258883 0.0010858327052516664
1227.0 7.785532994923859 0.0010858327052516664
1228.0 7.791878172588833 0.0010858327052516664
1229.0 7.7982233502538065 0.0010858327052516664
1230.0 7.804568527918781 0.0005429163526258332
1231.0 7.810913705583757 0.0005429163526258332
1232.0 7.817258883248731 0.0005429163526258332
1233.0 7.823604060913706 0.0005429163526258332
1234.0 7.8299492385786795 0.0005429163526258332
1235.0 7.836294416243655 0.0005429163526258332
1236.0 7.842639593908629 0.0005429163526258332
1237.0 7.848984771573604 0.0005429163526258332
1238.0 7.855329949238578 0.0005429163526258332
1239.0 7.861675126903553 0.0005429163526258332
1240.0 7.868020304568528 0.0005429163526258332
1241.0 7.874365482233502 0.0005429163526258332
1242.0 7.880710659898476 0.0005429163526258332
1243.0 7.887055837563452 0.0005429163526258332
1244.0 7.893401015228426 0.0005429163526258332
1245.0 7.8997461928934 0.0005429163526258332
1246.0 7.906091370558376 0.0005429163526258332
1247.0 7.912436548223351 0.0005429163526258332
1248.0 7.918781725888325 0.0005429163526258332
1249.0 7.9251269035532985 0.0005429163526258332
1250.0 7.931472081218274 0.0005429163526258332
1251.0 7.937817258883249 0.0005429163526258332
1252.0 7.944162436548223 0.0005429163526258332
1253.0 7.950507614213198 0.0005429163526258332
1254.0 7.956852791878173 0.0005429163526258332
1255.0 7.963197969543147 0.0005429163526258332
1256.0 7.969543147208121 0.0005429163526258332
1257.0 7.975888324873096 0.0005429163526258332
1258.0 7.9822335025380715 0.0005429163526258332
1259.0 7.988578680203045 0.0005429163526258332
1260.0 7.99492385786802 0.0005429163526258332
1261.0 8.001269035532994 0.0005429163526258332
1262.0 8.00761421319797 0.0005429163526258332
1263.0 8.013959390862944 0.0005429163526258332
1264.0 8.020304568527918 0.0005429163526258332
1265.0 8.026649746192893 0.0005429163526258332
1266.0 8.032994923857869 0.0005429163526258332
1267.0 8.039340101522843 0.0005429163526258332
1268.0 8.045685279187817 0.0005429163526258332
1269.0 8.052030456852792 0.0005429163526258332
1270.0 8.058375634517766 0.0005429163526258332
1271.0 8.06472081218274 0.0005429163526258332
1272.0 8.071065989847716 0.0005429163526258332
1273.0 8.077411167512691 0.0005429163526258332
1274.0 8.083756345177665 0.0005429163526258332
1275.0 8.09010152284264 0.0005429163526258332
1276.0 8.096446700507613 0.0005429163526258332
1277.0 8.102791878172589 0.0005429163526258332
1278.0 8.109137055837563 0.0005429163526258332
1279.0 8.115482233502538 0.0005429163526258332
1280.0 8.121827411167514 0.0005429163526258332
1281.0 8.128172588832488 0.0005429163526258332
1282.0 8.134517766497462 0.0005429163526258332
1283.0 8.140862944162436 0.0005429163526258332
1284.0 8.147208121827411 0.0005429163526258332
1285.0 8.153553299492385 0.0005429163526258332
1286.0 8.15989847715736 0.0005429163526258332
1287.0 8.166243654822335 0.0005429163526258332
1288.0 8.17258883248731 0.0005429163526258332
1289.0 8.178934010152284 0.0005429163526258332
1290.0 8.185279187817258 0.0005429163526258332
1291.0 8.191624365482232 0.0005429163526258332
1292.0 8.197969543147208 0.0005429163526258332
1293.0 8.204314720812183 0.0005429163526258332
1294.0 8.210659898477157 0.0005429163526258332
1295.0 8.217005076142131 0.0005429163526258332
1296.0 8.223350253807107 0.0005429163526258332
1297.0 8.22969543147208 0.0005429163526258332
1298.0 8.236040609137055 0.0005429163526258332
1299.0 8.24238578680203 0.0005429163526258332
1300.0 8.248730964467006 0.0005429163526258332
1301.0 8.25507614213198 0.0005429163526258332
1302.0 8.261421319796954 0.0005429163526258332
1303.0 8.26776649746193 0.0005429163526258332
1304.0 8.274111675126903 0.0005429163526258332
1305.0 8.280456852791877 0.0005429163526258332
1306.0 8.286802030456853 0.0005429163526258332
1307.0 8.293147208121828 0.0005429163526258332
1308.0 8.299492385786802 0.0005429163526258332
1309.0 8.305837563451776 0.0005429163526258332
1310.0 8.31218274111675 0.0005429163526258332
1311.0 8.318527918781726 0.0005429163526258332
1312.0 8.3248730964467 0.0005429163526258332
1313.0 8.331218274111675 0.0005429163526258332
1314.0 8.33756345177665 0.0005429163526258332
1315.0 8.343908629441625 0.0005429163526258332
1316.0 8.350253807106599 0.0005429163526258332
1317.0 8.356598984771573 0.0005429163526258332
1318.0 8.362944162436548 0.0005429163526258332
1319.0 8.369289340101522 0.0005429163526258332
1320.0 8.375634517766498 0.0005429163526258332
1321.0 8.381979695431472 0.0005429163526258332
1322.0 8.388324873096447 0.0005429163526258332
1323.0 8.394670050761421 0.0005429163526258332
1324.0 8.401015228426395 0.0005429163526258332
1325.0 8.40736040609137 0.0005429163526258332
1326.0 8.413705583756345 0.0005429163526258332
1327.0 8.42005076142132 0.0005429163526258332
1328.0 8.426395939086294 0.0005429163526258332
1329.0 8.432741116751268 0.0005429163526258332
1330.0 8.439086294416244 0.0005429163526258332
1331.0 8.445431472081218 0.0005429163526258332
1332.0 8.451776649746192 0.0005429163526258332
1333.0 8.458121827411167 0.0005429163526258332
1334.0 8.464467005076143 0.0005429163526258332
1335.0 8.470812182741117 0.0005429163526258332
1336.0 8.47715736040609 0.0005429163526258332
1337.0 8.483502538071066 0.0005429163526258332
1338.0 8.48984771573604 0.0005429163526258332
1339.0 8.496192893401014 0.0005429163526258332
1340.0 8.50253807106599 0.0005429163526258332
1341.0 8.508883248730966 0.0005429163526258332
1342.0 8.51522842639594 0.0005429163526258332
1343.0 8.521573604060913 0.0005429163526258332
1344.0 8.527918781725887 0.0005429163526258332
1345.0 8.534263959390863 0.0005429163526258332
1346.0 8.540609137055837 0.0005429163526258332
1347.0 8.546954314720812 0.0005429163526258332
1348.0 8.553299492385786 0.0005429163526258332
1349.0 8.559644670050762 0.0005429163526258332
1350.0 8.565989847715736 0.0005429163526258332
1351.0 8.57233502538071 0.0005429163526258332
1352.0 8.578680203045684 0.0005429163526258332
1353.0 8.58502538071066 0.0005429163526258332
1354.0 8.591370558375635 0.0005429163526258332
1355.0 8.597715736040609 0.0005429163526258332
1356.0 8.604060913705585 0.0005429163526258332
1357.0 8.610406091370558 0.0005429163526258332
1358.0 8.616751269035532 0.0005429163526258332
1359.0 8.623096446700506 0.0005429163526258332
1360.0 8.629441624365482 0.0005429163526258332
1361.0 8.635786802030458 0.0005429163526258332
1362.0 8.642131979695431 0.0005429163526258332
1363.0 8.648477157360405 0.0005429163526258332
1364.0 8.654822335025381 0.0005429163526258332
1365.0 8.661167512690355 0.0005429163526258332
1366.0 8.667512690355329 0.0005429163526258332
1367.0 8.673857868020304 0.0005429163526258332
1368.0 8.68020304568528 0.0005429163526258332
1369.0 8.686548223350254 0.0005429163526258332
1370.0 8.692893401015228 0.0005429163526258332
1371.0 8.699238578680202 0.0005429163526258332
1372.0 8.705583756345177 0.0005429163526258332
1373.0 8.711928934010151 0.0005429163526258332
1374.0 8.718274111675127 0.0005429163526258332
1375.0 8.724619289340103 0.0005429163526258332
1376.0 8.730964467005077 0.0005429163526258332
1377.0 8.73730964467005 0.0005429163526258332
1378.0 8.743654822335024 0.0005429163526258332
1379.0 8.75 0.0005429163526258332
1380.0 8.756345177664974 0.0005429163526258332
1381.0 8.76269035532995 0.0005429163526258332
1382.0 8.769035532994923 0.0005429163526258332
1383.0 8.775380710659899 0.0005429163526258332
1384.0 8.781725888324873 0.0005429163526258332
1385.0 8.788071065989847 0.0005429163526258332
1386.0 8.79441624365482 0.0005429163526258332
1387.0 8.800761421319796 0.0005429163526258332
1388.0 8.807106598984772 0.0005429163526258332
1389.0 8.813451776649746 0.0005429163526258332
1390.0 8.819796954314722 0.0005429163526258332
1391.0 8.826142131979696 0.0005429163526258332
1392.0 8.83248730964467 0.0005429163526258332
1393.0 8.838832487309643 0.0005429163526258332
1394.0 8.845177664974619 0.0005429163526258332
1395.0 8.851522842639595 0.0005429163526258332
1396.0 8.857868020304569 0.0005429163526258332
1397.0 8.864213197969542 0.0005429163526258332
1398.0 8.870558375634518 0.0005429163526258332
1399.0 8.876903553299492 0.0005429163526258332
1400.0 8.883248730964466 0.0005429163526258332
1401.0 8.889593908629442 0.0005429163526258332
1402.0 8.895939086294417 0.0005429163526258332
1403.0 8.902284263959391 0.0005429163526258332
1404.0 8.908629441624365 0.0005429163526258332
1405.0 8.914974619289339 0.0005429163526258332
1406.0 8.921319796954315 0.0005429163526258332
1407.0 8.927664974619288 0.0005429163526258332
1408.0 8.934010152284264 0.0005429163526258332
1409.0 8.94035532994924 0.0005429163526258332
1410.0 8.946700507614214 0.0005429163526258332
1411.0 8.953045685279188 0.0005429163526258332
1412.0 8.959390862944161 0.0005429163526258332
1413.0 8.965736040609137 0.0005429163526258332
1414.0 8.972081218274111 0.0005429163526258332
1415.0 8.978426395939087 0.0005429163526258332
1416.0 8.98477157360406 0.0005429163526258332
1417.0 8.991116751269036 0.0005429163526258332
1418.0 8.99746192893401 0.0010858327052516664
1419.0 9.003807106598984 0.0010858327052516664
1420.0 9.010152284263958 0.0010858327052516664
1421.0 9.016497461928934 0.0010858327052516664
1422.0 9.02284263959391 0.0010858327052516664
1423.0 9.029187817258883 0.0010858327052516664
1424.0 9.035532994923857 0.0010858327052516664
1425.0 9.041878172588833 0.0010858327052516664
1426.0 9.048223350253807 0.0010858327052516664
1427.0 9.05456852791878 0.0010858327052516664
1428.0 9.060913705583756 0.0010858327052516664
1429.0 9.067258883248732 0.0010858327052516664
1430.0 9.073604060913706 0.0010858327052516664
1431.0 9.07994923857868 0.0010858327052516664
1432.0 9.086294416243655 0.0010858327052516664
1433.0 9.092639593908629 0.0010858327052516664
1434.0 9.098984771573603 0.0010858327052516664
1435.0 9.105329949238579 0.0010858327052516664
1436.0 9.111675126903554 0.0010858327052516664
1437.0 9.118020304568528 0.0010858327052516664
1438.0 9.124365482233502 0.0010858327052516664
1439.0 9.130710659898476 0.0010858327052516664
1440.0 9.137055837563452 0.0010858327052516664
1441.0 9.143401015228426 0.0010858327052516664
1442.0 9.149746192893401 0.0010858327052516664
1443.0 9.156091370558375 0.0010858327052516664
1444.0 9.16243654822335 0.0010858327052516664
1445.0 9.168781725888325 0.0010858327052516664
1446.0 9.175126903553299 0.0010858327052516664
1447.0 9.181472081218274 0.0010858327052516664
1448.0 9.187817258883248 0.0010858327052516664
1449.0 9.194162436548224 0.0010858327052516664
1450.0 9.200507614213198 0.0010858327052516664
1451.0 9.206852791878173 0.0010858327052516664
1452.0 9.213197969543147 0.0010858327052516664
1453.0 9.219543147208121 0.0010858327052516664
1454.0 9.225888324873095 0.0010858327052516664
1455.0 9.23223350253807 0.0010858327052516664
1456.0 9.238578680203046 0.0010858327052516664
1457.0 9.24492385786802 0.0010858327052516664
1458.0 9.251269035532994 0.0010858327052516664
1459.0 9.25761421319797 0.0010858327052516664
1460.0 9.263959390862944 0.0010858327052516664
1461.0 9.270304568527918 0.0010858327052516664
1462.0 9.276649746192893 0.0010858327052516664
1463.0 9.282994923857869 0.0010858327052516664
1464.0 9.289340101522843 0.0010858327052516664
1465.0 9.295685279187817 0.0010858327052516664
1466.0 9.302030456852792 0.0010858327052516664
1467.0 9.308375634517766 0.0010858327052516664
1468.0 9.31472081218274 0.0010858327052516664
1469.0 9.321065989847716 0.0010858327052516664
1470.0 9.327411167512691 0.0010858327052516664
1471.0 9.333756345177665 0.0010858327052516664
1472.0 9.34010152284264 0.0010858327052516664
1473.0 9.346446700507613 0.0010858327052516664
1474.0 9.352791878172589 0.0010858327052516664
1475.0 9.359137055837563 0.0010858327052516664
1476.0 9.365482233502538 0.0010858327052516664
1477.0 9.371827411167512 0.0010858327052516664
1478.0 9.378172588832488 0.0010858327052516664
1479.0 9.384517766497462 0.0010858327052516664
1480.0 9.390862944162436 0.0010858327052516664
1481.0 9.39720812182741 0.0010858327052516664
1482.0 9.403553299492385 0.0010858327052516664
1483.0 9.40989847715736 0.0010858327052516664
1484.0 9.416243654822335 0.0010858327052516664
1485.0 9.42258883248731 0.0010858327052516664
1486.0 9.428934010152284 0.0010858327052516664
1487.0 9.435279187817258 0.0010858327052516664
1488.0 9.441624365482232 0.0010858327052516664
1489.0 9.447969543147208 0.0010858327052516664
1490.0 9.454314720812183 0.0010858327052516664
1491.0 9.460659898477157 0.0010858327052516664
1492.0 9.467005076142131 0.0010858327052516664
1493.0 9.473350253807107 0.0010858327052516664
1494.0 9.47969543147208 0.0010858327052516664
1495.0 9.486040609137055 0.0010858327052516664
1496.0 9.49238578680203 0.0010858327052516664
1497.0 9.498730964467006 0.0010858327052516664
1498.0 9.50507614213198 0.0010858327052516664
1499.0 9.511421319796954 0.0010858327052516664
1500.0 9.51776649746193 0.0010858327052516664
1501.0 9.524111675126903 0.0010858327052516664
1502.0 9.530456852791877 0.0010858327052516664
1503.0 9.536802030456853 0.0010858327052516664
1504.0 9.543147208121828 0.0010858327052516664
1505.0 9.549492385786802 0.0010858327052516664
1506.0 9.555837563451776 0.0010858327052516664
1507.0 9.56218274111675 0.0010858327052516664
1508.0 9.568527918781726 0.0010858327052516664
1509.0 9.5748730964467 0.0010858327052516664
1510.0 9.581218274111675 0.0010858327052516664
1511.0 9.58756345177665 0.0010858327052516664
1512.0 9.593908629441625 0.0010858327052516664
1513.0 9.600253807106599 0.0010858327052516664
1514.0 9.606598984771573 0.0010858327052516664
1515.0 9.612944162436548 0.0010858327052516664
1516.0 9.619289340101524 0.0010858327052516664
1517.0 9.625634517766498 0.0010858327052516664
1518.0 9.631979695431472 0.0010858327052516664
1519.0 9.638324873096447 0.0010858327052516664
1520.0 9.644670050761421 0.0010858327052516664
1521.0 9.651015228426395 0.0010858327052516664
1522.0 9.657360406091371 0.0010858327052516664
1523.0 9.663705583756347 0.0010858327052516664
1524.0 9.67005076142132 0.0010858327052516664
1525.0 9.676395939086294 0.0010858327052516664
1526.0 9.682741116751268 0.0010858327052516664
1527.0 9.689086294416244 0.0010858327052516664
1528.0 9.695431472081218 0.0010858327052516664
1529.0 9.701776649746193 0.0010858327052516664
1530.0 9.708121827411167 0.0010858327052516664
1531.0 9.714467005076143 0.0010858327052516664
1532.0 9.720812182741117 0.0010858327052516664
1533.0 9.72715736040609 0.0010858327052516664
1534.0 9.733502538071065 0.0010858327052516664
1535.0 9.73984771573604 0.0010858327052516664
1536.0 9.746192893401016 0.0010858327052516664
1537.0 9.75253807106599 0.0010858327052516664
1538.0 9.758883248730966 0.0010858327052516664
1539.0 9.76522842639594 0.0010858327052516664
1540.0 9.771573604060913 0.0010858327052516664
1541.0 9.777918781725887 0.0010858327052516664
1542.0 9.784263959390863 0.0010858327052516664
1543.0 9.790609137055839 0.0010858327052516664
1544.0 9.796954314720812 0.0010858327052516664
1545.0 9.803299492385786 0.0010858327052516664
1546.0 9.809644670050762 0.0010858327052516664
1547.0 9.815989847715736 0.0010858327052516664
1548.0 9.82233502538071 0.0010858327052516664
1549.0 9.828680203045685 0.0010858327052516664
1550.0 9.835025380710661 0.0010858327052516664
1551.0 9.841370558375635 0.0010858327052516664
1552.0 9.847715736040609 0.0010858327052516664
1553.0 9.854060913705583 0.0010858327052516664
1554.0 9.860406091370558 0.0010858327052516664
1555.0 9.866751269035532 0.0010858327052516664
1556.0 9.873096446700508 0.0010858327052516664
1557.0 9.879441624365484 0.0010858327052516664
1558.0 9.885786802030458 0.0010858327052516664
1559.0 9.892131979695431 0.0010858327052516664
1560.0 9.898477157360405 0.0010858327052516664
1561.0 9.904822335025381 0.0010858327052516664
1562.0 9.911167512690355 0.0010858327052516664
1563.0 9.91751269035533 0.0010858327052516664
1564.0 9.923857868020304 0.0010858327052516664
1565.0 9.93020304568528 0.0010858327052516664
1566.0 9.936548223350254 0.0010858327052516664
1567.0 9.942893401015228 0.0010858327052516664
1568.0 9.949238578680202 0.0010858327052516664
1569.0 9.955583756345177 0.0010858327052516664
1570.0 9.961928934010153 0.0010858327052516664
1571.0 9.968274111675127 0.0010858327052516664
1572.0 9.974619289340101 0.0010858327052516664
1573.0 9.980964467005077 0.0010858327052516664
1574.0 9.98730964467005 0.0010858327052516664
1575.0 9.993654822335024 0.0010858327052516664
1576.0 10.0 0.0010858327052516664
