1.0 0.0059382422802850355 0.06623579502034597
2.0 0.011876484560570071 0.04289039185743709
3.0 0.017814726840855107 0.0244312358681604
4.0 0.023752969121140142 0.023345403162908736
5.0 0.02969121140142518 0.01791623963665085
6.0 0.035629453681710214 0.01791623963665085
7.0 0.04156769596199525 0.0162874905787735
8.0 0.047505938242280284 0.014115825168270467
9.0 0.053444180522565325 0.012487076110393118
10.0 0.05938242280285036 0.010858327052515767
11.0 0.06532066508313539 0.0097724943472641
12.0 0.07125890736342043 0.008686661642012584
13.0 0.07719714964370546 0.005972079878883567
14.0 0.0831353919239905 0.0054291635262578835
15.0 0.08907363420427554 0.0054291635262578835
16.0 0.09501187648456057 0.0054291635262578835
17.0 0.10095011876484561 0.00488624717363205
18.0 0.10688836104513065 0.00488624717363205
19.0 0.11282660332541568 0.00488624717363205
20.0 0.11876484560570072 0.0054291635262578835
21.0 0.12470308788598575 0.00488624717363205
22.0 0.13064133016627077 0.00488624717363205
23.0 0.1365795724465558 0.00488624717363205
24.0 0.14251781472684086 0.004343330821006217
25.0 0.14845605700712589 0.004343330821006217
26.0 0.1543942992874109 0.004343330821006217
27.0 0.16033254156769597 0.0038004144683803837
28.0 0.166270783847981 0.0038004144683803837
29.0 0.17220902612826605 0.0038004144683803837
30.0 0.17814726840855108 0.0038004144683803837
31.0 0.1840855106888361 0.0038004144683803837
32.0 0.19002375296912113 0.0038004144683805334
33.0 0.19596199524940616 0.0038004144683805334
34.0 0.20190023752969122 0.0032574981157547003
35.0 0.20783847980997627 0.0032574981157547003
36.0 0.2137767220902613 0.0032574981157547003
37.0 0.21971496437054633 0.0032574981157547003
38.0 0.22565320665083136 0.0032574981157547003
39.0 0.23159144893111638 0.0032574981157547003
40.0 0.23752969121140144 0.0032574981157547003
41.0 0.24346793349168647 0.0032574981157547003
42.0 0.2494061757719715 0.0032574981157547003
43.0 0.25534441805225655 0.0032574981157547003
44.0 0.26128266033254155 0.0038004144683803837
45.0 0.2672209026128266 0.0032574981157547003
46.0 0.2731591448931116 0.0032574981157547003
47.0 0.27909738717339666 0.0032574981157547003
48.0 0.2850356294536817 0.0032574981157547003
49.0 0.2909738717339667 0.0032574981157547003
50.0 0.29691211401425177 0.0032574981157547003
51.0 0.3028503562945368 0.0032574981157547003
52.0 0.3087885985748218 0.0032574981157547003
53.0 0.3147268408551069 0.0032574981157547003
54.0 0.32066508313539194 0.0032574981157547003
55.0 0.326603325415677 0.0032574981157547003
56.0 0.332541567695962 0.0032574981157547003
57.0 0.33847980997624705 0.0032574981157547003
58.0 0.3444180522565321 0.0032574981157547003
59.0 0.3503562945368171 0.0032574981157547003
60.0 0.35629453681710216 0.0032574981157547003
61.0 0.36223277909738716 0.0032574981157547003
62.0 0.3681710213776722 0.0027145817631290168
63.0 0.37410926365795727 0.0032574981157547003
64.0 0.38004750593824227 0.0032574981157547003
65.0 0.3859857482185273 0.0027145817631290168
66.0 0.3919239904988123 0.0032574981157547003
67.0 0.3978622327790974 0.0032574981157547003
68.0 0.40380047505938244 0.0027145817631290168
69.0 0.40973871733966744 0.0027145817631290168
70.0 0.41567695961995255 0.0032574981157547003
71.0 0.4216152019002375 0.0032574981157547003
72.0 0.4275534441805226 0.0032574981157547003
73.0 0.4334916864608076 0.0027145817631290168
74.0 0.43942992874109266 0.0027145817631290168
75.0 0.44536817102137766 0.0027145817631290168
76.0 0.4513064133016627 0.0027145817631290168
77.0 0.4572446555819477 0.0027145817631290168
78.0 0.46318289786223277 0.0027145817631290168
79.0 0.46912114014251777 0.0027145817631290168
80.0 0.4750593824228029 0.0027145817631290168
81.0 0.4809976247030878 0.0032574981157547003
82.0 0.48693586698337293 0.0032574981157547003
83.0 0.49287410926365793 0.002714581763128867
84.0 0.498812351543943 0.002714581763128867
85.0 0.5047505938242279 0.002714581763128867
86.0 0.5106888361045131 0.002714581763128867
87.0 0.5166270783847982 0.002714581763128867
88.0 0.5225653206650831 0.0027145817631290168
89.0 0.5285035629453682 0.0021716654105031832
90.0 0.5344418052256532 0.0021716654105031832
91.0 0.5403800475059383 0.0021716654105031832
92.0 0.5463182897862232 0.0021716654105031832
93.0 0.5522565320665084 0.0021716654105031832
94.0 0.5581947743467933 0.0021716654105031832
95.0 0.5641330166270784 0.0021716654105031832
96.0 0.5700712589073634 0.0021716654105031832
97.0 0.5760095011876485 0.0021716654105031832
98.0 0.5819477434679334 0.0021716654105031832
99.0 0.5878859857482185 0.0021716654105031832
100.0 0.5938242280285035 0.0021716654105031832
101.0 0.5997624703087886 0.0021716654105031832
102.0 0.6057007125890737 0.0021716654105031832
103.0 0.6116389548693587 0.0021716654105031832
104.0 0.6175771971496437 0.0021716654105031832
105.0 0.6235154394299287 0.0021716654105031832
106.0 0.6294536817102138 0.0021716654105031832
107.0 0.6353919239904988 0.0021716654105031832
108.0 0.6413301662707839 0.002714581763128867
109.0 0.6472684085510689 0.0021716654105031832
110.0 0.653206650831354 0.002714581763128867
111.0 0.6591448931116389 0.002714581763128867
112.0 0.665083135391924 0.0021716654105031832
113.0 0.671021377672209 0.0021716654105031832
114.0 0.6769596199524941 0.0021716654105031832
115.0 0.682897862232779 0.0021716654105031832
116.0 0.6888361045130642 0.0021716654105031832
117.0 0.6947743467933492 0.0021716654105031832
118.0 0.7007125890736342 0.0021716654105031832
119.0 0.7066508313539193 0.0021716654105031832
120.0 0.7125890736342043 0.0021716654105031832
121.0 0.7185273159144893 0.0021716654105031832
122.0 0.7244655581947743 0.0021716654105031832
123.0 0.7304038004750594 0.0021716654105031832
124.0 0.7363420427553444 0.0021716654105031832
125.0 0.7422802850356294 0.0021716654105031832
126.0 0.7482185273159145 0.0021716654105031832
127.0 0.7541567695961995 0.0021716654105031832
128.0 0.7600950118764845 0.0021716654105031832
129.0 0.7660332541567696 0.0021716654105031832
130.0 0.7719714964370546 0.0021716654105031832
131.0 0.7779097387173397 0.0021716654105031832
132.0 0.7838479809976246 0.0021716654105031832
133.0 0.7897862232779098 0.0021716654105031832
134.0 0.7957244655581948 0.0021716654105031832
135.0 0.8016627078384797 0.0021716654105031832
136.0 0.8076009501187649 0.0021716654105031832
137.0 0.8135391923990499 0.0021716654105031832
138.0 0.8194774346793349 0.0021716654105031832
139.0 0.8254156769596199 0.0021716654105031832
140.0 0.8313539192399051 0.0021716654105031832
141.0 0.83729216152019 0.0016287490578773501
142.0 0.843230403800475 0.0016287490578773501
143.0 0.84916864608076 0.0016287490578773501
144.0 0.8551068883610452 0.0016287490578773501
145.0 0.8610451306413301 0.0016287490578773501
146.0 0.8669833729216152 0.0016287490578773501
147.0 0.8729216152019001 0.0021716654105031832
148.0 0.8788598574821853 0.0021716654105031832
149.0 0.8847980997624703 0.0021716654105031832
150.0 0.8907363420427553 0.0021716654105031832
151.0 0.8966745843230405 0.0021716654105031832
152.0 0.9026128266033254 0.0021716654105031832
153.0 0.9085510688836105 0.0021716654105031832
154.0 0.9144893111638954 0.0021716654105031832
155.0 0.9204275534441806 0.0021716654105031832
156.0 0.9263657957244655 0.0021716654105031832
157.0 0.9323040380047506 0.0021716654105031832
158.0 0.9382422802850355 0.0021716654105031832
159.0 0.9441805225653207 0.0021716654105031832
160.0 0.9501187648456058 0.0021716654105031832
161.0 0.9560570071258907 0.0021716654105031832
162.0 0.9619952494061756 0.0021716654105031832
163.0 0.9679334916864608 0.0021716654105031832
164.0 0.9738717339667459 0.0021716654105031832
165.0 0.9798099762470308 0.0021716654105031832
166.0 0.9857482185273159 0.0021716654105031832
167.0 0.991686460807601 0.0021716654105031832
168.0 0.997624703087886 0.0021716654105031832
169.0 1.003562945368171 0.0021716654105031832
170.0 1.0095011876484559 0.0021716654105031832
171.0 1.015439429928741 0.0021716654105031832
172.0 1.0213776722090262 0.0021716654105031832
173.0 1.0273159144893111 0.0021716654105031832
174.0 1.0332541567695963 0.0021716654105031832
175.0 1.0391923990498813 0.0021716654105031832
176.0 1.0451306413301662 0.0021716654105031832
177.0 1.0510688836104511 0.0021716654105031832
178.0 1.0570071258907363 0.0021716654105031832
179.0 1.0629453681710215 0.0021716654105031832
180.0 1.0688836104513064 0.0021716654105031832
181.0 1.0748218527315914 0.0021716654105031832
182.0 1.0807600950118765 0.0021716654105031832
183.0 1.0866983372921615 0.0016287490578773501
184.0 1.0926365795724464 0.0021716654105031832
185.0 1.0985748218527316 0.0021716654105031832
186.0 1.1045130641330168 0.0021716654105031832
187.0 1.1104513064133017 0.0016287490578773501
188.0 1.1163895486935866 0.0021716654105031832
189.0 1.1223277909738716 0.0021716654105031832
190.0 1.1282660332541568 0.0016287490578773501
191.0 1.1342042755344417 0.0016287490578773501
192.0 1.1401425178147269 0.0016287490578773501
193.0 1.146080760095012 0.0016287490578773501
194.0 1.152019002375297 0.0016287490578773501
195.0 1.157957244655582 0.0016287490578773501
196.0 1.1638954869358669 0.0016287490578773501
197.0 1.169833729216152 0.0016287490578773501
198.0 1.175771971496437 0.0016287490578773501
199.0 1.1817102137767221 0.0016287490578773501
200.0 1.187648456057007 0.0016287490578773501
201.0 1.1935866983372923 0.0016287490578773501
202.0 1.1995249406175772 0.0016287490578773501
203.0 1.2054631828978621 0.0016287490578773501
204.0 1.2114014251781473 0.0016287490578773501
205.0 1.2173396674584325 0.0016287490578773501
206.0 1.2232779097387174 0.0016287490578773501
207.0 1.2292161520190024 0.0016287490578773501
208.0 1.2351543942992873 0.0016287490578773501
209.0 1.2410926365795725 0.0016287490578773501
210.0 1.2470308788598574 0.0016287490578773501
211.0 1.2529691211401426 0.0016287490578773501
212.0 1.2589073634204275 0.0016287490578773501
213.0 1.2648456057007127 0.0016287490578773501
214.0 1.2707838479809976 0.0016287490578773501
215.0 1.2767220902612826 0.0016287490578773501
216.0 1.2826603325415677 0.0016287490578773501
217.0 1.2885985748218527 0.0016287490578773501
218.0 1.2945368171021379 0.0016287490578773501
219.0 1.3004750593824228 0.0016287490578773501
220.0 1.306413301662708 0.0016287490578773501
221.0 1.312351543942993 0.0016287490578773501
222.0 1.3182897862232779 0.0016287490578773501
223.0 1.3242280285035628 0.0016287490578773501
224.0 1.330166270783848 0.0016287490578773501
225.0 1.3361045130641331 0.0016287490578773501
226.0 1.342042755344418 0.0016287490578773501
227.0 1.347980997624703 0.0016287490578773501
228.0 1.3539192399049882 0.0016287490578773501
229.0 1.3598574821852731 0.0016287490578773501
230.0 1.365795724465558 0.0016287490578773501
231.0 1.3717339667458432 0.0016287490578773501
232.0 1.3776722090261284 0.0016287490578773501
233.0 1.3836104513064134 0.0016287490578773501
234.0 1.3895486935866983 0.0016287490578773501
235.0 1.3954869358669835 0.0016287490578773501
236.0 1.4014251781472684 0.0016287490578773501
237.0 1.4073634204275534 0.0016287490578773501
238.0 1.4133016627078385 0.0016287490578773501
239.0 1.4192399049881237 0.0016287490578773501
240.0 1.4251781472684086 0.0016287490578773501
241.0 1.4311163895486936 0.0016287490578773501
242.0 1.4370546318289785 0.0016287490578773501
243.0 1.4429928741092637 0.0016287490578773501
244.0 1.4489311163895486 0.0016287490578773501
245.0 1.4548693586698338 0.0016287490578773501
246.0 1.4608076009501187 0.0016287490578773501
247.0 1.466745843230404 0.0016287490578773501
248.0 1.4726840855106889 0.0016287490578773501
249.0 1.4786223277909738 0.0016287490578773501
250.0 1.4845605700712587 0.0016287490578773501
251.0 1.490498812351544 0.0016287490578773501
252.0 1.496437054631829 0.0016287490578773501
253.0 1.502375296912114 0.0016287490578773501
254.0 1.508313539192399 0.0016287490578773501
255.0 1.5142517814726841 0.0016287490578773501
256.0 1.520190023752969 0.0016287490578773501
257.0 1.526128266033254 0.0016287490578773501
258.0 1.5320665083135392 0.0016287490578773501
259.0 1.5380047505938244 0.0016287490578773501
260.0 1.5439429928741093 0.0016287490578773501
261.0 1.5498812351543942 0.0016287490578773501
262.0 1.5558194774346794 0.0016287490578773501
263.0 1.5617577197149644 0.0016287490578773501
264.0 1.5676959619952493 0.0016287490578773501
265.0 1.5736342042755345 0.0016287490578773501
266.0 1.5795724465558196 0.0016287490578773501
267.0 1.5855106888361046 0.0016287490578773501
268.0 1.5914489311163895 0.0016287490578773501
269.0 1.5973871733966745 0.0016287490578773501
270.0 1.6033254156769594 0.0016287490578773501
271.0 1.6092636579572446 0.0016287490578773501
272.0 1.6152019002375297 0.0016287490578773501
273.0 1.6211401425178147 0.0016287490578773501
274.0 1.6270783847980999 0.0016287490578773501
275.0 1.6330166270783846 0.0016287490578773501
276.0 1.6389548693586697 0.0016287490578773501
277.0 1.644893111638955 0.0016287490578773501
278.0 1.6508313539192399 0.0016287490578773501
279.0 1.656769596199525 0.0016287490578773501
280.0 1.6627078384798102 0.0016287490578773501
281.0 1.668646080760095 0.0016287490578773501
282.0 1.67458432304038 0.0016287490578773501
283.0 1.6805225653206652 0.0016287490578773501
284.0 1.68646080760095 0.0016287490578773501
285.0 1.6923990498812351 0.0016287490578773501
286.0 1.69833729216152 0.0016287490578773501
287.0 1.7042755344418052 0.0016287490578773501
288.0 1.7102137767220904 0.0016287490578773501
289.0 1.7161520190023751 0.0016287490578773501
290.0 1.7220902612826603 0.0016287490578773501
291.0 1.7280285035629455 0.0016287490578773501
292.0 1.7339667458432304 0.0016287490578773501
293.0 1.7399049881235156 0.0016287490578773501
294.0 1.7458432304038003 0.0016287490578773501
295.0 1.7517814726840855 0.0016287490578773501
296.0 1.7577197149643706 0.0016287490578773501
297.0 1.7636579572446553 0.0016287490578773501
298.0 1.7695961995249405 0.0016287490578773501
299.0 1.7755344418052257 0.0016287490578773501
300.0 1.7814726840855106 0.0016287490578773501
301.0 1.7874109263657958 0.0016287490578773501
302.0 1.793349168646081 0.0016287490578773501
303.0 1.7992874109263657 0.0016287490578773501
304.0 1.8052256532066508 0.0016287490578773501
305.0 1.8111638954869358 0.0016287490578773501
306.0 1.817102137767221 0.0016287490578773501
307.0 1.8230403800475061 0.0016287490578773501
308.0 1.8289786223277908 0.0016287490578773501
309.0 1.834916864608076 0.0016287490578773501
310.0 1.8408551068883612 0.0016287490578773501
311.0 1.846793349168646 0.0016287490578773501
312.0 1.852731591448931 0.0016287490578773501
313.0 1.858669833729216 0.0016287490578773501
314.0 1.8646080760095012 0.0016287490578773501
315.0 1.8705463182897863 0.0016287490578773501
316.0 1.876484560570071 0.0016287490578773501
317.0 1.8824228028503562 0.0016287490578773501
318.0 1.8883610451306414 0.0016287490578773501
319.0 1.8942992874109263 0.0016287490578773501
320.0 1.9002375296912115 0.0016287490578773501
321.0 1.9061757719714967 0.0016287490578773501
322.0 1.9121140142517814 0.0016287490578773501
323.0 1.9180522565320666 0.0016287490578773501
324.0 1.9239904988123513 0.0016287490578773501
325.0 1.9299287410926365 0.0016287490578773501
326.0 1.9358669833729216 0.0016287490578773501
327.0 1.9418052256532066 0.0016287490578773501
328.0 1.9477434679334917 0.0016287490578773501
329.0 1.953681710213777 0.0016287490578773501
330.0 1.9596199524940616 0.0016287490578773501
331.0 1.9655581947743468 0.0016287490578773501
332.0 1.9714964370546317 0.0016287490578773501
333.0 1.977434679334917 0.0016287490578773501
334.0 1.983372921615202 0.0016287490578773501
335.0 1.9893111638954868 0.0016287490578773501
336.0 1.995249406175772 0.0016287490578773501
337.0 2.001187648456057 0.0016287490578773501
338.0 2.007125890736342 0.0016287490578773501
339.0 2.013064133016627 0.0016287490578773501
340.0 2.0190023752969117 0.0016287490578773501
341.0 2.024940617577197 0.0016287490578773501
342.0 2.030878859857482 0.0016287490578773501
343.0 2.0368171021377672 0.0016287490578773501
344.0 2.0427553444180524 0.0016287490578773501
345.0 2.0486935866983376 0.0016287490578773501
346.0 2.0546318289786223 0.0016287490578773501
347.0 2.0605700712589075 0.0016287490578773501
348.0 2.0665083135391926 0.0016287490578773501
349.0 2.0724465558194773 0.0016287490578773501
350.0 2.0783847980997625 0.0016287490578773501
351.0 2.0843230403800472 0.0010858327052516664
352.0 2.0902612826603324 0.0010858327052516664
353.0 2.0961995249406176 0.0010858327052516664
354.0 2.1021377672209023 0.0010858327052516664
355.0 2.1080760095011875 0.0010858327052516664
356.0 2.1140142517814726 0.0010858327052516664
357.0 2.119952494061758 0.0010858327052516664
358.0 2.125890736342043 0.0010858327052516664
359.0 2.1318289786223277 0.0010858327052516664
360.0 2.137767220902613 0.0010858327052516664
361.0 2.143705463182898 0.0010858327052516664
362.0 2.1496437054631827 0.0010858327052516664
363.0 2.155581947743468 0.0010858327052516664
364.0 2.161520190023753 0.0010858327052516664
365.0 2.167458432304038 0.0010858327052516664
366.0 2.173396674584323 0.0010858327052516664
367.0 2.179334916864608 0.0010858327052516664
368.0 2.185273159144893 0.0010858327052516664
369.0 2.191211401425178 0.0010858327052516664
370.0 2.197149643705463 0.0010858327052516664
371.0 2.2030878859857483 0.0010858327052516664
372.0 2.2090261282660335 0.0010858327052516664
373.0 2.2149643705463182 0.0010858327052516664
374.0 2.2209026128266034 0.0010858327052516664
375.0 2.2268408551068886 0.0010858327052516664
376.0 2.2327790973871733 0.0010858327052516664
377.0 2.2387173396674585 0.0010858327052516664
378.0 2.244655581947743 0.0010858327052516664
379.0 2.2505938242280283 0.0010858327052516664
380.0 2.2565320665083135 0.0010858327052516664
381.0 2.2624703087885982 0.0010858327052516664
382.0 2.2684085510688834 0.0010858327052516664
383.0 2.2743467933491686 0.0010858327052516664
384.0 2.2802850356294537 0.0010858327052516664
385.0 2.286223277909739 0.0010858327052516664
386.0 2.292161520190024 0.0010858327052516664
387.0 2.298099762470309 0.0010858327052516664
388.0 2.304038004750594 0.0010858327052516664
389.0 2.3099762470308787 0.0010858327052516664
390.0 2.315914489311164 0.0010858327052516664
391.0 2.321852731591449 0.0010858327052516664
392.0 2.3277909738717337 0.0010858327052516664
393.0 2.333729216152019 0.0010858327052516664
394.0 2.339667458432304 0.0010858327052516664
395.0 2.345605700712589 0.0010858327052516664
396.0 2.351543942992874 0.0010858327052516664
397.0 2.357482185273159 0.0010858327052516664
398.0 2.3634204275534443 0.0010858327052516664
399.0 2.3693586698337294 0.0010858327052516664
400.0 2.375296912114014 0.0010858327052516664
401.0 2.3812351543942993 0.0010858327052516664
402.0 2.3871733966745845 0.0010858327052516664
403.0 2.3931116389548692 0.0010858327052516664
404.0 2.3990498812351544 0.0010858327052516664
405.0 2.404988123515439 0.0010858327052516664
406.0 2.4109263657957243 0.0010858327052516664
407.0 2.4168646080760094 0.0010858327052516664
408.0 2.4228028503562946 0.0010858327052516664
409.0 2.42874109263658 0.0010858327052516664
410.0 2.434679334916865 0.0010858327052516664
411.0 2.4406175771971497 0.0010858327052516664
412.0 2.446555819477435 0.0010858327052516664
413.0 2.45249406175772 0.0010858327052516664
414.0 2.4584323040380047 0.0010858327052516664
415.0 2.46437054631829 0.0010858327052516664
416.0 2.4703087885985746 0.0010858327052516664
417.0 2.47624703087886 0.0010858327052516664
418.0 2.482185273159145 0.0010858327052516664
419.0 2.4881235154394297 0.0010858327052516664
420.0 2.494061757719715 0.0010858327052516664
421.0 2.5 0.0010858327052516664
422.0 2.505938242280285 0.0010858327052516664
423.0 2.5118764845605703 0.0010858327052516664
424.0 2.517814726840855 0.0010858327052516664
425.0 2.52375296912114 0.0010858327052516664
426.0 2.5296912114014254 0.0010858327052516664
427.0 2.53562945368171 0.0010858327052516664
428.0 2.5415676959619953 0.0010858327052516664
429.0 2.5475059382422804 0.0010858327052516664
430.0 2.553444180522565 0.0010858327052516664
431.0 2.5593824228028503 0.0010858327052516664
432.0 2.5653206650831355 0.0010858327052516664
433.0 2.57125890736342 0.0010858327052516664
434.0 2.5771971496437054 0.0010858327052516664
435.0 2.5831353919239906 0.0010858327052516664
436.0 2.5890736342042757 0.0010858327052516664
437.0 2.595011876484561 0.0010858327052516664
438.0 2.6009501187648456 0.0010858327052516664
439.0 2.6068883610451308 0.0010858327052516664
440.0 2.612826603325416 0.0010858327052516664
441.0 2.6187648456057007 0.0010858327052516664
442.0 2.624703087885986 0.0010858327052516664
443.0 2.6306413301662706 0.0010858327052516664
444.0 2.6365795724465557 0.0010858327052516664
445.0 2.642517814726841 0.0010858327052516664
446.0 2.6484560570071256 0.0010858327052516664
447.0 2.6543942992874108 0.0010858327052516664
448.0 2.660332541567696 0.0010858327052516664
449.0 2.666270783847981 0.0010858327052516664
450.0 2.6722090261282663 0.0010858327052516664
451.0 2.6781472684085514 0.0010858327052516664
452.0 2.684085510688836 0.0010858327052516664
453.0 2.6900237529691213 0.0010858327052516664
454.0 2.695961995249406 0.0010858327052516664
455.0 2.701900237529691 0.0010858327052516664
456.0 2.7078384798099764 0.0010858327052516664
457.0 2.713776722090261 0.0010858327052516664
458.0 2.7197149643705463 0.0010858327052516664
459.0 2.7256532066508314 0.0010858327052516664
460.0 2.731591448931116 0.0010858327052516664
461.0 2.7375296912114013 0.0010858327052516664
462.0 2.7434679334916865 0.0010858327052516664
463.0 2.7494061757719717 0.0010858327052516664
464.0 2.755344418052257 0.0010858327052516664
465.0 2.7612826603325415 0.0010858327052516664
466.0 2.7672209026128267 0.0010858327052516664
467.0 2.773159144893112 0.0010858327052516664
468.0 2.7790973871733966 0.0010858327052516664
469.0 2.7850356294536818 0.0010858327052516664
470.0 2.790973871733967 0.0010858327052516664
471.0 2.7969121140142517 0.0010858327052516664
472.0 2.802850356294537 0.0010858327052516664
473.0 2.8087885985748215 0.0010858327052516664
474.0 2.8147268408551067 0.0010858327052516664
475.0 2.820665083135392 0.0010858327052516664
476.0 2.826603325415677 0.0010858327052516664
477.0 2.832541567695962 0.0010858327052516664
478.0 2.8384798099762474 0.0010858327052516664
479.0 2.844418052256532 0.0010858327052516664
480.0 2.8503562945368173 0.0010858327052516664
481.0 2.856294536817102 0.0010858327052516664
482.0 2.862232779097387 0.0010858327052516664
483.0 2.8681710213776723 0.0010858327052516664
484.0 2.874109263657957 0.0010858327052516664
485.0 2.880047505938242 0.0010858327052516664
486.0 2.8859857482185274 0.0010858327052516664
487.0 2.891923990498812 0.0010858327052516664
488.0 2.8978622327790973 0.0010858327052516664
489.0 2.9038004750593824 0.0010858327052516664
490.0 2.9097387173396676 0.0010858327052516664
491.0 2.9156769596199528 0.0010858327052516664
492.0 2.9216152019002375 0.0010858327052516664
493.0 2.9275534441805227 0.0010858327052516664
494.0 2.933491686460808 0.0010858327052516664
495.0 2.9394299287410925 0.0010858327052516664
496.0 2.9453681710213777 0.0010858327052516664
497.0 2.951306413301663 0.0010858327052516664
498.0 2.9572446555819476 0.0010858327052516664
499.0 2.9631828978622328 0.0010858327052516664
500.0 2.9691211401425175 0.0010858327052516664
501.0 2.9750593824228027 0.0010858327052516664
502.0 2.980997624703088 0.0010858327052516664
503.0 2.986935866983373 0.0010858327052516664
504.0 2.992874109263658 0.0010858327052516664
505.0 2.9988123515439433 0.0010858327052516664
506.0 3.004750593824228 0.0010858327052516664
507.0 3.010688836104513 0.0010858327052516664
508.0 3.016627078384798 0.0010858327052516664
509.0 3.022565320665083 0.0010858327052516664
510.0 3.0285035629453683 0.0010858327052516664
511.0 3.034441805225653 0.0010858327052516664
512.0 3.040380047505938 0.0010858327052516664
513.0 3.0463182897862233 0.0010858327052516664
514.0 3.052256532066508 0.0010858327052516664
515.0 3.058194774346793 0.0010858327052516664
516.0 3.0641330166270784 0.0010858327052516664
517.0 3.0700712589073635 0.0010858327052516664
518.0 3.0760095011876487 0.0010858327052516664
519.0 3.0819477434679334 0.0010858327052516664
520.0 3.0878859857482186 0.0010858327052516664
521.0 3.0938242280285038 0.0010858327052516664
522.0 3.0997624703087885 0.0010858327052516664
523.0 3.1057007125890737 0.0010858327052516664
524.0 3.111638954869359 0.0010858327052516664
525.0 3.1175771971496435 0.0010858327052516664
526.0 3.1235154394299287 0.0010858327052516664
527.0 3.1294536817102134 0.0010858327052516664
528.0 3.1353919239904986 0.0010858327052516664
529.0 3.1413301662707838 0.0010858327052516664
530.0 3.147268408551069 0.0010858327052516664
531.0 3.153206650831354 0.0010858327052516664
532.0 3.1591448931116393 0.0010858327052516664
533.0 3.165083135391924 0.0010858327052516664
534.0 3.171021377672209 0.0010858327052516664
535.0 3.1769596199524943 0.0010858327052516664
536.0 3.182897862232779 0.0010858327052516664
537.0 3.188836104513064 0.0010858327052516664
538.0 3.194774346793349 0.0010858327052516664
539.0 3.200712589073634 0.0010858327052516664
540.0 3.206650831353919 0.0010858327052516664
541.0 3.2125890736342044 0.0010858327052516664
542.0 3.218527315914489 0.0010858327052516664
543.0 3.2244655581947743 0.0010858327052516664
544.0 3.2304038004750595 0.0010858327052516664
545.0 3.2363420427553447 0.0010858327052516664
546.0 3.2422802850356294 0.0010858327052516664
547.0 3.248218527315915 0.0010858327052516664
548.0 3.2541567695961997 0.0010858327052516664
549.0 3.2600950118764844 0.0010858327052516664
550.0 3.266033254156769 0.0010858327052516664
551.0 3.2719714964370548 0.0010858327052516664
552.0 3.2779097387173395 0.0010858327052516664
553.0 3.283847980997624 0.0010858327052516664
554.0 3.28978622327791 0.0010858327052516664
555.0 3.2957244655581945 0.0010858327052516664
556.0 3.3016627078384797 0.0010858327052516664
557.0 3.307600950118765 0.0010858327052516664
558.0 3.31353919239905 0.0010858327052516664
559.0 3.3194774346793348 0.0010858327052516664
560.0 3.3254156769596204 0.0010858327052516664
561.0 3.331353919239905 0.0010858327052516664
562.0 3.33729216152019 0.0010858327052516664
563.0 3.3432304038004754 0.0010858327052516664
564.0 3.34916864608076 0.0010858327052516664
565.0 3.355106888361045 0.0010858327052516664
566.0 3.3610451306413305 0.0010858327052516664
567.0 3.366983372921615 0.0010858327052516664
568.0 3.3729216152019 0.0010858327052516664
569.0 3.378859857482185 0.0010858327052516664
570.0 3.3847980997624703 0.0010858327052516664
571.0 3.3907363420427554 0.0010858327052516664
572.0 3.39667458432304 0.0010858327052516664
573.0 3.4026128266033258 0.0010858327052516664
574.0 3.4085510688836105 0.0010858327052516664
575.0 3.414489311163895 0.0010858327052516664
576.0 3.420427553444181 0.0010858327052516664
577.0 3.4263657957244655 0.0010858327052516664
578.0 3.4323040380047503 0.0010858327052516664
579.0 3.438242280285036 0.0010858327052516664
580.0 3.4441805225653206 0.0010858327052516664
581.0 3.4501187648456053 0.0010858327052516664
582.0 3.456057007125891 0.0010858327052516664
583.0 3.4619952494061756 0.0010858327052516664
584.0 3.467933491686461 0.0010858327052516664
585.0 3.473871733966746 0.0010858327052516664
586.0 3.479809976247031 0.0010858327052516664
587.0 3.485748218527316 0.0010858327052516664
588.0 3.4916864608076006 0.0010858327052516664
589.0 3.497624703087886 0.0010858327052516664
590.0 3.503562945368171 0.0010858327052516664
591.0 3.5095011876484556 0.0010858327052516664
592.0 3.5154394299287413 0.0010858327052516664
593.0 3.521377672209026 0.0010858327052516664
594.0 3.5273159144893107 0.0010858327052516664
595.0 3.5332541567695963 0.0010858327052516664
596.0 3.539192399049881 0.0010858327052516664
597.0 3.545130641330166 0.0010858327052516664
598.0 3.5510688836104514 0.0010858327052516664
599.0 3.5570071258907365 0.0010858327052516664
600.0 3.5629453681710213 0.0010858327052516664
601.0 3.568883610451307 0.0010858327052516664
602.0 3.5748218527315916 0.0010858327052516664
603.0 3.5807600950118763 0.0010858327052516664
604.0 3.586698337292162 0.0010858327052516664
605.0 3.5926365795724466 0.0010858327052516664
606.0 3.5985748218527314 0.0010858327052516664
607.0 3.604513064133016 0.0010858327052516664
608.0 3.6104513064133017 0.0010858327052516664
609.0 3.6163895486935864 0.0010858327052516664
610.0 3.6223277909738716 0.0010858327052516664
611.0 3.6282660332541568 0.0010858327052516664
612.0 3.634204275534442 0.0010858327052516664
613.0 3.6401425178147266 0.0010858327052516664
614.0 3.6460807600950123 0.0010858327052516664
615.0 3.652019002375297 0.0010858327052516664
616.0 3.6579572446555817 0.0010858327052516664
617.0 3.6638954869358673 0.0010858327052516664
618.0 3.669833729216152 0.0010858327052516664
619.0 3.6757719714964368 0.0010858327052516664
620.0 3.6817102137767224 0.0010858327052516664
621.0 3.687648456057007 0.0010858327052516664
622.0 3.693586698337292 0.0010858327052516664
623.0 3.6995249406175774 0.0010858327052516664
624.0 3.705463182897862 0.0010858327052516664
625.0 3.7114014251781473 0.0010858327052516664
626.0 3.717339667458432 0.0010858327052516664
627.0 3.7232779097387176 0.0010858327052516664
628.0 3.7292161520190024 0.0010858327052516664
629.0 3.735154394299287 0.0010858327052516664
630.0 3.7410926365795727 0.0010858327052516664
631.0 3.7470308788598574 0.0010858327052516664
632.0 3.752969121140142 0.0010858327052516664
633.0 3.7589073634204277 0.0010858327052516664
634.0 3.7648456057007125 0.0010858327052516664
635.0 3.770783847980997 0.0010858327052516664
636.0 3.776722090261283 0.0010858327052516664
637.0 3.7826603325415675 0.0010858327052516664
638.0 3.7885985748218527 0.0010858327052516664
639.0 3.794536817102138 0.0010858327052516664
640.0 3.800475059382423 0.0010858327052516664
641.0 3.8064133016627077 0.0010858327052516664
642.0 3.8123515439429934 0.0010858327052516664
643.0 3.818289786223278 0.0010858327052516664
644.0 3.824228028503563 0.0010858327052516664
645.0 3.8301662707838475 0.0010858327052516664
646.0 3.836104513064133 0.0010858327052516664
647.0 3.842042755344418 0.0010858327052516664
648.0 3.8479809976247026 0.0010858327052516664
649.0 3.853919239904988 0.0010858327052516664
650.0 3.859857482185273 0.0010858327052516664
651.0 3.865795724465558 0.0010858327052516664
652.0 3.8717339667458432 0.0010858327052516664
653.0 3.8776722090261284 0.0010858327052516664
654.0 3.883610451306413 0.0010858327052516664
655.0 3.8895486935866987 0.0010858327052516664
656.0 3.8954869358669835 0.0010858327052516664
657.0 3.901425178147268 0.0010858327052516664
658.0 3.907363420427554 0.0010858327052516664
659.0 3.9133016627078385 0.0010858327052516664
660.0 3.9192399049881232 0.0010858327052516664
661.0 3.925178147268408 0.0010858327052516664
662.0 3.9311163895486936 0.0010858327052516664
663.0 3.9370546318289783 0.0010858327052516664
664.0 3.9429928741092635 0.0010858327052516664
665.0 3.9489311163895486 0.0010858327052516664
666.0 3.954869358669834 0.0010858327052516664
667.0 3.9608076009501185 0.0010858327052516664
668.0 3.966745843230404 0.0010858327052516664
669.0 3.972684085510689 0.0010858327052516664
670.0 3.9786223277909736 0.0010858327052516664
671.0 3.984560570071259 0.0010858327052516664
672.0 3.990498812351544 0.0010858327052516664
673.0 3.9964370546318286 0.0010858327052516664
674.0 4.002375296912114 0.0010858327052516664
675.0 4.008313539192399 0.0010858327052516664
676.0 4.014251781472684 0.0010858327052516664
677.0 4.02019002375297 0.0010858327052516664
678.0 4.026128266033254 0.0010858327052516664
679.0 4.032066508313539 0.0010858327052516664
680.0 4.0380047505938235 0.0010858327052516664
681.0 4.0439429928741095 0.0010858327052516664
682.0 4.049881235154394 0.0010858327052516664
683.0 4.055819477434679 0.0010858327052516664
684.0 4.061757719714964 0.0010858327052516664
685.0 4.067695961995249 0.0010858327052516664
686.0 4.0736342042755345 0.0010858327052516664
687.0 4.07957244655582 0.0010858327052516664
688.0 4.085510688836105 0.0010858327052516664
689.0 4.091448931116389 0.0010858327052516664
690.0 4.097387173396675 0.0010858327052516664
691.0 4.103325415676959 0.0010858327052516664
692.0 4.109263657957245 0.0010858327052516664
693.0 4.11520190023753 0.0010858327052516664
694.0 4.121140142517815 0.0010858327052516664
695.0 4.127078384798099 0.0010858327052516664
696.0 4.133016627078385 0.0010858327052516664
697.0 4.1389548693586695 0.0010858327052516664
698.0 4.144893111638955 0.0010858327052516664
699.0 4.15083135391924 0.0010858327052516664
700.0 4.156769596199525 0.0010858327052516664
701.0 4.16270783847981 0.0010858327052516664
702.0 4.1686460807600945 0.0010858327052516664
703.0 4.1745843230403805 0.0010858327052516664
704.0 4.180522565320665 0.0010858327052516664
705.0 4.18646080760095 0.0010858327052516664
706.0 4.192399049881235 0.0010858327052516664
707.0 4.19833729216152 0.0010858327052516664
708.0 4.204275534441805 0.0010858327052516664
709.0 4.210213776722091 0.0010858327052516664
710.0 4.216152019002375 0.0010858327052516664
711.0 4.22209026128266 0.0010858327052516664
712.0 4.228028503562945 0.0010858327052516664
713.0 4.23396674584323 0.0010858327052516664
714.0 4.239904988123516 0.0010858327052516664
715.0 4.245843230403801 0.0010858327052516664
716.0 4.251781472684086 0.0010858327052516664
717.0 4.25771971496437 0.0010858327052516664
718.0 4.263657957244655 0.0010858327052516664
719.0 4.2695961995249405 0.0010858327052516664
720.0 4.275534441805226 0.0010858327052516664
721.0 4.28147268408551 0.0010858327052516664
722.0 4.287410926365796 0.0010858327052516664
723.0 4.29334916864608 0.0010858327052516664
724.0 4.2992874109263655 0.0010858327052516664
725.0 4.305225653206651 0.0010858327052516664
726.0 4.311163895486936 0.0010858327052516664
727.0 4.317102137767221 0.0010858327052516664
728.0 4.323040380047506 0.0010858327052516664
729.0 4.328978622327791 0.0010858327052516664
730.0 4.334916864608076 0.0010858327052516664
731.0 4.340855106888362 0.0010858327052516664
732.0 4.346793349168646 0.0010858327052516664
733.0 4.352731591448931 0.0010858327052516664
734.0 4.358669833729216 0.0010858327052516664
735.0 4.364608076009501 0.0010858327052516664
736.0 4.370546318289786 0.0010858327052516664
737.0 4.376484560570071 0.0010858327052516664
738.0 4.382422802850356 0.0010858327052516664
739.0 4.388361045130641 0.0010858327052516664
740.0 4.394299287410926 0.0010858327052516664
741.0 4.4002375296912115 0.0010858327052516664
742.0 4.406175771971497 0.0010858327052516664
743.0 4.412114014251781 0.0010858327052516664
744.0 4.418052256532067 0.0010858327052516664
745.0 4.423990498812351 0.0010858327052516664
746.0 4.4299287410926365 0.0010858327052516664
747.0 4.435866983372922 0.0010858327052516664
748.0 4.441805225653207 0.0010858327052516664
749.0 4.447743467933491 0.0010858327052516664
750.0 4.453681710213777 0.0010858327052516664
751.0 4.459619952494061 0.0010858327052516664
752.0 4.465558194774347 0.0010858327052516664
753.0 4.471496437054632 0.0010858327052516664
754.0 4.477434679334917 0.0010858327052516664
755.0 4.483372921615202 0.0010858327052516664
756.0 4.489311163895486 0.0010858327052516664
757.0 4.495249406175772 0.0010858327052516664
758.0 4.501187648456057 0.0010858327052516664
759.0 4.507125890736342 0.0010858327052516664
760.0 4.513064133016627 0.0010858327052516664
761.0 4.519002375296912 0.0010858327052516664
762.0 4.5249406175771965 0.0010858327052516664
763.0 4.5308788598574825 0.0010858327052516664
764.0 4.536817102137767 0.0010858327052516664
765.0 4.542755344418052 0.0010858327052516664
766.0 4.548693586698337 0.0010858327052516664
767.0 4.554631828978622 0.0010858327052516664
768.0 4.5605700712589075 0.0010858327052516664
769.0 4.566508313539193 0.0010858327052516664
770.0 4.572446555819478 0.0010858327052516664
771.0 4.578384798099762 0.0010858327052516664
772.0 4.584323040380048 0.0010858327052516664
773.0 4.590261282660332 0.0010858327052516664
774.0 4.596199524940618 0.0010858327052516664
775.0 4.602137767220902 0.0010858327052516664
776.0 4.608076009501188 0.0010858327052516664
777.0 4.614014251781472 0.0010858327052516664
778.0 4.619952494061757 0.0010858327052516664
779.0 4.6258907363420425 0.0010858327052516664
780.0 4.631828978622328 0.0010858327052516664
781.0 4.637767220902613 0.0010858327052516664
782.0 4.643705463182898 0.0010858327052516664
783.0 4.649643705463183 0.0010858327052516664
784.0 4.6555819477434675 0.0010858327052516664
785.0 4.6615201900237535 0.0010858327052516664
786.0 4.667458432304038 0.0010858327052516664
787.0 4.673396674584323 0.0010858327052516664
788.0 4.679334916864608 0.0010858327052516664
789.0 4.685273159144893 0.0010858327052516664
790.0 4.691211401425178 0.0010858327052516664
791.0 4.697149643705464 0.0010858327052516664
792.0 4.703087885985748 0.0010858327052516664
793.0 4.709026128266033 0.0010858327052516664
794.0 4.714964370546318 0.0010858327052516664
795.0 4.720902612826603 0.0010858327052516664
796.0 4.726840855106889 0.0010858327052516664
797.0 4.732779097387173 0.0010858327052516664
798.0 4.738717339667459 0.0010858327052516664
799.0 4.744655581947743 0.0010858327052516664
800.0 4.750593824228028 0.0010858327052516664
801.0 4.7565320665083135 0.0010858327052516664
802.0 4.762470308788599 0.0010858327052516664
803.0 4.768408551068883 0.0010858327052516664
804.0 4.774346793349169 0.0010858327052516664
805.0 4.780285035629453 0.0010858327052516664
806.0 4.7862232779097384 0.0010858327052516664
807.0 4.792161520190024 0.0010858327052516664
808.0 4.798099762470309 0.0010858327052516664
809.0 4.804038004750594 0.0010858327052516664
810.0 4.809976247030878 0.0010858327052516664
811.0 4.815914489311164 0.0010858327052516664
812.0 4.821852731591449 0.0010858327052516664
813.0 4.827790973871734 0.0010858327052516664
814.0 4.833729216152019 0.0010858327052516664
815.0 4.839667458432304 0.0010858327052516664
816.0 4.845605700712589 0.0010858327052516664
817.0 4.851543942992874 0.0010858327052516664
818.0 4.85748218527316 0.0010858327052516664
819.0 4.863420427553444 0.0010858327052516664
820.0 4.86935866983373 0.0010858327052516664
821.0 4.875296912114014 0.0010858327052516664
822.0 4.881235154394299 0.0010858327052516664
823.0 4.8871733966745845 0.0010858327052516664
824.0 4.89311163895487 0.0010858327052516664
825.0 4.899049881235154 0.0010858327052516664
826.0 4.90498812351544 0.0010858327052516664
827.0 4.910926365795724 0.0010858327052516664
828.0 4.9168646080760094 0.0010858327052516664
829.0 4.922802850356295 0.0010858327052516664
830.0 4.92874109263658 0.0010858327052516664
831.0 4.934679334916865 0.0010858327052516664
832.0 4.940617577197149 0.0010858327052516664
833.0 4.946555819477435 0.0010858327052516664
834.0 4.95249406175772 0.0010858327052516664
835.0 4.958432304038005 0.0010858327052516664
836.0 4.96437054631829 0.0010858327052516664
837.0 4.970308788598575 0.0010858327052516664
838.0 4.976247030878859 0.0010858327052516664
839.0 4.982185273159145 0.0010858327052516664
840.0 4.98812351543943 0.0010858327052516664
841.0 4.994061757719715 0.0010858327052516664
842.0 5.0 0.0010858327052516664
843.0 5.005938242280285 0.0010858327052516664
844.0 5.01187648456057 0.0010858327052516664
845.0 5.0178147268408555 0.0010858327052516664
846.0 5.023752969121141 0.0010858327052516664
847.0 5.029691211401425 0.0010858327052516664
848.0 5.03562945368171 0.0010858327052516664
849.0 5.041567695961995 0.0010858327052516664
850.0 5.04750593824228 0.0010858327052516664
851.0 5.053444180522565 0.0010858327052516664
852.0 5.059382422802851 0.0010858327052516664
853.0 5.065320665083135 0.0010858327052516664
854.0 5.07125890736342 0.0010858327052516664
855.0 5.077197149643705 0.0010858327052516664
856.0 5.0831353919239906 0.0010858327052516664
857.0 5.089073634204276 0.0010858327052516664
858.0 5.095011876484561 0.0010858327052516664
859.0 5.100950118764846 0.0010858327052516664
860.0 5.10688836104513 0.0010858327052516664
861.0 5.112826603325416 0.0010858327052516664
862.0 5.118764845605701 0.0010858327052516664
863.0 5.124703087885986 0.0010858327052516664
864.0 5.130641330166271 0.0010858327052516664
865.0 5.136579572446556 0.0010858327052516664
866.0 5.14251781472684 0.0010858327052516664
867.0 5.148456057007126 0.0010858327052516664
868.0 5.154394299287411 0.0010858327052516664
869.0 5.160332541567696 0.0010858327052516664
870.0 5.166270783847981 0.0010858327052516664
871.0 5.172209026128266 0.0010858327052516664
872.0 5.178147268408551 0.0010858327052516664
873.0 5.184085510688836 0.0010858327052516664
874.0 5.190023752969122 0.0010858327052516664
875.0 5.195961995249406 0.0010858327052516664
876.0 5.201900237529691 0.0010858327052516664
877.0 5.207838479809976 0.0010858327052516664
878.0 5.2137767220902616 0.0010858327052516664
879.0 5.219714964370546 0.0010858327052516664
880.0 5.225653206650832 0.0010858327052516664
881.0 5.231591448931116 0.0010858327052516664
882.0 5.237529691211401 0.0010858327052516664
883.0 5.2434679334916865 0.0010858327052516664
884.0 5.249406175771972 0.0010858327052516664
885.0 5.255344418052257 0.0010858327052516664
886.0 5.261282660332541 0.0010858327052516664
887.0 5.267220902612827 0.0010858327052516664
888.0 5.273159144893111 0.0010858327052516664
889.0 5.279097387173397 0.0010858327052516664
890.0 5.285035629453682 0.0010858327052516664
891.0 5.290973871733967 0.0010858327052516664
892.0 5.296912114014251 0.0010858327052516664
893.0 5.302850356294537 0.0010858327052516664
894.0 5.3087885985748215 0.0010858327052516664
895.0 5.314726840855107 0.0010858327052516664
896.0 5.320665083135392 0.0010858327052516664
897.0 5.326603325415677 0.0010858327052516664
898.0 5.332541567695962 0.0010858327052516664
899.0 5.338479809976247 0.0010858327052516664
900.0 5.3444180522565325 0.0010858327052516664
901.0 5.350356294536817 0.0010858327052516664
902.0 5.356294536817103 0.0010858327052516664
903.0 5.362232779097387 0.0010858327052516664
904.0 5.368171021377672 0.0010858327052516664
905.0 5.374109263657957 0.0010858327052516664
906.0 5.380047505938243 0.0010858327052516664
907.0 5.385985748218527 0.0010858327052516664
908.0 5.391923990498812 0.0010858327052516664
909.0 5.397862232779097 0.0010858327052516664
910.0 5.403800475059382 0.0010858327052516664
911.0 5.409738717339668 0.0010858327052516664
912.0 5.415676959619953 0.0010858327052516664
913.0 5.421615201900238 0.0010858327052516664
914.0 5.427553444180522 0.0010858327052516664
915.0 5.433491686460808 0.0010858327052516664
916.0 5.4394299287410925 0.0010858327052516664
917.0 5.445368171021378 0.0010858327052516664
918.0 5.451306413301663 0.0010858327052516664
919.0 5.457244655581948 0.0010858327052516664
920.0 5.463182897862232 0.0010858327052516664
921.0 5.469121140142518 0.0010858327052516664
922.0 5.475059382422803 0.0010858327052516664
923.0 5.480997624703088 0.0010858327052516664
924.0 5.486935866983373 0.0010858327052516664
925.0 5.492874109263658 0.0010858327052516664
926.0 5.498812351543943 0.0010858327052516664
927.0 5.504750593824228 0.0010858327052516664
928.0 5.510688836104514 0.0010858327052516664
929.0 5.516627078384798 0.0010858327052516664
930.0 5.522565320665083 0.0010858327052516664
931.0 5.528503562945368 0.0010858327052516664
932.0 5.534441805225653 0.0010858327052516664
933.0 5.540380047505938 0.0010858327052516664
934.0 5.546318289786224 0.0010858327052516664
935.0 5.552256532066508 0.0010858327052516664
936.0 5.558194774346793 0.0010858327052516664
937.0 5.564133016627078 0.0010858327052516664
938.0 5.5700712589073635 0.0010858327052516664
939.0 5.576009501187649 0.0010858327052516664
940.0 5.581947743467934 0.0010858327052516664
941.0 5.587885985748219 0.0010858327052516664
942.0 5.593824228028503 0.0010858327052516664
943.0 5.5997624703087885 0.0010858327052516664
944.0 5.605700712589074 0.0010858327052516664
945.0 5.611638954869359 0.0010858327052516664
946.0 5.617577197149643 0.0010858327052516664
947.0 5.623515439429929 0.0010858327052516664
948.0 5.629453681710213 0.0010858327052516664
949.0 5.635391923990499 0.0010858327052516664
950.0 5.641330166270784 0.0010858327052516664
951.0 5.647268408551069 0.0010858327052516664
952.0 5.653206650831354 0.0010858327052516664
953.0 5.659144893111639 0.0010858327052516664
954.0 5.665083135391924 0.0010858327052516664
955.0 5.671021377672209 0.0010858327052516664
956.0 5.676959619952495 0.0010858327052516664
957.0 5.682897862232779 0.0010858327052516664
958.0 5.688836104513064 0.0010858327052516664
959.0 5.6947743467933485 0.0010858327052516664
960.0 5.7007125890736345 0.0010858327052516664
961.0 5.706650831353919 0.0010858327052516664
962.0 5.712589073634204 0.0010858327052516664
963.0 5.718527315914489 0.0010858327052516664
964.0 5.724465558194774 0.0010858327052516664
965.0 5.7304038004750595 0.0010858327052516664
966.0 5.736342042755345 0.0010858327052516664
967.0 5.74228028503563 0.0010858327052516664
968.0 5.748218527315914 0.0010858327052516664
969.0 5.7541567695962 0.0010858327052516664
970.0 5.760095011876484 0.0010858327052516664
971.0 5.76603325415677 0.0010858327052516664
972.0 5.771971496437055 0.0010858327052516664
973.0 5.77790973871734 0.0010858327052516664
974.0 5.783847980997624 0.0010858327052516664
975.0 5.78978622327791 0.0010858327052516664
976.0 5.7957244655581945 0.0010858327052516664
977.0 5.80166270783848 0.0010858327052516664
978.0 5.807600950118765 0.0010858327052516664
979.0 5.81353919239905 0.0010858327052516664
980.0 5.819477434679335 0.0010858327052516664
981.0 5.8254156769596195 0.0010858327052516664
982.0 5.8313539192399055 0.0010858327052516664
983.0 5.83729216152019 0.0010858327052516664
984.0 5.843230403800475 0.0010858327052516664
985.0 5.84916864608076 0.0010858327052516664
986.0 5.855106888361045 0.0010858327052516664
987.0 5.86104513064133 0.0010858327052516664
988.0 5.866983372921616 0.0010858327052516664
989.0 5.8729216152019 0.0010858327052516664
990.0 5.878859857482185 0.0010858327052516664
991.0 5.88479809976247 0.0010858327052516664
992.0 5.890736342042755 0.0010858327052516664
993.0 5.896674584323041 0.0010858327052516664
994.0 5.902612826603326 0.0010858327052516664
995.0 5.908551068883611 0.0010858327052516664
996.0 5.914489311163895 0.0010858327052516664
997.0 5.92042755344418 0.0010858327052516664
998.0 5.9263657957244655 0.0010858327052516664
999.0 5.932304038004751 0.0010858327052516664
1000.0 5.938242280285035 0.0010858327052516664
1001.0 5.944180522565321 0.0010858327052516664
1002.0 5.950118764845605 0.0010858327052516664
1003.0 5.9560570071258905 0.0010858327052516664
1004.0 5.961995249406176 0.0010858327052516664
1005.0 5.967933491686461 0.0010858327052516664
1006.0 5.973871733966746 0.0010858327052516664
1007.0 5.979809976247031 0.0010858327052516664
1008.0 5.985748218527316 0.0010858327052516664
1009.0 5.991686460807601 0.0010858327052516664
1010.0 5.997624703087887 0.0010858327052516664
1011.0 6.003562945368171 0.0010858327052516664
1012.0 6.009501187648456 0.0010858327052516664
1013.0 6.015439429928741 0.0010858327052516664
1014.0 6.021377672209026 0.0010858327052516664
1015.0 6.027315914489311 0.0010858327052516664
1016.0 6.033254156769596 0.0010858327052516664
1017.0 6.039192399049881 0.0010858327052516664
1018.0 6.045130641330166 0.0010858327052516664
1019.0 6.051068883610451 0.0010858327052516664
1020.0 6.0570071258907365 0.0010858327052516664
1021.0 6.062945368171022 0.0010858327052516664
1022.0 6.068883610451306 0.0010858327052516664
1023.0 6.074821852731592 0.0010858327052516664
1024.0 6.080760095011876 0.0010858327052516664
1025.0 6.0866983372921615 0.0010858327052516664
1026.0 6.092636579572447 0.0010858327052516664
1027.0 6.098574821852732 0.0010858327052516664
1028.0 6.104513064133016 0.0010858327052516664
1029.0 6.110451306413302 0.0010858327052516664
1030.0 6.116389548693586 0.0010858327052516664
1031.0 6.122327790973872 0.0010858327052516664
1032.0 6.128266033254157 0.0010858327052516664
1033.0 6.134204275534442 0.0010858327052516664
1034.0 6.140142517814727 0.0010858327052516664
1035.0 6.146080760095011 0.0010858327052516664
1036.0 6.152019002375297 0.0010858327052516664
1037.0 6.157957244655582 0.0010858327052516664
1038.0 6.163895486935867 0.0010858327052516664
1039.0 6.169833729216152 0.0010858327052516664
1040.0 6.175771971496437 0.0010858327052516664
1041.0 6.1817102137767215 0.0010858327052516664
1042.0 6.1876484560570075 0.0010858327052516664
1043.0 6.193586698337292 0.0010858327052516664
1044.0 6.199524940617577 0.0010858327052516664
1045.0 6.205463182897862 0.0010858327052516664
1046.0 6.211401425178147 0.0010858327052516664
1047.0 6.2173396674584325 0.0010858327052516664
1048.0 6.223277909738718 0.0010858327052516664
1049.0 6.229216152019003 0.0010858327052516664
1050.0 6.235154394299287 0.0010858327052516664
1051.0 6.241092636579573 0.0010858327052516664
1052.0 6.247030878859857 0.0010858327052516664
1053.0 6.252969121140143 0.0010858327052516664
1054.0 6.258907363420427 0.0010858327052516664
1055.0 6.264845605700713 0.0010858327052516664
1056.0 6.270783847980997 0.0010858327052516664
1057.0 6.276722090261282 0.0010858327052516664
1058.0 6.2826603325415675 0.0010858327052516664
1059.0 6.288598574821853 0.0010858327052516664
1060.0 6.294536817102138 0.0010858327052516664
1061.0 6.300475059382423 0.0010858327052516664
1062.0 6.306413301662708 0.0010858327052516664
1063.0 6.3123515439429925 0.0010858327052516664
1064.0 6.3182897862232785 0.0010858327052516664
1065.0 6.324228028503563 0.0010858327052516664
1066.0 6.330166270783848 0.0010858327052516664
1067.0 6.336104513064133 0.0010858327052516664
1068.0 6.342042755344418 0.0010858327052516664
1069.0 6.347980997624703 0.0010858327052516664
1070.0 6.353919239904989 0.0010858327052516664
1071.0 6.359857482185273 0.0010858327052516664
1072.0 6.365795724465558 0.0010858327052516664
1073.0 6.371733966745843 0.0010858327052516664
1074.0 6.377672209026128 0.0010858327052516664
1075.0 6.383610451306414 0.0010858327052516664
1076.0 6.389548693586698 0.0010858327052516664
1077.0 6.395486935866984 0.0010858327052516664
1078.0 6.401425178147268 0.0010858327052516664
1079.0 6.407363420427554 0.0010858327052516664
1080.0 6.413301662707838 0.0010858327052516664
1081.0 6.419239904988124 0.0010858327052516664
1082.0 6.425178147268409 0.0010858327052516664
1083.0 6.431116389548693 0.0010858327052516664
1084.0 6.437054631828978 0.0010858327052516664
1085.0 6.442992874109264 0.0010858327052516664
1086.0 6.448931116389549 0.0010858327052516664
1087.0 6.454869358669834 0.0010858327052516664
1088.0 6.460807600950119 0.0010858327052516664
1089.0 6.466745843230403 0.0010858327052516664
1090.0 6.472684085510689 0.0010858327052516664
1091.0 6.4786223277909745 0.0010858327052516664
1092.0 6.484560570071259 0.0010858327052516664
1093.0 6.490498812351544 0.0010858327052516664
1094.0 6.49643705463183 0.0010858327052516664
1095.0 6.502375296912113 0.0010858327052516664
1096.0 6.508313539192399 0.0010858327052516664
1097.0 6.514251781472685 0.0010858327052516664
1098.0 6.520190023752969 0.0010858327052516664
1099.0 6.526128266033254 0.0010858327052516664
1100.0 6.532066508313538 0.0010858327052516664
1101.0 6.538004750593824 0.0010858327052516664
1102.0 6.5439429928741095 0.0010858327052516664
1103.0 6.549881235154394 0.0010858327052516664
1104.0 6.555819477434679 0.0010858327052516664
1105.0 6.561757719714965 0.0010858327052516664
1106.0 6.567695961995248 0.0010858327052516664
1107.0 6.5736342042755345 0.0010858327052516664
1108.0 6.57957244655582 0.0010858327052516664
1109.0 6.585510688836104 0.0010858327052516664
1110.0 6.591448931116389 0.0005429163526258332
1111.0 6.597387173396675 0.0005429163526258332
1112.0 6.603325415676959 0.0005429163526258332
1113.0 6.609263657957245 0.0005429163526258332
1114.0 6.61520190023753 0.0005429163526258332
1115.0 6.621140142517814 0.0005429163526258332
1116.0 6.6270783847981 0.0005429163526258332
1117.0 6.633016627078385 0.0005429163526258332
1118.0 6.6389548693586695 0.0005429163526258332
1119.0 6.644893111638955 0.0005429163526258332
1120.0 6.650831353919241 0.0010858327052516664
1121.0 6.656769596199524 0.0010858327052516664
1122.0 6.66270783847981 0.0010858327052516664
1123.0 6.668646080760095 0.0010858327052516664
1124.0 6.67458432304038 0.0010858327052516664
1125.0 6.680522565320665 0.0010858327052516664
1126.0 6.686460807600951 0.0010858327052516664
1127.0 6.692399049881235 0.0010858327052516664
1128.0 6.69833729216152 0.0005429163526258332
1129.0 6.7042755344418055 0.0005429163526258332
1130.0 6.71021377672209 0.0010858327052516664
1131.0 6.716152019002376 0.0010858327052516664
1132.0 6.722090261282661 0.0010858327052516664
1133.0 6.728028503562945 0.0005429163526258332
1134.0 6.73396674584323 0.0005429163526258332
1135.0 6.7399049881235165 0.0005429163526258332
1136.0 6.7458432304038 0.0010858327052516664
1137.0 6.751781472684086 0.0010858327052516664
1138.0 6.75771971496437 0.0010858327052516664
1139.0 6.763657957244655 0.0010858327052516664
1140.0 6.7695961995249405 0.0010858327052516664
1141.0 6.775534441805225 0.0010858327052516664
1142.0 6.781472684085511 0.0010858327052516664
1143.0 6.787410926365796 0.0005429163526258332
1144.0 6.79334916864608 0.0010858327052516664
1145.0 6.7992874109263655 0.0010858327052516664
1146.0 6.8052256532066515 0.0010858327052516664
1147.0 6.811163895486935 0.0010858327052516664
1148.0 6.817102137767221 0.0010858327052516664
1149.0 6.823040380047506 0.0010858327052516664
1150.0 6.82897862232779 0.0010858327052516664
1151.0 6.834916864608076 0.0010858327052516664
1152.0 6.840855106888362 0.0010858327052516664
1153.0 6.846793349168646 0.0010858327052516664
1154.0 6.852731591448931 0.0010858327052516664
1155.0 6.858669833729216 0.0010858327052516664
1156.0 6.8646080760095005 0.0010858327052516664
1157.0 6.870546318289787 0.0010858327052516664
1158.0 6.876484560570072 0.0010858327052516664
1159.0 6.882422802850356 0.0010858327052516664
1160.0 6.888361045130641 0.0010858327052516664
1161.0 6.894299287410927 0.0010858327052516664
1162.0 6.900237529691211 0.0005429163526258332
1163.0 6.906175771971497 0.0005429163526258332
1164.0 6.912114014251782 0.0005429163526258332
1165.0 6.918052256532066 0.0010858327052516664
1166.0 6.923990498812351 0.0005429163526258332
1167.0 6.929928741092637 0.0005429163526258332
1168.0 6.935866983372922 0.0005429163526258332
1169.0 6.941805225653207 0.0010858327052516664
1170.0 6.947743467933492 0.0010858327052516664
1171.0 6.953681710213776 0.0005429163526258332
1172.0 6.959619952494062 0.0005429163526258332
1173.0 6.965558194774346 0.0005429163526258332
1174.0 6.971496437054632 0.0005429163526258332
1175.0 6.977434679334917 0.0005429163526258332
1176.0 6.983372921615201 0.0005429163526258332
1177.0 6.989311163895486 0.0005429163526258332
1178.0 6.995249406175772 0.0005429163526258332
1179.0 7.001187648456057 0.0005429163526258332
1180.0 7.007125890736342 0.0005429163526258332
1181.0 7.013064133016627 0.0005429163526258332
1182.0 7.019002375296911 0.0005429163526258332
1183.0 7.024940617577197 0.0005429163526258332
1184.0 7.0308788598574825 0.0005429163526258332
1185.0 7.036817102137767 0.0005429163526258332
1186.0 7.042755344418052 0.0005429163526258332
1187.0 7.048693586698338 0.0005429163526258332
1188.0 7.054631828978621 0.0005429163526258332
1189.0 7.0605700712589075 0.0005429163526258332
1190.0 7.066508313539193 0.0005429163526258332
1191.0 7.072446555819477 0.0005429163526258332
1192.0 7.078384798099762 0.0005429163526258332
1193.0 7.084323040380048 0.0005429163526258332
1194.0 7.090261282660332 0.0005429163526258332
1195.0 7.096199524940618 0.0005429163526258332
1196.0 7.102137767220903 0.0005429163526258332
1197.0 7.108076009501187 0.0005429163526258332
1198.0 7.114014251781473 0.0005429163526258332
1199.0 7.119952494061758 0.0005429163526258332
1200.0 7.1258907363420425 0.0005429163526258332
1201.0 7.131828978622328 0.0005429163526258332
1202.0 7.137767220902614 0.0005429163526258332
1203.0 7.143705463182897 0.0005429163526258332
1204.0 7.149643705463183 0.0005429163526258332
1205.0 7.155581947743468 0.0005429163526258332
1206.0 7.161520190023753 0.0005429163526258332
1207.0 7.167458432304038 0.0005429163526258332
1208.0 7.173396674584324 0.0005429163526258332
1209.0 7.179334916864608 0.0005429163526258332
1210.0 7.185273159144893 0.0005429163526258332
1211.0 7.191211401425178 0.0005429163526258332
1212.0 7.197149643705463 0.0005429163526258332
1213.0 7.203087885985749 0.0005429163526258332
1214.0 7.209026128266032 0.0005429163526258332
1215.0 7.214964370546318 0.0005429163526258332
1216.0 7.220902612826603 0.0005429163526258332
1217.0 7.226840855106888 0.0005429163526258332
1218.0 7.232779097387173 0.0005429163526258332
1219.0 7.238717339667459 0.0005429163526258332
1220.0 7.244655581947743 0.0005429163526258332
1221.0 7.250593824228028 0.0005429163526258332
1222.0 7.2565320665083135 0.0005429163526258332
1223.0 7.262470308788598 0.0005429163526258332
1224.0 7.268408551068884 0.0005429163526258332
1225.0 7.274346793349169 0.0005429163526258332
1226.0 7.280285035629453 0.0005429163526258332
1227.0 7.2862232779097384 0.0005429163526258332
1228.0 7.2921615201900245 0.0005429163526258332
1229.0 7.298099762470308 0.0005429163526258332
1230.0 7.304038004750594 0.0005429163526258332
1231.0 7.309976247030879 0.0005429163526258332
1232.0 7.315914489311163 0.0005429163526258332
1233.0 7.321852731591449 0.0005429163526258332
1234.0 7.327790973871735 0.0005429163526258332
1235.0 7.333729216152019 0.0005429163526258332
1236.0 7.339667458432304 0.0005429163526258332
1237.0 7.345605700712589 0.0005429163526258332
1238.0 7.3515439429928735 0.0005429163526258332
1239.0 7.35748218527316 0.0005429163526258332
1240.0 7.363420427553445 0.0005429163526258332
1241.0 7.369358669833729 0.0005429163526258332
1242.0 7.375296912114014 0.0005429163526258332
1243.0 7.3812351543943 0.0005429163526258332
1244.0 7.387173396674584 0.0005429163526258332
1245.0 7.39311163895487 0.0005429163526258332
1246.0 7.399049881235155 0.0005429163526258332
1247.0 7.404988123515439 0.0005429163526258332
1248.0 7.410926365795724 0.0005429163526258332
1249.0 7.416864608076009 0.0005429163526258332
1250.0 7.422802850356295 0.0005429163526258332
1251.0 7.42874109263658 0.0005429163526258332
1252.0 7.434679334916864 0.0005429163526258332
1253.0 7.440617577197149 0.0005429163526258332
1254.0 7.446555819477435 0.0005429163526258332
1255.0 7.452494061757719 0.0005429163526258332
1256.0 7.458432304038005 0.0005429163526258332
1257.0 7.46437054631829 0.0005429163526258332
1258.0 7.470308788598574 0.0005429163526258332
1259.0 7.476247030878859 0.0005429163526258332
1260.0 7.482185273159145 0.0005429163526258332
1261.0 7.48812351543943 0.0005429163526258332
1262.0 7.494061757719715 0.0005429163526258332
1263.0 7.5 0.0005429163526258332
1264.0 7.505938242280284 0.0005429163526258332
1265.0 7.51187648456057 0.0005429163526258332
1266.0 7.5178147268408555 0.0005429163526258332
1267.0 7.52375296912114 0.0005429163526258332
1268.0 7.529691211401425 0.0005429163526258332
1269.0 7.535629453681711 0.0005429163526258332
1270.0 7.541567695961994 0.0005429163526258332
1271.0 7.54750593824228 0.0005429163526258332
1272.0 7.553444180522566 0.0005429163526258332
1273.0 7.55938242280285 0.0005429163526258332
1274.0 7.565320665083135 0.0005429163526258332
1275.0 7.571258907363421 0.0005429163526258332
1276.0 7.577197149643705 0.0005429163526258332
1277.0 7.5831353919239906 0.0005429163526258332
1278.0 7.589073634204276 0.0005429163526258332
1279.0 7.59501187648456 0.0005429163526258332
1280.0 7.600950118764846 0.0005429163526258332
1281.0 7.606888361045131 0.0005429163526258332
1282.0 7.6128266033254155 0.0005429163526258332
1283.0 7.618764845605701 0.0005429163526258332
1284.0 7.624703087885987 0.0005429163526258332
1285.0 7.63064133016627 0.0005429163526258332
1286.0 7.636579572446556 0.0005429163526258332
1287.0 7.64251781472684 0.0005429163526258332
1288.0 7.648456057007126 0.0005429163526258332
1289.0 7.654394299287411 0.0005429163526258332
1290.0 7.660332541567695 0.0005429163526258332
1291.0 7.666270783847981 0.0005429163526258332
1292.0 7.672209026128266 0.0005429163526258332
1293.0 7.6781472684085506 0.0005429163526258332
1294.0 7.684085510688836 0.0005429163526258332
1295.0 7.690023752969122 0.0005429163526258332
1296.0 7.695961995249405 0.0005429163526258332
1297.0 7.701900237529691 0.0005429163526258332
1298.0 7.707838479809976 0.0005429163526258332
1299.0 7.713776722090261 0.0005429163526258332
1300.0 7.719714964370546 0.0005429163526258332
1301.0 7.725653206650832 0.0005429163526258332
1302.0 7.731591448931116 0.0005429163526258332
1303.0 7.737529691211401 0.0005429163526258332
1304.0 7.7434679334916865 0.0005429163526258332
1305.0 7.749406175771971 0.0005429163526258332
1306.0 7.755344418052257 0.0005429163526258332
1307.0 7.761282660332542 0.0005429163526258332
1308.0 7.767220902612826 0.0005429163526258332
1309.0 7.773159144893111 0.0005429163526258332
1310.0 7.7790973871733975 0.0005429163526258332
1311.0 7.785035629453681 0.0005429163526258332
1312.0 7.790973871733967 0.0005429163526258332
1313.0 7.796912114014252 0.0005429163526258332
1314.0 7.802850356294536 0.0005429163526258332
1315.0 7.8087885985748215 0.0005429163526258332
1316.0 7.814726840855108 0.0005429163526258332
1317.0 7.820665083135392 0.0005429163526258332
1318.0 7.826603325415677 0.0005429163526258332
1319.0 7.832541567695962 0.0005429163526258332
1320.0 7.8384798099762465 0.0005429163526258332
1321.0 7.8444180522565325 0.0005429163526258332
1322.0 7.850356294536816 0.0005429163526258332
1323.0 7.856294536817102 0.0005429163526258332
1324.0 7.862232779097387 0.0005429163526258332
1325.0 7.868171021377671 0.0005429163526258332
1326.0 7.874109263657957 0.0005429163526258332
1327.0 7.880047505938243 0.0005429163526258332
1328.0 7.885985748218527 0.0005429163526258332
1329.0 7.891923990498812 0.0005429163526258332
1330.0 7.897862232779097 0.0005429163526258332
1331.0 7.9038004750593815 0.0005429163526258332
1332.0 7.909738717339668 0.0005429163526258332
1333.0 7.915676959619953 0.0005429163526258332
1334.0 7.921615201900237 0.0005429163526258332
1335.0 7.927553444180522 0.0005429163526258332
1336.0 7.933491686460808 0.0005429163526258332
1337.0 7.939429928741092 0.0005429163526258332
1338.0 7.945368171021378 0.0005429163526258332
1339.0 7.951306413301663 0.0005429163526258332
1340.0 7.957244655581947 0.0005429163526258332
1341.0 7.963182897862232 0.0005429163526258332
1342.0 7.969121140142518 0.0005429163526258332
1343.0 7.975059382422803 0.0005429163526258332
1344.0 7.980997624703088 0.0005429163526258332
1345.0 7.986935866983373 0.0005429163526258332
1346.0 7.992874109263657 0.0005429163526258332
1347.0 7.998812351543943 0.0005429163526258332
1348.0 8.004750593824228 0.0005429163526258332
1349.0 8.010688836104512 0.0005429163526258332
1350.0 8.016627078384799 0.0005429163526258332
1351.0 8.022565320665084 0.0005429163526258332
1352.0 8.028503562945367 0.0005429163526258332
1353.0 8.034441805225653 0.0005429163526258332
1354.0 8.04038004750594 0.0005429163526258332
1355.0 8.046318289786223 0.0005429163526258332
1356.0 8.052256532066508 0.0005429163526258332
1357.0 8.058194774346793 0.0005429163526258332
1358.0 8.064133016627078 0.0005429163526258332
1359.0 8.070071258907364 0.0005429163526258332
1360.0 8.076009501187647 0.0005429163526258332
1361.0 8.081947743467934 0.0005429163526258332
1362.0 8.087885985748219 0.0005429163526258332
1363.0 8.093824228028502 0.0005429163526258332
1364.0 8.099762470308788 0.0005429163526258332
1365.0 8.105700712589075 0.0005429163526258332
1366.0 8.111638954869358 0.0005429163526258332
1367.0 8.117577197149643 0.0005429163526258332
1368.0 8.123515439429928 0.0005429163526258332
1369.0 8.129453681710213 0.0005429163526258332
1370.0 8.135391923990499 0.0005429163526258332
1371.0 8.141330166270784 0.0005429163526258332
1372.0 8.147268408551069 0.0005429163526258332
1373.0 8.153206650831354 0.0005429163526258332
1374.0 8.15914489311164 0.0005429163526258332
1375.0 8.165083135391923 0.0005429163526258332
1376.0 8.17102137767221 0.0005429163526258332
1377.0 8.176959619952495 0.0005429163526258332
1378.0 8.182897862232778 0.0005429163526258332
1379.0 8.188836104513063 0.0005429163526258332
1380.0 8.19477434679335 0.0005429163526258332
1381.0 8.200712589073634 0.0005429163526258332
1382.0 8.206650831353919 0.0005429163526258332
1383.0 8.212589073634204 0.0005429163526258332
1384.0 8.21852731591449 0.0005429163526258332
1385.0 8.224465558194774 0.0005429163526258332
1386.0 8.23040380047506 0.0005429163526258332
1387.0 8.236342042755345 0.0005429163526258332
1388.0 8.24228028503563 0.0005429163526258332
1389.0 8.248218527315915 0.0005429163526258332
1390.0 8.254156769596198 0.0005429163526258332
1391.0 8.260095011876485 0.0005429163526258332
1392.0 8.26603325415677 0.0005429163526258332
1393.0 8.271971496437054 0.0005429163526258332
1394.0 8.277909738717339 0.0005429163526258332
1395.0 8.283847980997626 0.0005429163526258332
1396.0 8.28978622327791 0.0005429163526258332
1397.0 8.295724465558195 0.0005429163526258332
1398.0 8.30166270783848 0.0005429163526258332
1399.0 8.307600950118765 0.0005429163526258332
1400.0 8.31353919239905 0.0005429163526258332
1401.0 8.319477434679333 0.0005429163526258332
1402.0 8.32541567695962 0.0005429163526258332
1403.0 8.331353919239906 0.0005429163526258332
1404.0 8.337292161520189 0.0005429163526258332
1405.0 8.343230403800474 0.0005429163526258332
1406.0 8.349168646080761 0.0005429163526258332
1407.0 8.355106888361044 0.0005429163526258332
1408.0 8.36104513064133 0.0005429163526258332
1409.0 8.366983372921615 0.0005429163526258332
1410.0 8.3729216152019 0.0005429163526258332
1411.0 8.378859857482185 0.0005429163526258332
1412.0 8.38479809976247 0.0005429163526258332
1413.0 8.390736342042755 0.0005429163526258332
1414.0 8.39667458432304 0.0005429163526258332
1415.0 8.402612826603326 0.0005429163526258332
1416.0 8.40855106888361 0.0005429163526258332
1417.0 8.414489311163896 0.0005429163526258332
1418.0 8.420427553444181 0.0005429163526258332
1419.0 8.426365795724465 0.0005429163526258332
1420.0 8.43230403800475 0.0005429163526258332
1421.0 8.438242280285037 0.0005429163526258332
1422.0 8.44418052256532 0.0005429163526258332
1423.0 8.450118764845605 0.0005429163526258332
1424.0 8.45605700712589 0.0005429163526258332
1425.0 8.461995249406176 0.0005429163526258332
1426.0 8.46793349168646 0.0005429163526258332
1427.0 8.473871733966746 0.0005429163526258332
1428.0 8.479809976247031 0.0005429163526258332
1429.0 8.485748218527316 0.0005429163526258332
1430.0 8.491686460807601 0.0005429163526258332
1431.0 8.497624703087885 0.0005429163526258332
1432.0 8.503562945368172 0.0005429163526258332
1433.0 8.509501187648457 0.0005429163526258332
1434.0 8.51543942992874 0.0005429163526258332
1435.0 8.521377672209026 0.0005429163526258332
1436.0 8.52731591448931 0.0005429163526258332
1437.0 8.533254156769596 0.0005429163526258332
1438.0 8.539192399049881 0.0005429163526258332
1439.0 8.545130641330166 0.0005429163526258332
1440.0 8.551068883610451 0.0005429163526258332
1441.0 8.557007125890737 0.0005429163526258332
1442.0 8.56294536817102 0.0005429163526258332
1443.0 8.568883610451307 0.0005429163526258332
1444.0 8.574821852731592 0.0005429163526258332
1445.0 8.580760095011875 0.0005429163526258332
1446.0 8.58669833729216 0.0005429163526258332
1447.0 8.592636579572448 0.0005429163526258332
1448.0 8.598574821852731 0.0005429163526258332
1449.0 8.604513064133016 0.0005429163526258332
1450.0 8.610451306413301 0.0005429163526258332
1451.0 8.616389548693586 0.0005429163526258332
1452.0 8.622327790973872 0.0005429163526258332
1453.0 8.628266033254157 0.0005429163526258332
1454.0 8.634204275534442 0.0005429163526258332
1455.0 8.640142517814727 0.0005429163526258332
1456.0 8.646080760095012 0.0005429163526258332
1457.0 8.652019002375296 0.0005429163526258332
1458.0 8.657957244655583 0.0005429163526258332
1459.0 8.663895486935868 0.0005429163526258332
1460.0 8.669833729216151 0.0005429163526258332
1461.0 8.675771971496436 0.0005429163526258332
1462.0 8.681710213776723 0.0005429163526258332
1463.0 8.687648456057007 0.0005429163526258332
1464.0 8.693586698337292 0.0005429163526258332
1465.0 8.699524940617577 0.0005429163526258332
1466.0 8.705463182897862 0.0005429163526258332
1467.0 8.711401425178147 0.0005429163526258332
1468.0 8.717339667458432 0.0005429163526258332
1469.0 8.723277909738718 0.0005429163526258332
1470.0 8.729216152019003 0.0005429163526258332
1471.0 8.735154394299286 0.0005429163526258332
1472.0 8.741092636579571 0.0005429163526258332
1473.0 8.747030878859858 0.0005429163526258332
1474.0 8.752969121140142 0.0005429163526258332
1475.0 8.758907363420427 0.0005429163526258332
1476.0 8.764845605700712 0.0005429163526258332
1477.0 8.770783847980997 0.0005429163526258332
1478.0 8.776722090261282 0.0005429163526258332
1479.0 8.782660332541568 0.0005429163526258332
1480.0 8.788598574821853 0.0005429163526258332
1481.0 8.794536817102138 0.0005429163526258332
1482.0 8.800475059382423 0.0005429163526258332
1483.0 8.806413301662706 0.0005429163526258332
1484.0 8.812351543942993 0.0005429163526258332
1485.0 8.818289786223279 0.0005429163526258332
1486.0 8.824228028503562 0.0005429163526258332
1487.0 8.830166270783847 0.0005429163526258332
1488.0 8.836104513064134 0.0005429163526258332
1489.0 8.842042755344417 0.0005429163526258332
1490.0 8.847980997624703 0.0005429163526258332
1491.0 8.853919239904988 0.0005429163526258332
1492.0 8.859857482185273 0.0005429163526258332
1493.0 8.865795724465558 0.0005429163526258332
1494.0 8.871733966745843 0.0005429163526258332
1495.0 8.877672209026128 0.0005429163526258332
1496.0 8.883610451306414 0.0005429163526258332
1497.0 8.889548693586699 0.0005429163526258332
1498.0 8.895486935866982 0.0005429163526258332
1499.0 8.901425178147269 0.0005429163526258332
1500.0 8.907363420427554 0.0005429163526258332
1501.0 8.913301662707838 0.0005429163526258332
1502.0 8.919239904988123 0.0005429163526258332
1503.0 8.92517814726841 0.0005429163526258332
1504.0 8.931116389548693 0.0005429163526258332
1505.0 8.937054631828978 0.0005429163526258332
1506.0 8.942992874109263 0.0005429163526258332
1507.0 8.948931116389549 0.0005429163526258332
1508.0 8.954869358669834 0.0005429163526258332
1509.0 8.960807600950117 0.0005429163526258332
1510.0 8.966745843230404 0.0005429163526258332
1511.0 8.97268408551069 0.0005429163526258332
1512.0 8.978622327790973 0.0005429163526258332
1513.0 8.984560570071258 0.0005429163526258332
1514.0 8.990498812351545 0.0005429163526258332
1515.0 8.996437054631828 0.0005429163526258332
1516.0 9.002375296912113 0.0005429163526258332
1517.0 9.008313539192399 0.0005429163526258332
1518.0 9.014251781472684 0.0005429163526258332
1519.0 9.020190023752969 0.0005429163526258332
1520.0 9.026128266033254 0.0005429163526258332
1521.0 9.03206650831354 0.0005429163526258332
1522.0 9.038004750593824 0.0005429163526258332
1523.0 9.04394299287411 0.0005429163526258332
1524.0 9.049881235154393 0.0005429163526258332
1525.0 9.05581947743468 0.0005429163526258332
1526.0 9.061757719714965 0.0005429163526258332
1527.0 9.067695961995248 0.0005429163526258332
1528.0 9.073634204275534 0.0005429163526258332
1529.0 9.07957244655582 0.0005429163526258332
1530.0 9.085510688836104 0.0005429163526258332
1531.0 9.091448931116389 0.0005429163526258332
1532.0 9.097387173396674 0.0005429163526258332
1533.0 9.10332541567696 0.0005429163526258332
1534.0 9.109263657957245 0.0005429163526258332
1535.0 9.11520190023753 0.0005429163526258332
1536.0 9.121140142517815 0.0005429163526258332
1537.0 9.1270783847981 0.0005429163526258332
1538.0 9.133016627078385 0.0005429163526258332
1539.0 9.138954869358669 0.0005429163526258332
1540.0 9.144893111638956 0.0005429163526258332
1541.0 9.15083135391924 0.0005429163526258332
1542.0 9.156769596199524 0.0005429163526258332
1543.0 9.16270783847981 0.0005429163526258332
1544.0 9.168646080760096 0.0005429163526258332
1545.0 9.17458432304038 0.0005429163526258332
1546.0 9.180522565320665 0.0005429163526258332
1547.0 9.18646080760095 0.0005429163526258332
1548.0 9.192399049881235 0.0005429163526258332
1549.0 9.19833729216152 0.0005429163526258332
1550.0 9.204275534441804 0.0005429163526258332
1551.0 9.21021377672209 0.0005429163526258332
1552.0 9.216152019002376 0.0005429163526258332
1553.0 9.22209026128266 0.0005429163526258332
1554.0 9.228028503562944 0.0005429163526258332
1555.0 9.233966745843231 0.0005429163526258332
1556.0 9.239904988123515 0.0005429163526258332
1557.0 9.2458432304038 0.0005429163526258332
1558.0 9.251781472684085 0.0005429163526258332
1559.0 9.25771971496437 0.0005429163526258332
1560.0 9.263657957244655 0.0005429163526258332
1561.0 9.26959619952494 0.0005429163526258332
1562.0 9.275534441805226 0.0005429163526258332
1563.0 9.28147268408551 0.0005429163526258332
1564.0 9.287410926365796 0.0005429163526258332
1565.0 9.29334916864608 0.0005429163526258332
1566.0 9.299287410926366 0.0005429163526258332
1567.0 9.305225653206652 0.0005429163526258332
1568.0 9.311163895486935 0.0005429163526258332
1569.0 9.31710213776722 0.0005429163526258332
1570.0 9.323040380047507 0.0005429163526258332
1571.0 9.32897862232779 0.0005429163526258332
1572.0 9.334916864608076 0.0005429163526258332
1573.0 9.34085510688836 0.0005429163526258332
1574.0 9.346793349168646 0.0005429163526258332
1575.0 9.352731591448931 0.0005429163526258332
1576.0 9.358669833729216 0.0005429163526258332
1577.0 9.364608076009501 0.0005429163526258332
1578.0 9.370546318289787 0.0005429163526258332
1579.0 9.376484560570072 0.0005429163526258332
1580.0 9.382422802850355 0.0005429163526258332
1581.0 9.388361045130642 0.0005429163526258332
1582.0 9.394299287410927 0.0005429163526258332
1583.0 9.40023752969121 0.0005429163526258332
1584.0 9.406175771971496 0.0005429163526258332
1585.0 9.412114014251781 0.0005429163526258332
1586.0 9.418052256532066 0.0005429163526258332
1587.0 9.423990498812351 0.0005429163526258332
1588.0 9.429928741092636 0.0005429163526258332
1589.0 9.435866983372922 0.0005429163526258332
1590.0 9.441805225653207 0.0005429163526258332
1591.0 9.44774346793349 0.0005429163526258332
1592.0 9.453681710213777 0.0005429163526258332
1593.0 9.459619952494062 0.0005429163526258332
1594.0 9.465558194774346 0.0005429163526258332
1595.0 9.47149643705463 0.0005429163526258332
1596.0 9.477434679334918 0.0005429163526258332
1597.0 9.483372921615201 0.0005429163526258332
1598.0 9.489311163895486 0.0005429163526258332
1599.0 9.495249406175772 0.0005429163526258332
1600.0 9.501187648456057 0.0005429163526258332
1601.0 9.507125890736342 0.0005429163526258332
1602.0 9.513064133016627 0.0005429163526258332
1603.0 9.519002375296912 0.0005429163526258332
1604.0 9.524940617577197 0.0005429163526258332
1605.0 9.530878859857483 0.0005429163526258332
1606.0 9.536817102137766 0.0005429163526258332
1607.0 9.542755344418053 0.0005429163526258332
1608.0 9.548693586698338 0.0005429163526258332
1609.0 9.554631828978621 0.0005429163526258332
1610.0 9.560570071258907 0.0005429163526258332
1611.0 9.566508313539194 0.0005429163526258332
1612.0 9.572446555819477 0.0005429163526258332
1613.0 9.578384798099762 0.0005429163526258332
1614.0 9.584323040380047 0.0005429163526258332
1615.0 9.590261282660332 0.0005429163526258332
1616.0 9.596199524940618 0.0005429163526258332
1617.0 9.602137767220903 0.0005429163526258332
1618.0 9.608076009501188 0.0005429163526258332
1619.0 9.614014251781473 0.0005429163526258332
1620.0 9.619952494061756 0.0005429163526258332
1621.0 9.625890736342043 0.0005429163526258332
1622.0 9.631828978622329 0.0005429163526258332
1623.0 9.637767220902612 0.0005429163526258332
1624.0 9.643705463182897 0.0005429163526258332
1625.0 9.649643705463184 0.0005429163526258332
1626.0 9.655581947743467 0.0005429163526258332
1627.0 9.661520190023753 0.0005429163526258332
1628.0 9.667458432304038 0.0005429163526258332
1629.0 9.673396674584323 0.0005429163526258332
1630.0 9.679334916864608 0.0005429163526258332
1631.0 9.685273159144893 0.0005429163526258332
1632.0 9.691211401425178 0.0005429163526258332
1633.0 9.697149643705464 0.0005429163526258332
1634.0 9.703087885985749 0.0005429163526258332
1635.0 9.709026128266032 0.0005429163526258332
1636.0 9.71496437054632 0.0005429163526258332
1637.0 9.720902612826604 0.0005429163526258332
1638.0 9.726840855106888 0.0005429163526258332
1639.0 9.732779097387173 0.0005429163526258332
1640.0 9.73871733966746 0.0005429163526258332
1641.0 9.744655581947743 0.0005429163526258332
1642.0 9.750593824228028 0.0005429163526258332
1643.0 9.756532066508314 0.0005429163526258332
1644.0 9.762470308788599 0.0005429163526258332
1645.0 9.768408551068884 0.0005429163526258332
1646.0 9.774346793349169 0.0005429163526258332
1647.0 9.780285035629454 0.0005429163526258332
1648.0 9.78622327790974 0.0005429163526258332
1649.0 9.792161520190025 0.0005429163526258332
1650.0 9.798099762470308 0.0005429163526258332
1651.0 9.804038004750595 0.0005429163526258332
1652.0 9.80997624703088 0.0005429163526258332
1653.0 9.815914489311163 0.0005429163526258332
1654.0 9.821852731591449 0.0005429163526258332
1655.0 9.827790973871736 0.0005429163526258332
1656.0 9.833729216152019 0.0005429163526258332
1657.0 9.839667458432304 0.0005429163526258332
1658.0 9.84560570071259 0.0005429163526258332
1659.0 9.851543942992874 0.0005429163526258332
1660.0 9.85748218527316 0.0005429163526258332
1661.0 9.863420427553443 0.0005429163526258332
1662.0 9.86935866983373 0.0005429163526258332
1663.0 9.875296912114015 0.0005429163526258332
1664.0 9.881235154394298 0.0005429163526258332
1665.0 9.887173396674584 0.0005429163526258332
1666.0 9.89311163895487 0.0005429163526258332
1667.0 9.899049881235154 0.0005429163526258332
1668.0 9.90498812351544 0.0005429163526258332
1669.0 9.910926365795724 0.0005429163526258332
1670.0 9.91686460807601 0.0005429163526258332
1671.0 9.922802850356295 0.0005429163526258332
1672.0 9.92874109263658 0.0005429163526258332
1673.0 9.934679334916865 0.0005429163526258332
1674.0 9.94061757719715 0.0005429163526258332
1675.0 9.946555819477435 0.0005429163526258332
1676.0 9.952494061757719 0.0005429163526258332
1677.0 9.958432304038006 0.0005429163526258332
1678.0 9.96437054631829 0.0005429163526258332
1679.0 9.970308788598574 0.0005429163526258332
1680.0 9.97624703087886 0.0005429163526258332
1681.0 9.982185273159146 0.0005429163526258332
1682.0 9.98812351543943 0.0005429163526258332
1683.0 9.994061757719715 0.0005429163526258332
1684.0 10.0 0.0005429163526258332
