1.0 0.006218905472636816 0.11998451393029867
2.0 0.012437810945273632 0.035832479273301854
3.0 0.01865671641791045 0.03040331574704397
4.0 0.024875621890547265 0.02714581763128942
5.0 0.031094527363184084 0.022259570457657217
6.0 0.0373134328358209 0.021173737752405702
7.0 0.043532338308457715 0.014115825168270467
8.0 0.04975124378109453 0.01302999246301895
9.0 0.05597014925373135 0.013029992463018801
10.0 0.06218905472636817 0.012487076110392967
11.0 0.06840796019900498 0.013029992463018801
12.0 0.0746268656716418 0.012487076110392967
13.0 0.08084577114427861 0.012487076110393118
14.0 0.08706467661691543 0.011944159757767284
15.0 0.09328358208955224 0.010315410699889935
16.0 0.09950248756218906 0.009229577994638267
17.0 0.10572139303482589 0.008686661642012584
18.0 0.1119402985074627 0.00814374528938675
19.0 0.11815920398009952 0.0065149962315094005
20.0 0.12437810945273634 0.007057912584135234
21.0 0.13059701492537315 0.0065149962315094005
22.0 0.13681592039800997 0.005972079878883567
23.0 0.14303482587064678 0.0054291635262578835
24.0 0.1492537313432836 0.005972079878883567
25.0 0.1554726368159204 0.0043433308210063665
26.0 0.16169154228855723 0.00488624717363205
27.0 0.16791044776119404 0.00488624717363205
28.0 0.17412935323383086 0.00488624717363205
29.0 0.18034825870646767 0.00488624717363205
30.0 0.1865671641791045 0.0038004144683805334
31.0 0.1927860696517413 0.0038004144683805334
32.0 0.19900497512437812 0.0032574981157547003
33.0 0.20522388059701493 0.0032574981157547003
34.0 0.21144278606965178 0.002714581763128867
35.0 0.21766169154228857 0.002714581763128867
36.0 0.2238805970149254 0.002714581763128867
37.0 0.2300995024875622 0.002714581763128867
38.0 0.23631840796019904 0.002714581763128867
39.0 0.24253731343283583 0.002714581763128867
40.0 0.24875621890547267 0.002714581763128867
41.0 0.2549751243781095 0.002714581763128867
42.0 0.2611940298507463 0.002714581763128867
43.0 0.2674129353233831 0.002714581763128867
44.0 0.27363184079601993 0.002714581763128867
45.0 0.27985074626865675 0.002714581763128867
46.0 0.28606965174129356 0.002714581763128867
47.0 0.2922885572139304 0.002714581763128867
48.0 0.2985074626865672 0.002714581763128867
49.0 0.304726368159204 0.002714581763128867
50.0 0.3109452736318408 0.002714581763128867
51.0 0.31716417910447764 0.002714581763128867
52.0 0.32338308457711445 0.002714581763128867
53.0 0.32960199004975127 0.002714581763128867
54.0 0.3358208955223881 0.002714581763128867
55.0 0.3420398009950249 0.002714581763128867
56.0 0.3482587064676617 0.002714581763128867
57.0 0.35447761194029853 0.002714581763128867
58.0 0.36069651741293535 0.002714581763128867
59.0 0.36691542288557216 0.0021716654105031832
60.0 0.373134328358209 0.002714581763128867
61.0 0.3793532338308458 0.002714581763128867
62.0 0.3855721393034826 0.0021716654105031832
63.0 0.3917910447761194 0.0021716654105031832
64.0 0.39800995024875624 0.0021716654105031832
65.0 0.40422885572139305 0.0021716654105031832
66.0 0.41044776119402987 0.0021716654105031832
67.0 0.41666666666666674 0.0021716654105031832
68.0 0.42288557213930356 0.0021716654105031832
69.0 0.4291044776119403 0.0021716654105031832
70.0 0.43532338308457713 0.0021716654105031832
71.0 0.441542288557214 0.0021716654105031832
72.0 0.4477611940298508 0.0021716654105031832
73.0 0.4539800995024876 0.0021716654105031832
74.0 0.4601990049751244 0.0021716654105031832
75.0 0.46641791044776126 0.0021716654105031832
76.0 0.4726368159203981 0.0021716654105031832
77.0 0.47885572139303484 0.0021716654105031832
78.0 0.48507462686567165 0.0021716654105031832
79.0 0.4912935323383085 0.0027145817631290168
80.0 0.49751243781094534 0.0027145817631290168
81.0 0.503731343283582 0.0027145817631290168
82.0 0.509950248756219 0.0021716654105031832
83.0 0.5161691542288558 0.0027145817631290168
84.0 0.5223880597014926 0.0027145817631290168
85.0 0.5286069651741293 0.0027145817631290168
86.0 0.5348258706467662 0.0021716654105031832
87.0 0.541044776119403 0.0027145817631290168
88.0 0.5472636815920399 0.0027145817631290168
89.0 0.5534825870646766 0.0027145817631290168
90.0 0.5597014925373135 0.0027145817631290168
91.0 0.5659203980099503 0.0021716654105031832
92.0 0.5721393034825871 0.0027145817631290168
93.0 0.5783582089552238 0.0021716654105031832
94.0 0.5845771144278608 0.0027145817631290168
95.0 0.5907960199004976 0.0027145817631290168
96.0 0.5970149253731344 0.0027145817631290168
97.0 0.6032338308457712 0.0021716654105031832
98.0 0.609452736318408 0.0021716654105031832
99.0 0.6156716417910448 0.0021716654105031832
100.0 0.6218905472636816 0.0021716654105031832
101.0 0.6281094527363185 0.0021716654105031832
102.0 0.6343283582089553 0.0021716654105031832
103.0 0.6405472636815921 0.0021716654105031832
104.0 0.6467661691542289 0.0021716654105031832
105.0 0.6529850746268657 0.0021716654105031832
106.0 0.6592039800995025 0.0021716654105031832
107.0 0.6654228855721394 0.0021716654105031832
108.0 0.6716417910447762 0.0021716654105031832
109.0 0.677860696517413 0.0021716654105031832
110.0 0.6840796019900498 0.0021716654105031832
111.0 0.6902985074626866 0.0021716654105031832
112.0 0.6965174129353234 0.0021716654105031832
113.0 0.7027363184079602 0.0021716654105031832
114.0 0.7089552238805971 0.0021716654105031832
115.0 0.7151741293532339 0.0021716654105031832
116.0 0.7213930348258707 0.0021716654105031832
117.0 0.7276119402985075 0.0021716654105031832
118.0 0.7338308457711443 0.0021716654105031832
119.0 0.7400497512437811 0.0021716654105031832
120.0 0.746268656716418 0.0021716654105031832
121.0 0.7524875621890548 0.0021716654105031832
122.0 0.7587064676616916 0.0021716654105031832
123.0 0.7649253731343284 0.0021716654105031832
124.0 0.7711442786069652 0.0021716654105031832
125.0 0.777363184079602 0.0021716654105031832
126.0 0.7835820895522388 0.0021716654105031832
127.0 0.7898009950248757 0.0021716654105031832
128.0 0.7960199004975125 0.0021716654105031832
129.0 0.8022388059701493 0.0021716654105031832
130.0 0.8084577114427861 0.0021716654105031832
131.0 0.814676616915423 0.0021716654105031832
132.0 0.8208955223880597 0.0021716654105031832
133.0 0.8271144278606966 0.0016287490578773501
134.0 0.8333333333333335 0.0016287490578773501
135.0 0.8395522388059702 0.0016287490578773501
136.0 0.8457711442786071 0.0016287490578773501
137.0 0.8519900497512438 0.0016287490578773501
138.0 0.8582089552238806 0.0016287490578773501
139.0 0.8644278606965176 0.0016287490578773501
140.0 0.8706467661691543 0.0016287490578773501
141.0 0.8768656716417911 0.0016287490578773501
142.0 0.883084577114428 0.0016287490578773501
143.0 0.8893034825870647 0.0016287490578773501
144.0 0.8955223880597016 0.0016287490578773501
145.0 0.9017412935323383 0.0016287490578773501
146.0 0.9079601990049752 0.0016287490578773501
147.0 0.9141791044776121 0.0016287490578773501
148.0 0.9203980099502488 0.0016287490578773501
149.0 0.9266169154228856 0.0016287490578773501
150.0 0.9328358208955225 0.0016287490578773501
151.0 0.9390547263681592 0.0016287490578773501
152.0 0.9452736318407962 0.0021716654105031832
153.0 0.9514925373134329 0.0021716654105031832
154.0 0.9577114427860697 0.0021716654105031832
155.0 0.9639303482587066 0.0021716654105031832
156.0 0.9701492537313433 0.0021716654105031832
157.0 0.9763681592039801 0.0021716654105031832
158.0 0.982587064676617 0.0021716654105031832
159.0 0.9888059701492538 0.0021716654105031832
160.0 0.9950248756218907 0.0021716654105031832
161.0 1.0012437810945274 0.0021716654105031832
162.0 1.007462686567164 0.0021716654105031832
163.0 1.013681592039801 0.0021716654105031832
164.0 1.019900497512438 0.0021716654105031832
165.0 1.0261194029850749 0.0021716654105031832
166.0 1.0323383084577116 0.0021716654105031832
167.0 1.0385572139303483 0.0021716654105031832
168.0 1.0447761194029852 0.0021716654105031832
169.0 1.050995024875622 0.0021716654105031832
170.0 1.0572139303482586 0.0021716654105031832
171.0 1.0634328358208955 0.0021716654105031832
172.0 1.0696517412935325 0.0021716654105031832
173.0 1.0758706467661694 0.0021716654105031832
174.0 1.082089552238806 0.0021716654105031832
175.0 1.0883084577114428 0.0016287490578773501
176.0 1.0945273631840797 0.0016287490578773501
177.0 1.1007462686567164 0.0016287490578773501
178.0 1.1069651741293531 0.0016287490578773501
179.0 1.11318407960199 0.0016287490578773501
180.0 1.119402985074627 0.0016287490578773501
181.0 1.125621890547264 0.0016287490578773501
182.0 1.1318407960199006 0.0016287490578773501
183.0 1.1380597014925373 0.0016287490578773501
184.0 1.1442786069651742 0.0016287490578773501
185.0 1.150497512437811 0.0016287490578773501
186.0 1.1567164179104477 0.0016287490578773501
187.0 1.1629353233830846 0.0016287490578773501
188.0 1.1691542288557215 0.0016287490578773501
189.0 1.1753731343283584 0.0016287490578773501
190.0 1.1815920398009951 0.0016287490578773501
191.0 1.1878109452736318 0.0016287490578773501
192.0 1.1940298507462688 0.0016287490578773501
193.0 1.2002487562189055 0.0016287490578773501
194.0 1.2064676616915424 0.0016287490578773501
195.0 1.2126865671641793 0.0016287490578773501
196.0 1.218905472636816 0.0016287490578773501
197.0 1.225124378109453 0.0016287490578773501
198.0 1.2313432835820897 0.0016287490578773501
199.0 1.2375621890547264 0.0016287490578773501
200.0 1.2437810945273633 0.0016287490578773501
201.0 1.25 0.0016287490578773501
202.0 1.256218905472637 0.0016287490578773501
203.0 1.2624378109452739 0.0016287490578773501
204.0 1.2686567164179106 0.0016287490578773501
205.0 1.2748756218905475 0.0016287490578773501
206.0 1.2810945273631842 0.0016287490578773501
207.0 1.287313432835821 0.0016287490578773501
208.0 1.2935323383084578 0.0016287490578773501
209.0 1.2997512437810945 0.0016287490578773501
210.0 1.3059701492537314 0.0016287490578773501
211.0 1.3121890547263684 0.0016287490578773501
212.0 1.318407960199005 0.0016287490578773501
213.0 1.324626865671642 0.0016287490578773501
214.0 1.3308457711442787 0.0016287490578773501
215.0 1.3370646766169154 0.0016287490578773501
216.0 1.3432835820895523 0.0016287490578773501
217.0 1.349502487562189 0.0016287490578773501
218.0 1.355721393034826 0.0016287490578773501
219.0 1.361940298507463 0.0016287490578773501
220.0 1.3681592039800996 0.0016287490578773501
221.0 1.3743781094527365 0.0016287490578773501
222.0 1.3805970149253732 0.0016287490578773501
223.0 1.38681592039801 0.0016287490578773501
224.0 1.3930348258706469 0.0016287490578773501
225.0 1.3992537313432836 0.0016287490578773501
226.0 1.4054726368159205 0.0016287490578773501
227.0 1.4116915422885574 0.0016287490578773501
228.0 1.4179104477611941 0.0016287490578773501
229.0 1.424129353233831 0.0016287490578773501
230.0 1.4303482587064678 0.0016287490578773501
231.0 1.4365671641791047 0.0016287490578773501
232.0 1.4427860696517414 0.0016287490578773501
233.0 1.449004975124378 0.0016287490578773501
234.0 1.455223880597015 0.0016287490578773501
235.0 1.461442786069652 0.0016287490578773501
236.0 1.4676616915422886 0.0016287490578773501
237.0 1.4738805970149256 0.0016287490578773501
238.0 1.4800995024875623 0.0016287490578773501
239.0 1.4863184079601992 0.0016287490578773501
240.0 1.492537313432836 0.0016287490578773501
241.0 1.4987562189054726 0.0016287490578773501
242.0 1.5049751243781095 0.0016287490578773501
243.0 1.5111940298507465 0.0016287490578773501
244.0 1.5174129353233832 0.0016287490578773501
245.0 1.52363184079602 0.0016287490578773501
246.0 1.5298507462686568 0.0016287490578773501
247.0 1.5360696517412937 0.0016287490578773501
248.0 1.5422885572139304 0.0016287490578773501
249.0 1.5485074626865671 0.0016287490578773501
250.0 1.554726368159204 0.0016287490578773501
251.0 1.560945273631841 0.0016287490578773501
252.0 1.5671641791044777 0.0016287490578773501
253.0 1.5733830845771146 0.0016287490578773501
254.0 1.5796019900497513 0.0016287490578773501
255.0 1.5858208955223883 0.0016287490578773501
256.0 1.592039800995025 0.0016287490578773501
257.0 1.5982587064676617 0.0016287490578773501
258.0 1.6044776119402986 0.0016287490578773501
259.0 1.6106965174129355 0.0016287490578773501
260.0 1.6169154228855722 0.0016287490578773501
261.0 1.623134328358209 0.0016287490578773501
262.0 1.629353233830846 0.0016287490578773501
263.0 1.6355721393034828 0.0016287490578773501
264.0 1.6417910447761195 0.0016287490578773501
265.0 1.6480099502487562 0.0016287490578773501
266.0 1.654228855721393 0.0016287490578773501
267.0 1.66044776119403 0.0016287490578773501
268.0 1.666666666666667 0.0016287490578773501
269.0 1.6728855721393037 0.0016287490578773501
270.0 1.6791044776119404 0.0016287490578773501
271.0 1.685323383084577 0.0016287490578773501
272.0 1.6915422885572142 0.0016287490578773501
273.0 1.697761194029851 0.0016287490578773501
274.0 1.7039800995024876 0.0016287490578773501
275.0 1.7101990049751246 0.0016287490578773501
276.0 1.7164179104477613 0.0016287490578773501
277.0 1.722636815920398 0.0016287490578773501
278.0 1.7288557213930351 0.0016287490578773501
279.0 1.7350746268656718 0.0016287490578773501
280.0 1.7412935323383085 0.0016287490578773501
281.0 1.7475124378109452 0.0016287490578773501
282.0 1.7537313432835822 0.0016287490578773501
283.0 1.759950248756219 0.0016287490578773501
284.0 1.766169154228856 0.0016287490578773501
285.0 1.7723880597014927 0.0016287490578773501
286.0 1.7786069651741294 0.0016287490578773501
287.0 1.7848258706467661 0.0016287490578773501
288.0 1.7910447761194033 0.0016287490578773501
289.0 1.79726368159204 0.0016287490578773501
290.0 1.8034825870646767 0.0016287490578773501
291.0 1.8097014925373136 0.0016287490578773501
292.0 1.8159203980099503 0.0016287490578773501
293.0 1.8221393034825875 0.0016287490578773501
294.0 1.8283582089552242 0.0016287490578773501
295.0 1.8345771144278609 0.0016287490578773501
296.0 1.8407960199004976 0.0016287490578773501
297.0 1.8470149253731343 0.0016287490578773501
298.0 1.8532338308457712 0.0016287490578773501
299.0 1.8594527363184081 0.0016287490578773501
300.0 1.865671641791045 0.0016287490578773501
301.0 1.8718905472636818 0.0016287490578773501
302.0 1.8781094527363185 0.0016287490578773501
303.0 1.8843283582089552 0.0016287490578773501
304.0 1.8905472636815923 0.0016287490578773501
305.0 1.896766169154229 0.0016287490578773501
306.0 1.9029850746268657 0.0016287490578773501
307.0 1.9092039800995027 0.0016287490578773501
308.0 1.9154228855721394 0.0016287490578773501
309.0 1.9216417910447765 0.0016287490578773501
310.0 1.9278606965174132 0.0016287490578773501
311.0 1.93407960199005 0.0016287490578773501
312.0 1.9402985074626866 0.0016287490578773501
313.0 1.9465174129353233 0.0016287490578773501
314.0 1.9527363184079602 0.0016287490578773501
315.0 1.9589552238805972 0.0016287490578773501
316.0 1.965174129353234 0.0016287490578773501
317.0 1.9713930348258708 0.0016287490578773501
318.0 1.9776119402985075 0.0016287490578773501
319.0 1.9838308457711442 0.0016287490578773501
320.0 1.9900497512437814 0.0016287490578773501
321.0 1.996268656716418 0.0016287490578773501
322.0 2.0024875621890548 0.0016287490578773501
323.0 2.0087064676616917 0.0016287490578773501
324.0 2.014925373134328 0.0016287490578773501
325.0 2.0211442786069655 0.0016287490578773501
326.0 2.027363184079602 0.0016287490578773501
327.0 2.033582089552239 0.0016287490578773501
328.0 2.039800995024876 0.0016287490578773501
329.0 2.0460199004975124 0.0016287490578773501
330.0 2.0522388059701497 0.0016287490578773501
331.0 2.058457711442786 0.0016287490578773501
332.0 2.064676616915423 0.0016287490578773501
333.0 2.0708955223880596 0.0016287490578773501
334.0 2.0771144278606966 0.0016287490578773501
335.0 2.0833333333333335 0.0016287490578773501
336.0 2.0895522388059704 0.0016287490578773501
337.0 2.0957711442786073 0.0016287490578773501
338.0 2.101990049751244 0.0016287490578773501
339.0 2.1082089552238807 0.0016287490578773501
340.0 2.1144278606965172 0.0016287490578773501
341.0 2.1206467661691546 0.0016287490578773501
342.0 2.126865671641791 0.0016287490578773501
343.0 2.133084577114428 0.0016287490578773501
344.0 2.139303482587065 0.0016287490578773501
345.0 2.1455223880597014 0.0016287490578773501
346.0 2.151741293532339 0.0016287490578773501
347.0 2.1579601990049753 0.0016287490578773501
348.0 2.164179104477612 0.0016287490578773501
349.0 2.1703980099502487 0.0016287490578773501
350.0 2.1766169154228856 0.0016287490578773501
351.0 2.1828358208955225 0.0016287490578773501
352.0 2.1890547263681595 0.0016287490578773501
353.0 2.1952736318407964 0.0016287490578773501
354.0 2.201492537313433 0.0016287490578773501
355.0 2.20771144278607 0.0016287490578773501
356.0 2.2139303482587063 0.0016287490578773501
357.0 2.2201492537313436 0.0016287490578773501
358.0 2.22636815920398 0.0016287490578773501
359.0 2.232587064676617 0.0016287490578773501
360.0 2.238805970149254 0.0016287490578773501
361.0 2.2450248756218905 0.0010858327052516664
362.0 2.251243781094528 0.0016287490578773501
363.0 2.2574626865671643 0.0010858327052516664
364.0 2.2636815920398012 0.0010858327052516664
365.0 2.2699004975124377 0.0010858327052516664
366.0 2.2761194029850746 0.0016287490578773501
367.0 2.2823383084577116 0.0016287490578773501
368.0 2.2885572139303485 0.0016287490578773501
369.0 2.2947761194029854 0.0010858327052516664
370.0 2.300995024875622 0.0010858327052516664
371.0 2.307213930348259 0.0010858327052516664
372.0 2.3134328358208953 0.0010858327052516664
373.0 2.3196517412935327 0.0016287490578773501
374.0 2.325870646766169 0.0016287490578773501
375.0 2.332089552238806 0.0016287490578773501
376.0 2.338308457711443 0.0016287490578773501
377.0 2.3445273631840795 0.0016287490578773501
378.0 2.350746268656717 0.0016287490578773501
379.0 2.3569651741293534 0.0016287490578773501
380.0 2.3631840796019903 0.0016287490578773501
381.0 2.3694029850746268 0.0016287490578773501
382.0 2.3756218905472637 0.0016287490578773501
383.0 2.3818407960199006 0.0016287490578773501
384.0 2.3880597014925375 0.0016287490578773501
385.0 2.3942786069651745 0.0016287490578773501
386.0 2.400497512437811 0.0016287490578773501
387.0 2.406716417910448 0.0016287490578773501
388.0 2.412935323383085 0.0016287490578773501
389.0 2.4191542288557217 0.0016287490578773501
390.0 2.4253731343283587 0.0016287490578773501
391.0 2.431592039800995 0.0016287490578773501
392.0 2.437810945273632 0.0016287490578773501
393.0 2.4440298507462686 0.0016287490578773501
394.0 2.450248756218906 0.0016287490578773501
395.0 2.4564676616915424 0.0016287490578773501
396.0 2.4626865671641793 0.0016287490578773501
397.0 2.4689054726368163 0.0016287490578773501
398.0 2.4751243781094527 0.0016287490578773501
399.0 2.48134328358209 0.0016287490578773501
400.0 2.4875621890547266 0.0016287490578773501
401.0 2.4937810945273635 0.0016287490578773501
402.0 2.5 0.0016287490578773501
403.0 2.506218905472637 0.0016287490578773501
404.0 2.512437810945274 0.0016287490578773501
405.0 2.518656716417911 0.0016287490578773501
406.0 2.5248756218905477 0.0016287490578773501
407.0 2.531094527363184 0.0016287490578773501
408.0 2.537313432835821 0.0016287490578773501
409.0 2.5435323383084576 0.0016287490578773501
410.0 2.549751243781095 0.0016287490578773501
411.0 2.5559701492537314 0.0016287490578773501
412.0 2.5621890547263684 0.0016287490578773501
413.0 2.5684079601990053 0.0016287490578773501
414.0 2.574626865671642 0.0016287490578773501
415.0 2.580845771144279 0.0016287490578773501
416.0 2.5870646766169156 0.0016287490578773501
417.0 2.5932835820895526 0.0016287490578773501
418.0 2.599502487562189 0.0016287490578773501
419.0 2.605721393034826 0.0016287490578773501
420.0 2.611940298507463 0.0016287490578773501
421.0 2.6181592039801 0.0016287490578773501
422.0 2.6243781094527368 0.0016287490578773501
423.0 2.6305970149253732 0.0016287490578773501
424.0 2.63681592039801 0.0016287490578773501
425.0 2.643034825870647 0.0016287490578773501
426.0 2.649253731343284 0.0016287490578773501
427.0 2.6554726368159205 0.0016287490578773501
428.0 2.6616915422885574 0.0016287490578773501
429.0 2.6679104477611943 0.0016287490578773501
430.0 2.674129353233831 0.0016287490578773501
431.0 2.680348258706468 0.0016287490578773501
432.0 2.6865671641791047 0.0016287490578773501
433.0 2.6927860696517416 0.0016287490578773501
434.0 2.699004975124378 0.0016287490578773501
435.0 2.705223880597015 0.0016287490578773501
436.0 2.711442786069652 0.0016287490578773501
437.0 2.717661691542289 0.0016287490578773501
438.0 2.723880597014926 0.0016287490578773501
439.0 2.7300995024875623 0.0016287490578773501
440.0 2.736318407960199 0.0016287490578773501
441.0 2.742537313432836 0.0016287490578773501
442.0 2.748756218905473 0.0016287490578773501
443.0 2.7549751243781095 0.0016287490578773501
444.0 2.7611940298507465 0.0016287490578773501
445.0 2.7674129353233834 0.0016287490578773501
446.0 2.77363184079602 0.0016287490578773501
447.0 2.7798507462686572 0.0016287490578773501
448.0 2.7860696517412937 0.0016287490578773501
449.0 2.7922885572139307 0.0016287490578773501
450.0 2.798507462686567 0.0010858327052516664
451.0 2.804726368159204 0.0010858327052516664
452.0 2.810945273631841 0.0010858327052516664
453.0 2.817164179104478 0.0010858327052516664
454.0 2.823383084577115 0.0010858327052516664
455.0 2.8296019900497513 0.0010858327052516664
456.0 2.8358208955223883 0.0010858327052516664
457.0 2.842039800995025 0.0010858327052516664
458.0 2.848258706467662 0.0010858327052516664
459.0 2.8544776119402986 0.0010858327052516664
460.0 2.8606965174129355 0.0010858327052516664
461.0 2.8669154228855724 0.0010858327052516664
462.0 2.8731343283582094 0.0010858327052516664
463.0 2.8793532338308463 0.0010858327052516664
464.0 2.8855721393034828 0.0010858327052516664
465.0 2.8917910447761197 0.0010858327052516664
466.0 2.898009950248756 0.0010858327052516664
467.0 2.904228855721393 0.0010858327052516664
468.0 2.91044776119403 0.0010858327052516664
469.0 2.916666666666667 0.0010858327052516664
470.0 2.922885572139304 0.0010858327052516664
471.0 2.9291044776119404 0.0010858327052516664
472.0 2.9353233830845773 0.0010858327052516664
473.0 2.9415422885572142 0.0010858327052516664
474.0 2.947761194029851 0.0010858327052516664
475.0 2.9539800995024876 0.0010858327052516664
476.0 2.9601990049751246 0.0010858327052516664
477.0 2.9664179104477615 0.0010858327052516664
478.0 2.9726368159203984 0.0010858327052516664
479.0 2.9788557213930353 0.0010858327052516664
480.0 2.985074626865672 0.0010858327052516664
481.0 2.9912935323383087 0.0010858327052516664
482.0 2.9975124378109452 0.0010858327052516664
483.0 3.0037313432835826 0.0010858327052516664
484.0 3.009950248756219 0.0010858327052516664
485.0 3.016169154228856 0.0010858327052516664
486.0 3.022388059701493 0.0010858327052516664
487.0 3.0286069651741294 0.0010858327052516664
488.0 3.0348258706467663 0.0010858327052516664
489.0 3.0410447761194033 0.0010858327052516664
490.0 3.04726368159204 0.0010858327052516664
491.0 3.0534825870646767 0.0010858327052516664
492.0 3.0597014925373136 0.0010858327052516664
493.0 3.0659203980099505 0.0010858327052516664
494.0 3.0721393034825875 0.0010858327052516664
495.0 3.0783582089552244 0.0010858327052516664
496.0 3.084577114427861 0.0010858327052516664
497.0 3.090796019900498 0.0010858327052516664
498.0 3.0970149253731343 0.0010858327052516664
499.0 3.1032338308457716 0.0010858327052516664
500.0 3.109452736318408 0.0010858327052516664
501.0 3.115671641791045 0.0010858327052516664
502.0 3.121890547263682 0.0010858327052516664
503.0 3.1281094527363185 0.0010858327052516664
504.0 3.1343283582089554 0.0010858327052516664
505.0 3.1405472636815923 0.0010858327052516664
506.0 3.1467661691542292 0.0010858327052516664
507.0 3.1529850746268657 0.0010858327052516664
508.0 3.1592039800995027 0.0010858327052516664
509.0 3.1654228855721396 0.0010858327052516664
510.0 3.1716417910447765 0.0010858327052516664
511.0 3.1778606965174134 0.0010858327052516664
512.0 3.18407960199005 0.0010858327052516664
513.0 3.190298507462687 0.0010858327052516664
514.0 3.1965174129353233 0.0010858327052516664
515.0 3.2027363184079607 0.0010858327052516664
516.0 3.208955223880597 0.0010858327052516664
517.0 3.215174129353234 0.0010858327052516664
518.0 3.221393034825871 0.0010858327052516664
519.0 3.2276119402985075 0.0010858327052516664
520.0 3.2338308457711444 0.0010858327052516664
521.0 3.240049751243781 0.0010858327052516664
522.0 3.246268656716418 0.0010858327052516664
523.0 3.252487562189055 0.0010858327052516664
524.0 3.258706467661692 0.0010858327052516664
525.0 3.2649253731343286 0.0010858327052516664
526.0 3.2711442786069655 0.0010858327052516664
527.0 3.2773631840796025 0.0010858327052516664
528.0 3.283582089552239 0.0010858327052516664
529.0 3.289800995024876 0.0010858327052516664
530.0 3.2960199004975124 0.0010858327052516664
531.0 3.3022388059701493 0.0010858327052516664
532.0 3.308457711442786 0.0010858327052516664
533.0 3.3146766169154227 0.0010858327052516664
534.0 3.32089552238806 0.0010858327052516664
535.0 3.327114427860697 0.0010858327052516664
536.0 3.333333333333334 0.0010858327052516664
537.0 3.3395522388059704 0.0010858327052516664
538.0 3.3457711442786073 0.0010858327052516664
539.0 3.351990049751244 0.0010858327052516664
540.0 3.3582089552238807 0.0010858327052516664
541.0 3.3644278606965177 0.0010858327052516664
542.0 3.370646766169154 0.0010858327052516664
543.0 3.376865671641791 0.0010858327052516664
544.0 3.3830845771144284 0.0010858327052516664
545.0 3.3893034825870654 0.0010858327052516664
546.0 3.395522388059702 0.0010858327052516664
547.0 3.401741293532339 0.0010858327052516664
548.0 3.4079601990049753 0.0010858327052516664
549.0 3.414179104477612 0.0010858327052516664
550.0 3.420398009950249 0.0010858327052516664
551.0 3.4266169154228856 0.0010858327052516664
552.0 3.4328358208955225 0.0010858327052516664
553.0 3.439054726368159 0.0010858327052516664
554.0 3.445273631840796 0.0010858327052516664
555.0 3.4514925373134333 0.0010858327052516664
556.0 3.4577114427860702 0.0010858327052516664
557.0 3.4639303482587067 0.0010858327052516664
558.0 3.4701492537313436 0.0010858327052516664
559.0 3.4763681592039806 0.0010858327052516664
560.0 3.482587064676617 0.0010858327052516664
561.0 3.488805970149254 0.0010858327052516664
562.0 3.4950248756218905 0.0010858327052516664
563.0 3.5012437810945274 0.0010858327052516664
564.0 3.5074626865671643 0.0010858327052516664
565.0 3.5136815920398017 0.0010858327052516664
566.0 3.519900497512438 0.0010858327052516664
567.0 3.526119402985075 0.0010858327052516664
568.0 3.532338308457712 0.0010858327052516664
569.0 3.5385572139303485 0.0010858327052516664
570.0 3.5447761194029854 0.0010858327052516664
571.0 3.550995024875622 0.0010858327052516664
572.0 3.557213930348259 0.0010858327052516664
573.0 3.5634328358208958 0.0010858327052516664
574.0 3.5696517412935322 0.0010858327052516664
575.0 3.575870646766169 0.0010858327052516664
576.0 3.5820895522388065 0.0010858327052516664
577.0 3.5883084577114435 0.0010858327052516664
578.0 3.59452736318408 0.0010858327052516664
579.0 3.600746268656717 0.0010858327052516664
580.0 3.6069651741293534 0.0010858327052516664
581.0 3.6131840796019903 0.0010858327052516664
582.0 3.619402985074627 0.0010858327052516664
583.0 3.6256218905472637 0.0010858327052516664
584.0 3.6318407960199006 0.0010858327052516664
585.0 3.638059701492537 0.0010858327052516664
586.0 3.644278606965175 0.0010858327052516664
587.0 3.6504975124378114 0.0010858327052516664
588.0 3.6567164179104483 0.0010858327052516664
589.0 3.662935323383085 0.0010858327052516664
590.0 3.6691542288557217 0.0010858327052516664
591.0 3.6753731343283587 0.0010858327052516664
592.0 3.681592039800995 0.0010858327052516664
593.0 3.687810945273632 0.0010858327052516664
594.0 3.6940298507462686 0.0010858327052516664
595.0 3.7002487562189055 0.0010858327052516664
596.0 3.7064676616915424 0.0010858327052516664
597.0 3.7126865671641798 0.0010858327052516664
598.0 3.7189054726368163 0.0010858327052516664
599.0 3.725124378109453 0.0010858327052516664
600.0 3.73134328358209 0.0010858327052516664
601.0 3.7375621890547266 0.0010858327052516664
602.0 3.7437810945273635 0.0010858327052516664
603.0 3.75 0.0010858327052516664
604.0 3.756218905472637 0.0010858327052516664
605.0 3.762437810945274 0.0010858327052516664
606.0 3.7686567164179103 0.0010858327052516664
607.0 3.7748756218905473 0.0010858327052516664
608.0 3.7810945273631846 0.0010858327052516664
609.0 3.7873134328358216 0.0010858327052516664
610.0 3.793532338308458 0.0010858327052516664
611.0 3.799751243781095 0.0010858327052516664
612.0 3.8059701492537314 0.0010858327052516664
613.0 3.8121890547263684 0.0010858327052516664
614.0 3.8184079601990053 0.0010858327052516664
615.0 3.824626865671642 0.0010858327052516664
616.0 3.8308457711442787 0.0010858327052516664
617.0 3.837064676616915 0.0010858327052516664
618.0 3.843283582089553 0.0010858327052516664
619.0 3.8495024875621895 0.0010858327052516664
620.0 3.8557213930348264 0.0010858327052516664
621.0 3.861940298507463 0.0010858327052516664
622.0 3.8681592039801 0.0010858327052516664
623.0 3.8743781094527368 0.0010858327052516664
624.0 3.8805970149253732 0.0010858327052516664
625.0 3.88681592039801 0.0010858327052516664
626.0 3.8930348258706466 0.0010858327052516664
627.0 3.8992537313432836 0.0010858327052516664
628.0 3.9054726368159205 0.0010858327052516664
629.0 3.911691542288558 0.0010858327052516664
630.0 3.9179104477611943 0.0010858327052516664
631.0 3.9241293532338313 0.0010858327052516664
632.0 3.930348258706468 0.0010858327052516664
633.0 3.9365671641791047 0.0010858327052516664
634.0 3.9427860696517416 0.0010858327052516664
635.0 3.949004975124378 0.0010858327052516664
636.0 3.955223880597015 0.0010858327052516664
637.0 3.961442786069652 0.0010858327052516664
638.0 3.9676616915422884 0.0010858327052516664
639.0 3.973880597014926 0.0010858327052516664
640.0 3.9800995024875627 0.0010858327052516664
641.0 3.9863184079601997 0.0010858327052516664
642.0 3.992537313432836 0.0010858327052516664
643.0 3.998756218905473 0.0010858327052516664
644.0 4.0049751243781095 0.0010858327052516664
645.0 4.0111940298507465 0.0010858327052516664
646.0 4.017412935323383 0.0010858327052516664
647.0 4.02363184079602 0.0010858327052516664
648.0 4.029850746268656 0.0010858327052516664
649.0 4.036069651741293 0.0010858327052516664
650.0 4.042288557213931 0.0010858327052516664
651.0 4.048507462686568 0.0010858327052516664
652.0 4.054726368159204 0.0010858327052516664
653.0 4.060945273631841 0.0010858327052516664
654.0 4.067164179104478 0.0010858327052516664
655.0 4.073383084577115 0.0010858327052516664
656.0 4.079601990049752 0.0010858327052516664
657.0 4.085820895522388 0.0010858327052516664
658.0 4.092039800995025 0.0010858327052516664
659.0 4.098258706467662 0.0010858327052516664
660.0 4.1044776119402995 0.0010858327052516664
661.0 4.1106965174129355 0.0010858327052516664
662.0 4.116915422885572 0.0010858327052516664
663.0 4.123134328358209 0.0010858327052516664
664.0 4.129353233830846 0.0010858327052516664
665.0 4.135572139303483 0.0010858327052516664
666.0 4.141791044776119 0.0010858327052516664
667.0 4.148009950248756 0.0010858327052516664
668.0 4.154228855721393 0.0010858327052516664
669.0 4.16044776119403 0.0010858327052516664
670.0 4.166666666666667 0.0010858327052516664
671.0 4.172885572139304 0.0010858327052516664
672.0 4.179104477611941 0.0010858327052516664
673.0 4.185323383084578 0.0010858327052516664
674.0 4.191542288557215 0.0010858327052516664
675.0 4.197761194029851 0.0010858327052516664
676.0 4.203980099502488 0.0010858327052516664
677.0 4.210199004975125 0.0010858327052516664
678.0 4.2164179104477615 0.0010858327052516664
679.0 4.222636815920398 0.0010858327052516664
680.0 4.2288557213930345 0.0010858327052516664
681.0 4.235074626865672 0.0010858327052516664
682.0 4.241293532338309 0.0010858327052516664
683.0 4.247512437810946 0.0010858327052516664
684.0 4.253731343283582 0.0010858327052516664
685.0 4.259950248756219 0.0010858327052516664
686.0 4.266169154228856 0.0010858327052516664
687.0 4.272388059701493 0.0010858327052516664
688.0 4.27860696517413 0.0010858327052516664
689.0 4.284825870646766 0.0010858327052516664
690.0 4.291044776119403 0.0010858327052516664
691.0 4.29726368159204 0.0010858327052516664
692.0 4.303482587064678 0.0010858327052516664
693.0 4.309701492537314 0.0010858327052516664
694.0 4.3159203980099505 0.0010858327052516664
695.0 4.3221393034825875 0.0010858327052516664
696.0 4.328358208955224 0.0010858327052516664
697.0 4.334577114427861 0.0010858327052516664
698.0 4.340796019900497 0.0010858327052516664
699.0 4.347014925373134 0.0010858327052516664
700.0 4.353233830845771 0.0010858327052516664
701.0 4.359452736318408 0.0010858327052516664
702.0 4.365671641791045 0.0010858327052516664
703.0 4.371890547263682 0.0010858327052516664
704.0 4.378109452736319 0.0010858327052516664
705.0 4.384328358208956 0.0010858327052516664
706.0 4.390547263681593 0.0010858327052516664
707.0 4.396766169154229 0.0010858327052516664
708.0 4.402985074626866 0.0010858327052516664
709.0 4.409203980099503 0.0010858327052516664
710.0 4.41542288557214 0.0010858327052516664
711.0 4.4216417910447765 0.0010858327052516664
712.0 4.4278606965174125 0.0010858327052516664
713.0 4.43407960199005 0.0010858327052516664
714.0 4.440298507462687 0.0010858327052516664
715.0 4.446517412935324 0.0010858327052516664
716.0 4.45273631840796 0.0010858327052516664
717.0 4.458955223880597 0.0010858327052516664
718.0 4.465174129353234 0.0010858327052516664
719.0 4.471393034825871 0.0010858327052516664
720.0 4.477611940298508 0.0010858327052516664
721.0 4.483830845771144 0.0010858327052516664
722.0 4.490049751243781 0.0010858327052516664
723.0 4.496268656716418 0.0010858327052516664
724.0 4.502487562189056 0.0010858327052516664
725.0 4.508706467661692 0.0010858327052516664
726.0 4.514925373134329 0.0010858327052516664
727.0 4.5211442786069655 0.0010858327052516664
728.0 4.5273631840796025 0.0010858327052516664
729.0 4.533582089552239 0.0010858327052516664
730.0 4.539800995024875 0.0010858327052516664
731.0 4.546019900497512 0.0010858327052516664
732.0 4.552238805970149 0.0010858327052516664
733.0 4.558457711442786 0.0010858327052516664
734.0 4.564676616915423 0.0010858327052516664
735.0 4.57089552238806 0.0010858327052516664
736.0 4.577114427860697 0.0010858327052516664
737.0 4.583333333333334 0.0010858327052516664
738.0 4.589552238805971 0.0010858327052516664
739.0 4.595771144278607 0.0010858327052516664
740.0 4.601990049751244 0.0010858327052516664
741.0 4.608208955223881 0.0010858327052516664
742.0 4.614427860696518 0.0010858327052516664
743.0 4.620646766169155 0.0010858327052516664
744.0 4.626865671641791 0.0010858327052516664
745.0 4.6330845771144284 0.0010858327052516664
746.0 4.639303482587065 0.0010858327052516664
747.0 4.645522388059702 0.0010858327052516664
748.0 4.651741293532338 0.0010858327052516664
749.0 4.657960199004975 0.0010858327052516664
750.0 4.664179104477612 0.0010858327052516664
751.0 4.670398009950249 0.0010858327052516664
752.0 4.676616915422886 0.0010858327052516664
753.0 4.682835820895522 0.0010858327052516664
754.0 4.689054726368159 0.0010858327052516664
755.0 4.695273631840797 0.0010858327052516664
756.0 4.701492537313434 0.0010858327052516664
757.0 4.70771144278607 0.0010858327052516664
758.0 4.713930348258707 0.0010858327052516664
759.0 4.720149253731344 0.0010858327052516664
760.0 4.726368159203981 0.0010858327052516664
761.0 4.7325870646766175 0.0010858327052516664
762.0 4.7388059701492535 0.0010858327052516664
763.0 4.7450248756218905 0.0010858327052516664
764.0 4.751243781094527 0.0010858327052516664
765.0 4.757462686567164 0.0010858327052516664
766.0 4.763681592039801 0.0010858327052516664
767.0 4.769900497512438 0.0010858327052516664
768.0 4.776119402985075 0.0010858327052516664
769.0 4.782338308457712 0.0010858327052516664
770.0 4.788557213930349 0.0010858327052516664
771.0 4.794776119402985 0.0010858327052516664
772.0 4.800995024875622 0.0010858327052516664
773.0 4.807213930348259 0.0010858327052516664
774.0 4.813432835820896 0.0010858327052516664
775.0 4.819651741293533 0.0010858327052516664
776.0 4.82587064676617 0.0010858327052516664
777.0 4.8320895522388065 0.0010858327052516664
778.0 4.8383084577114435 0.0010858327052516664
779.0 4.84452736318408 0.0010858327052516664
780.0 4.850746268656717 0.0010858327052516664
781.0 4.856965174129353 0.0010858327052516664
782.0 4.86318407960199 0.0010858327052516664
783.0 4.869402985074627 0.0010858327052516664
784.0 4.875621890547264 0.0010858327052516664
785.0 4.881840796019901 0.0010858327052516664
786.0 4.888059701492537 0.0010858327052516664
787.0 4.894278606965175 0.0010858327052516664
788.0 4.900497512437812 0.0010858327052516664
789.0 4.906716417910449 0.0010858327052516664
790.0 4.912935323383085 0.0010858327052516664
791.0 4.919154228855722 0.0010858327052516664
792.0 4.925373134328359 0.0010858327052516664
793.0 4.931592039800996 0.0010858327052516664
794.0 4.9378109452736325 0.0010858327052516664
795.0 4.9440298507462686 0.0010858327052516664
796.0 4.9502487562189055 0.0010858327052516664
797.0 4.956467661691542 0.0010858327052516664
798.0 4.96268656716418 0.0010858327052516664
799.0 4.968905472636816 0.0010858327052516664
800.0 4.975124378109453 0.0010858327052516664
801.0 4.98134328358209 0.0010858327052516664
802.0 4.987562189054727 0.0010858327052516664
803.0 4.993781094527364 0.0010858327052516664
804.0 5.0 0.0010858327052516664
805.0 5.006218905472637 0.0010858327052516664
806.0 5.012437810945274 0.0010858327052516664
807.0 5.018656716417911 0.0010858327052516664
808.0 5.024875621890548 0.0010858327052516664
809.0 5.031094527363185 0.0010858327052516664
810.0 5.037313432835822 0.0010858327052516664
811.0 5.0435323383084585 0.0010858327052516664
812.0 5.049751243781095 0.0010858327052516664
813.0 5.0559701492537314 0.0010858327052516664
814.0 5.062189054726368 0.0010858327052516664
815.0 5.068407960199005 0.0010858327052516664
816.0 5.074626865671642 0.0010858327052516664
817.0 5.080845771144279 0.0010858327052516664
818.0 5.087064676616915 0.0010858327052516664
819.0 5.093283582089553 0.0010858327052516664
820.0 5.09950248756219 0.0010858327052516664
821.0 5.105721393034827 0.0010858327052516664
822.0 5.111940298507463 0.0010858327052516664
823.0 5.1181592039801 0.0010858327052516664
824.0 5.124378109452737 0.0010858327052516664
825.0 5.130597014925374 0.0010858327052516664
826.0 5.136815920398011 0.0010858327052516664
827.0 5.143034825870647 0.0010858327052516664
828.0 5.149253731343284 0.0010858327052516664
829.0 5.155472636815921 0.0010858327052516664
830.0 5.161691542288558 0.0010858327052516664
831.0 5.167910447761194 0.0010858327052516664
832.0 5.174129353233831 0.0010858327052516664
833.0 5.180348258706468 0.0010858327052516664
834.0 5.186567164179105 0.0010858327052516664
835.0 5.192786069651742 0.0010858327052516664
836.0 5.199004975124378 0.0010858327052516664
837.0 5.205223880597015 0.0010858327052516664
838.0 5.211442786069652 0.0010858327052516664
839.0 5.217661691542289 0.0010858327052516664
840.0 5.223880597014926 0.0010858327052516664
841.0 5.230099502487563 0.0010858327052516664
842.0 5.2363184079602 0.0010858327052516664
843.0 5.242537313432837 0.0010858327052516664
844.0 5.2487562189054735 0.0010858327052516664
845.0 5.2549751243781095 0.0010858327052516664
846.0 5.2611940298507465 0.0010858327052516664
847.0 5.267412935323383 0.0010858327052516664
848.0 5.27363184079602 0.0010858327052516664
849.0 5.279850746268657 0.0010858327052516664
850.0 5.286069651741294 0.0010858327052516664
851.0 5.292288557213931 0.0010858327052516664
852.0 5.298507462686568 0.0010858327052516664
853.0 5.304726368159205 0.0010858327052516664
854.0 5.310945273631841 0.0010858327052516664
855.0 5.317164179104478 0.0010858327052516664
856.0 5.323383084577115 0.0010858327052516664
857.0 5.329601990049752 0.0010858327052516664
858.0 5.335820895522389 0.0010858327052516664
859.0 5.342039800995025 0.0010858327052516664
860.0 5.348258706467662 0.0010858327052516664
861.0 5.3544776119402995 0.0010858327052516664
862.0 5.360696517412936 0.0010858327052516664
863.0 5.366915422885572 0.0010858327052516664
864.0 5.373134328358209 0.0010858327052516664
865.0 5.379353233830846 0.0010858327052516664
866.0 5.385572139303483 0.0010858327052516664
867.0 5.39179104477612 0.0010858327052516664
868.0 5.398009950248756 0.0010858327052516664
869.0 5.404228855721393 0.0010858327052516664
870.0 5.41044776119403 0.0010858327052516664
871.0 5.416666666666668 0.0010858327052516664
872.0 5.422885572139304 0.0010858327052516664
873.0 5.429104477611941 0.0010858327052516664
874.0 5.435323383084578 0.0010858327052516664
875.0 5.441542288557215 0.0010858327052516664
876.0 5.447761194029852 0.0010858327052516664
877.0 5.453980099502488 0.0010858327052516664
878.0 5.460199004975125 0.0010858327052516664
879.0 5.4664179104477615 0.0010858327052516664
880.0 5.472636815920398 0.0010858327052516664
881.0 5.478855721393035 0.0010858327052516664
882.0 5.485074626865672 0.0010858327052516664
883.0 5.491293532338309 0.0010858327052516664
884.0 5.497512437810946 0.0010858327052516664
885.0 5.503731343283583 0.0010858327052516664
886.0 5.509950248756219 0.0010858327052516664
887.0 5.516169154228856 0.0010858327052516664
888.0 5.522388059701493 0.0010858327052516664
889.0 5.52860696517413 0.0010858327052516664
890.0 5.534825870646767 0.0010858327052516664
891.0 5.541044776119403 0.0010858327052516664
892.0 5.54726368159204 0.0010858327052516664
893.0 5.553482587064678 0.0010858327052516664
894.0 5.5597014925373145 0.0010858327052516664
895.0 5.5659203980099505 0.0010858327052516664
896.0 5.5721393034825875 0.0010858327052516664
897.0 5.578358208955224 0.0010858327052516664
898.0 5.584577114427861 0.0010858327052516664
899.0 5.590796019900498 0.0010858327052516664
900.0 5.597014925373134 0.0010858327052516664
901.0 5.603233830845771 0.0010858327052516664
902.0 5.609452736318408 0.0010858327052516664
903.0 5.615671641791046 0.0010858327052516664
904.0 5.621890547263682 0.0010858327052516664
905.0 5.628109452736319 0.0010858327052516664
906.0 5.634328358208956 0.0010858327052516664
907.0 5.640547263681593 0.0010858327052516664
908.0 5.64676616915423 0.0010858327052516664
909.0 5.652985074626866 0.0010858327052516664
910.0 5.659203980099503 0.0010858327052516664
911.0 5.66542288557214 0.0010858327052516664
912.0 5.6716417910447765 0.0010858327052516664
913.0 5.677860696517413 0.0010858327052516664
914.0 5.68407960199005 0.0010858327052516664
915.0 5.690298507462687 0.0010858327052516664
916.0 5.696517412935324 0.0010858327052516664
917.0 5.702736318407961 0.0010858327052516664
918.0 5.708955223880597 0.0010858327052516664
919.0 5.715174129353234 0.0010858327052516664
920.0 5.721393034825871 0.0010858327052516664
921.0 5.727611940298508 0.0010858327052516664
922.0 5.733830845771145 0.0010858327052516664
923.0 5.740049751243781 0.0010858327052516664
924.0 5.746268656716419 0.0010858327052516664
925.0 5.752487562189056 0.0010858327052516664
926.0 5.758706467661693 0.0010858327052516664
927.0 5.764925373134329 0.0010858327052516664
928.0 5.7711442786069655 0.0010858327052516664
929.0 5.7773631840796025 0.0010858327052516664
930.0 5.783582089552239 0.0010858327052516664
931.0 5.789800995024876 0.0010858327052516664
932.0 5.796019900497512 0.0010858327052516664
933.0 5.802238805970149 0.0010858327052516664
934.0 5.808457711442786 0.0010858327052516664
935.0 5.814676616915424 0.0010858327052516664
936.0 5.82089552238806 0.0010858327052516664
937.0 5.827114427860697 0.0010858327052516664
938.0 5.833333333333334 0.0010858327052516664
939.0 5.839552238805971 0.0010858327052516664
940.0 5.845771144278608 0.0010858327052516664
941.0 5.851990049751244 0.0010858327052516664
942.0 5.858208955223881 0.0010858327052516664
943.0 5.864427860696518 0.0010858327052516664
944.0 5.870646766169155 0.0010858327052516664
945.0 5.8768656716417915 0.0010858327052516664
946.0 5.8830845771144284 0.0010858327052516664
947.0 5.889303482587065 0.0010858327052516664
948.0 5.895522388059702 0.0010858327052516664
949.0 5.901741293532339 0.0010858327052516664
950.0 5.907960199004975 0.0010858327052516664
951.0 5.914179104477612 0.0010858327052516664
952.0 5.920398009950249 0.0010858327052516664
953.0 5.926616915422886 0.0010858327052516664
954.0 5.932835820895523 0.0010858327052516664
955.0 5.939054726368159 0.0010858327052516664
956.0 5.945273631840797 0.0010858327052516664
957.0 5.951492537313434 0.0010858327052516664
958.0 5.957711442786071 0.0010858327052516664
959.0 5.963930348258707 0.0010858327052516664
960.0 5.970149253731344 0.0010858327052516664
961.0 5.976368159203981 0.0010858327052516664
962.0 5.9825870646766175 0.0010858327052516664
963.0 5.988805970149254 0.0010858327052516664
964.0 5.9950248756218905 0.0010858327052516664
965.0 6.001243781094527 0.0010858327052516664
966.0 6.007462686567165 0.0010858327052516664
967.0 6.013681592039802 0.0010858327052516664
968.0 6.019900497512438 0.0010858327052516664
969.0 6.026119402985075 0.0010858327052516664
970.0 6.032338308457712 0.0010858327052516664
971.0 6.038557213930349 0.0010858327052516664
972.0 6.044776119402986 0.0010858327052516664
973.0 6.050995024875622 0.0010858327052516664
974.0 6.057213930348259 0.0010858327052516664
975.0 6.063432835820896 0.0010858327052516664
976.0 6.069651741293533 0.0010858327052516664
977.0 6.07587064676617 0.0010858327052516664
978.0 6.0820895522388065 0.0010858327052516664
979.0 6.0883084577114435 0.0010858327052516664
980.0 6.09452736318408 0.0010858327052516664
981.0 6.100746268656717 0.0010858327052516664
982.0 6.106965174129353 0.0010858327052516664
983.0 6.11318407960199 0.0010858327052516664
984.0 6.119402985074627 0.0010858327052516664
985.0 6.125621890547264 0.0010858327052516664
986.0 6.131840796019901 0.0010858327052516664
987.0 6.138059701492537 0.0010858327052516664
988.0 6.144278606965175 0.0010858327052516664
989.0 6.150497512437812 0.0010858327052516664
990.0 6.156716417910449 0.0010858327052516664
991.0 6.162935323383085 0.0010858327052516664
992.0 6.169154228855722 0.0010858327052516664
993.0 6.175373134328359 0.0010858327052516664
994.0 6.181592039800996 0.0010858327052516664
995.0 6.1878109452736325 0.0010858327052516664
996.0 6.1940298507462686 0.0010858327052516664
997.0 6.2002487562189055 0.0010858327052516664
998.0 6.206467661691543 0.0010858327052516664
999.0 6.21268656716418 0.0010858327052516664
1000.0 6.218905472636816 0.0010858327052516664
1001.0 6.225124378109453 0.0010858327052516664
1002.0 6.23134328358209 0.0010858327052516664
1003.0 6.237562189054727 0.0010858327052516664
1004.0 6.243781094527364 0.0010858327052516664
1005.0 6.25 0.0010858327052516664
1006.0 6.256218905472637 0.0010858327052516664
1007.0 6.262437810945274 0.0010858327052516664
1008.0 6.268656716417911 0.0010858327052516664
1009.0 6.274875621890548 0.0010858327052516664
1010.0 6.281094527363185 0.0010858327052516664
1011.0 6.287313432835822 0.0010858327052516664
1012.0 6.2935323383084585 0.0010858327052516664
1013.0 6.299751243781095 0.0010858327052516664
1014.0 6.3059701492537314 0.0010858327052516664
1015.0 6.312189054726368 0.0010858327052516664
1016.0 6.318407960199005 0.0010858327052516664
1017.0 6.324626865671642 0.0010858327052516664
1018.0 6.330845771144279 0.0010858327052516664
1019.0 6.337064676616916 0.0010858327052516664
1020.0 6.343283582089553 0.0010858327052516664
1021.0 6.34950248756219 0.0010858327052516664
1022.0 6.355721393034827 0.0010858327052516664
1023.0 6.361940298507463 0.0010858327052516664
1024.0 6.3681592039801 0.0010858327052516664
1025.0 6.374378109452737 0.0010858327052516664
1026.0 6.380597014925374 0.0010858327052516664
1027.0 6.386815920398011 0.0010858327052516664
1028.0 6.393034825870647 0.0010858327052516664
1029.0 6.399253731343284 0.0010858327052516664
1030.0 6.405472636815921 0.0010858327052516664
1031.0 6.411691542288557 0.0010858327052516664
1032.0 6.417910447761194 0.0010858327052516664
1033.0 6.42412935323383 0.0010858327052516664
1034.0 6.430348258706468 0.0010858327052516664
1035.0 6.436567164179106 0.0010858327052516664
1036.0 6.442786069651742 0.0010858327052516664
1037.0 6.449004975124379 0.0010858327052516664
1038.0 6.455223880597015 0.0010858327052516664
1039.0 6.461442786069653 0.0010858327052516664
1040.0 6.467661691542289 0.0010858327052516664
1041.0 6.473880597014926 0.0010858327052516664
1042.0 6.480099502487562 0.0010858327052516664
1043.0 6.4863184079602 0.0010858327052516664
1044.0 6.492537313432836 0.0010858327052516664
1045.0 6.4987562189054735 0.0010858327052516664
1046.0 6.50497512437811 0.0010858327052516664
1047.0 6.5111940298507465 0.0010858327052516664
1048.0 6.517412935323384 0.0010858327052516664
1049.0 6.52363184079602 0.0010858327052516664
1050.0 6.529850746268657 0.0010858327052516664
1051.0 6.536069651741293 0.0010858327052516664
1052.0 6.542288557213931 0.0010858327052516664
1053.0 6.548507462686567 0.0010858327052516664
1054.0 6.554726368159205 0.0010858327052516664
1055.0 6.560945273631841 0.0010858327052516664
1056.0 6.567164179104478 0.0010858327052516664
1057.0 6.573383084577116 0.0010858327052516664
1058.0 6.579601990049752 0.0010858327052516664
1059.0 6.585820895522389 0.0010858327052516664
1060.0 6.592039800995025 0.0010858327052516664
1061.0 6.5982587064676625 0.0010858327052516664
1062.0 6.604477611940299 0.0010858327052516664
1063.0 6.610696517412936 0.0010858327052516664
1064.0 6.616915422885572 0.0010858327052516664
1065.0 6.623134328358209 0.0010858327052516664
1066.0 6.629353233830845 0.0010858327052516664
1067.0 6.635572139303483 0.0010858327052516664
1068.0 6.64179104477612 0.0010858327052516664
1069.0 6.648009950248756 0.0010858327052516664
1070.0 6.654228855721394 0.0010858327052516664
1071.0 6.66044776119403 0.0010858327052516664
1072.0 6.666666666666668 0.0010858327052516664
1073.0 6.672885572139304 0.0010858327052516664
1074.0 6.679104477611941 0.0010858327052516664
1075.0 6.685323383084577 0.0010858327052516664
1076.0 6.691542288557215 0.0010858327052516664
1077.0 6.697761194029852 0.0010858327052516664
1078.0 6.703980099502488 0.0010858327052516664
1079.0 6.7101990049751254 0.0010858327052516664
1080.0 6.7164179104477615 0.0010858327052516664
1081.0 6.722636815920399 0.0010858327052516664
1082.0 6.728855721393035 0.0010858327052516664
1083.0 6.735074626865672 0.0010858327052516664
1084.0 6.741293532338308 0.0010858327052516664
1085.0 6.747512437810946 0.0010858327052516664
1086.0 6.753731343283582 0.0010858327052516664
1087.0 6.759950248756219 0.0010858327052516664
1088.0 6.766169154228857 0.0010858327052516664
1089.0 6.772388059701493 0.0010858327052516664
1090.0 6.778606965174131 0.0010858327052516664
1091.0 6.784825870646767 0.0010858327052516664
1092.0 6.791044776119404 0.0010858327052516664
1093.0 6.79726368159204 0.0010858327052516664
1094.0 6.803482587064678 0.0010858327052516664
1095.0 6.809701492537314 0.0010858327052516664
1096.0 6.8159203980099505 0.0010858327052516664
1097.0 6.822139303482587 0.0010858327052516664
1098.0 6.828358208955224 0.0010858327052516664
1099.0 6.834577114427862 0.0010858327052516664
1100.0 6.840796019900498 0.0010858327052516664
1101.0 6.847014925373135 0.0010858327052516664
1102.0 6.853233830845771 0.0010858327052516664
1103.0 6.859452736318409 0.0010858327052516664
1104.0 6.865671641791045 0.0010858327052516664
1105.0 6.871890547263682 0.0010858327052516664
1106.0 6.878109452736318 0.0010858327052516664
1107.0 6.884328358208956 0.0010858327052516664
1108.0 6.890547263681592 0.0010858327052516664
1109.0 6.89676616915423 0.0010858327052516664
1110.0 6.902985074626867 0.0010858327052516664
1111.0 6.909203980099503 0.0010858327052516664
1112.0 6.9154228855721405 0.0010858327052516664
1113.0 6.9216417910447765 0.0010858327052516664
1114.0 6.927860696517413 0.0010858327052516664
1115.0 6.9340796019900495 0.0010858327052516664
1116.0 6.940298507462687 0.0010858327052516664
1117.0 6.946517412935323 0.0010858327052516664
1118.0 6.952736318407961 0.0010858327052516664
1119.0 6.958955223880597 0.0010858327052516664
1120.0 6.965174129353234 0.0010858327052516664
1121.0 6.971393034825872 0.0010858327052516664
1122.0 6.977611940298508 0.0010858327052516664
1123.0 6.983830845771145 0.0010858327052516664
1124.0 6.990049751243781 0.0010858327052516664
1125.0 6.996268656716419 0.0010858327052516664
1126.0 7.002487562189055 0.0010858327052516664
1127.0 7.008706467661693 0.0010858327052516664
1128.0 7.014925373134329 0.0010858327052516664
1129.0 7.0211442786069655 0.0010858327052516664
1130.0 7.027363184079603 0.0010858327052516664
1131.0 7.033582089552239 0.0010858327052516664
1132.0 7.039800995024876 0.0010858327052516664
1133.0 7.046019900497512 0.0010858327052516664
1134.0 7.05223880597015 0.0010858327052516664
1135.0 7.058457711442786 0.0010858327052516664
1136.0 7.064676616915424 0.0010858327052516664
1137.0 7.07089552238806 0.0010858327052516664
1138.0 7.077114427860697 0.0010858327052516664
1139.0 7.083333333333333 0.0010858327052516664
1140.0 7.089552238805971 0.0010858327052516664
1141.0 7.095771144278608 0.0010858327052516664
1142.0 7.101990049751244 0.0010858327052516664
1143.0 7.108208955223882 0.0010858327052516664
1144.0 7.114427860696518 0.0010858327052516664
1145.0 7.1206467661691555 0.0010858327052516664
1146.0 7.1268656716417915 0.0010858327052516664
1147.0 7.1330845771144284 0.0010858327052516664
1148.0 7.1393034825870645 0.0010858327052516664
1149.0 7.145522388059702 0.0010858327052516664
1150.0 7.151741293532338 0.0010858327052516664
1151.0 7.157960199004975 0.0010858327052516664
1152.0 7.164179104477613 0.0010858327052516664
1153.0 7.170398009950249 0.0010858327052516664
1154.0 7.176616915422887 0.0010858327052516664
1155.0 7.182835820895523 0.0010858327052516664
1156.0 7.18905472636816 0.0010858327052516664
1157.0 7.195273631840796 0.0010858327052516664
1158.0 7.201492537313434 0.0010858327052516664
1159.0 7.20771144278607 0.0010858327052516664
1160.0 7.213930348258707 0.0010858327052516664
1161.0 7.220149253731343 0.0010858327052516664
1162.0 7.226368159203981 0.0010858327052516664
1163.0 7.232587064676618 0.0010858327052516664
1164.0 7.238805970149254 0.0010858327052516664
1165.0 7.245024875621891 0.0010858327052516664
1166.0 7.251243781094527 0.0010858327052516664
1167.0 7.257462686567165 0.0010858327052516664
1168.0 7.263681592039801 0.0010858327052516664
1169.0 7.269900497512438 0.0010858327052516664
1170.0 7.276119402985074 0.0010858327052516664
1171.0 7.282338308457712 0.0010858327052516664
1172.0 7.28855721393035 0.0010858327052516664
1173.0 7.294776119402986 0.0010858327052516664
1174.0 7.300995024875623 0.0010858327052516664
1175.0 7.307213930348259 0.0010858327052516664
1176.0 7.313432835820897 0.0010858327052516664
1177.0 7.319651741293533 0.0010858327052516664
1178.0 7.32587064676617 0.0010858327052516664
1179.0 7.332089552238806 0.0010858327052516664
1180.0 7.3383084577114435 0.0010858327052516664
1181.0 7.3445273631840795 0.0010858327052516664
1182.0 7.350746268656717 0.0010858327052516664
1183.0 7.356965174129354 0.0010858327052516664
1184.0 7.36318407960199 0.0010858327052516664
1185.0 7.369402985074628 0.0010858327052516664
1186.0 7.375621890547264 0.0010858327052516664
1187.0 7.381840796019901 0.0010858327052516664
1188.0 7.388059701492537 0.0010858327052516664
1189.0 7.394278606965175 0.0010858327052516664
1190.0 7.400497512437811 0.0010858327052516664
1191.0 7.406716417910449 0.0010858327052516664
1192.0 7.412935323383085 0.0010858327052516664
1193.0 7.419154228855722 0.0010858327052516664
1194.0 7.4253731343283595 0.0010858327052516664
1195.0 7.431592039800996 0.0010858327052516664
1196.0 7.4378109452736325 0.0010858327052516664
1197.0 7.4440298507462686 0.0010858327052516664
1198.0 7.450248756218906 0.0010858327052516664
1199.0 7.456467661691542 0.0010858327052516664
1200.0 7.46268656716418 0.0010858327052516664
1201.0 7.468905472636816 0.0010858327052516664
1202.0 7.475124378109453 0.0010858327052516664
1203.0 7.481343283582089 0.0010858327052516664
1204.0 7.487562189054727 0.0010858327052516664
1205.0 7.493781094527364 0.0010858327052516664
1206.0 7.5 0.0010858327052516664
1207.0 7.506218905472638 0.0010858327052516664
1208.0 7.512437810945274 0.0010858327052516664
1209.0 7.518656716417912 0.0010858327052516664
1210.0 7.524875621890548 0.0010858327052516664
1211.0 7.531094527363185 0.0010858327052516664
1212.0 7.537313432835821 0.0010858327052516664
1213.0 7.5435323383084585 0.0010858327052516664
1214.0 7.5497512437810945 0.0010858327052516664
1215.0 7.5559701492537314 0.0010858327052516664
1216.0 7.562189054726369 0.0010858327052516664
1217.0 7.568407960199005 0.0010858327052516664
1218.0 7.574626865671643 0.0010858327052516664
1219.0 7.580845771144279 0.0010858327052516664
1220.0 7.587064676616916 0.0010858327052516664
1221.0 7.593283582089552 0.0005429163526258332
1222.0 7.59950248756219 0.0005429163526258332
1223.0 7.605721393034826 0.0010858327052516664
1224.0 7.611940298507463 0.0010858327052516664
1225.0 7.618159203980101 0.0010858327052516664
1226.0 7.624378109452737 0.0010858327052516664
1227.0 7.630597014925375 0.0005429163526258332
1228.0 7.636815920398011 0.0005429163526258332
1229.0 7.6430348258706475 0.0005429163526258332
1230.0 7.649253731343284 0.0005429163526258332
1231.0 7.655472636815921 0.0005429163526258332
1232.0 7.661691542288557 0.0005429163526258332
1233.0 7.667910447761194 0.0010858327052516664
1234.0 7.67412935323383 0.0005429163526258332
1235.0 7.680348258706468 0.0005429163526258332
1236.0 7.686567164179106 0.0005429163526258332
1237.0 7.692786069651742 0.0005429163526258332
1238.0 7.699004975124379 0.0005429163526258332
1239.0 7.705223880597015 0.0005429163526258332
1240.0 7.711442786069653 0.0005429163526258332
1241.0 7.717661691542289 0.0005429163526258332
1242.0 7.723880597014926 0.0005429163526258332
1243.0 7.730099502487562 0.0005429163526258332
1244.0 7.7363184079602 0.0005429163526258332
1245.0 7.742537313432836 0.0005429163526258332
1246.0 7.7487562189054735 0.0005429163526258332
1247.0 7.75497512437811 0.0005429163526258332
1248.0 7.7611940298507465 0.0005429163526258332
1249.0 7.767412935323384 0.0005429163526258332
1250.0 7.77363184079602 0.0005429163526258332
1251.0 7.779850746268657 0.0005429163526258332
1252.0 7.786069651741293 0.0005429163526258332
1253.0 7.792288557213931 0.0005429163526258332
1254.0 7.798507462686567 0.0005429163526258332
1255.0 7.804726368159205 0.0005429163526258332
1256.0 7.810945273631841 0.0005429163526258332
1257.0 7.817164179104478 0.0005429163526258332
1258.0 7.823383084577116 0.0005429163526258332
1259.0 7.829601990049752 0.0005429163526258332
1260.0 7.835820895522389 0.0005429163526258332
1261.0 7.842039800995025 0.0005429163526258332
1262.0 7.8482587064676625 0.0005429163526258332
1263.0 7.854477611940299 0.0005429163526258332
1264.0 7.860696517412936 0.0005429163526258332
1265.0 7.866915422885572 0.0005429163526258332
1266.0 7.873134328358209 0.0005429163526258332
1267.0 7.879353233830847 0.0005429163526258332
1268.0 7.885572139303483 0.0010858327052516664
1269.0 7.89179104477612 0.0010858327052516664
1270.0 7.898009950248756 0.0010858327052516664
1271.0 7.904228855721394 0.0005429163526258332
1272.0 7.91044776119403 0.0010858327052516664
1273.0 7.916666666666668 0.0010858327052516664
1274.0 7.922885572139304 0.0010858327052516664
1275.0 7.929104477611941 0.0010858327052516664
1276.0 7.935323383084577 0.0010858327052516664
1277.0 7.941542288557215 0.0010858327052516664
1278.0 7.947761194029852 0.0010858327052516664
1279.0 7.953980099502488 0.0010858327052516664
1280.0 7.9601990049751254 0.0010858327052516664
1281.0 7.9664179104477615 0.0010858327052516664
1282.0 7.972636815920399 0.0010858327052516664
1283.0 7.978855721393035 0.0010858327052516664
1284.0 7.985074626865672 0.0010858327052516664
1285.0 7.991293532338308 0.0010858327052516664
1286.0 7.997512437810946 0.0010858327052516664
1287.0 8.003731343283581 0.0010858327052516664
1288.0 8.009950248756219 0.0010858327052516664
1289.0 8.016169154228857 0.0010858327052516664
1290.0 8.022388059701493 0.0010858327052516664
1291.0 8.02860696517413 0.0010858327052516664
1292.0 8.034825870646767 0.0010858327052516664
1293.0 8.041044776119405 0.0010858327052516664
1294.0 8.04726368159204 0.0010858327052516664
1295.0 8.053482587064677 0.0010858327052516664
1296.0 8.059701492537313 0.0005429163526258332
1297.0 8.06592039800995 0.0005429163526258332
1298.0 8.072139303482587 0.0005429163526258332
1299.0 8.078358208955224 0.0005429163526258332
1300.0 8.084577114427862 0.0005429163526258332
1301.0 8.090796019900498 0.0005429163526258332
1302.0 8.097014925373136 0.0005429163526258332
1303.0 8.103233830845772 0.0005429163526258332
1304.0 8.109452736318408 0.0005429163526258332
1305.0 8.115671641791044 0.0005429163526258332
1306.0 8.121890547263682 0.0005429163526258332
1307.0 8.128109452736318 0.0005429163526258332
1308.0 8.134328358208956 0.0005429163526258332
1309.0 8.140547263681592 0.0005429163526258332
1310.0 8.14676616915423 0.0005429163526258332
1311.0 8.152985074626868 0.0005429163526258332
1312.0 8.159203980099504 0.0005429163526258332
1313.0 8.16542288557214 0.0005429163526258332
1314.0 8.171641791044776 0.0005429163526258332
1315.0 8.177860696517413 0.0005429163526258332
1316.0 8.18407960199005 0.0005429163526258332
1317.0 8.190298507462687 0.0005429163526258332
1318.0 8.196517412935323 0.0005429163526258332
1319.0 8.202736318407961 0.0005429163526258332
1320.0 8.208955223880599 0.0005429163526258332
1321.0 8.215174129353235 0.0005429163526258332
1322.0 8.221393034825871 0.0005429163526258332
1323.0 8.227611940298507 0.0005429163526258332
1324.0 8.233830845771145 0.0005429163526258332
1325.0 8.240049751243781 0.0005429163526258332
1326.0 8.246268656716419 0.0005429163526258332
1327.0 8.252487562189055 0.0005429163526258332
1328.0 8.258706467661693 0.0005429163526258332
1329.0 8.264925373134329 0.0005429163526258332
1330.0 8.271144278606966 0.0005429163526258332
1331.0 8.277363184079602 0.0005429163526258332
1332.0 8.283582089552239 0.0005429163526258332
1333.0 8.289800995024876 0.0010858327052516664
1334.0 8.296019900497512 0.0005429163526258332
1335.0 8.30223880597015 0.0005429163526258332
1336.0 8.308457711442786 0.0005429163526258332
1337.0 8.314676616915424 0.0005429163526258332
1338.0 8.32089552238806 0.0005429163526258332
1339.0 8.327114427860698 0.0010858327052516664
1340.0 8.333333333333334 0.0005429163526258332
1341.0 8.33955223880597 0.0005429163526258332
1342.0 8.345771144278608 0.0005429163526258332
1343.0 8.351990049751244 0.0005429163526258332
1344.0 8.358208955223882 0.0005429163526258332
1345.0 8.364427860696518 0.0005429163526258332
1346.0 8.370646766169155 0.0005429163526258332
1347.0 8.376865671641792 0.0005429163526258332
1348.0 8.38308457711443 0.0010858327052516664
1349.0 8.389303482587065 0.0005429163526258332
1350.0 8.395522388059701 0.0010858327052516664
1351.0 8.401741293532337 0.0005429163526258332
1352.0 8.407960199004975 0.0005429163526258332
1353.0 8.414179104477613 0.0005429163526258332
1354.0 8.42039800995025 0.0005429163526258332
1355.0 8.426616915422887 0.0005429163526258332
1356.0 8.432835820895523 0.0005429163526258332
1357.0 8.43905472636816 0.0005429163526258332
1358.0 8.445273631840797 0.0010858327052516664
1359.0 8.451492537313433 0.0005429163526258332
1360.0 8.457711442786069 0.0005429163526258332
1361.0 8.463930348258707 0.0005429163526258332
1362.0 8.470149253731345 0.0005429163526258332
1363.0 8.47636815920398 0.0010858327052516664
1364.0 8.482587064676618 0.0005429163526258332
1365.0 8.488805970149254 0.0005429163526258332
1366.0 8.495024875621892 0.0005429163526258332
1367.0 8.501243781094528 0.0005429163526258332
1368.0 8.507462686567164 0.0005429163526258332
1369.0 8.5136815920398 0.0005429163526258332
1370.0 8.519900497512438 0.0005429163526258332
1371.0 8.526119402985074 0.0005429163526258332
1372.0 8.532338308457712 0.0005429163526258332
1373.0 8.53855721393035 0.0005429163526258332
1374.0 8.544776119402986 0.0005429163526258332
1375.0 8.550995024875624 0.0005429163526258332
1376.0 8.55721393034826 0.0005429163526258332
1377.0 8.563432835820896 0.0005429163526258332
1378.0 8.569651741293532 0.0005429163526258332
1379.0 8.57587064676617 0.0005429163526258332
1380.0 8.582089552238806 0.0005429163526258332
1381.0 8.588308457711443 0.0005429163526258332
1382.0 8.59452736318408 0.0005429163526258332
1383.0 8.600746268656717 0.0005429163526258332
1384.0 8.606965174129355 0.0005429163526258332
1385.0 8.613184079601991 0.0005429163526258332
1386.0 8.619402985074627 0.0005429163526258332
1387.0 8.625621890547263 0.0010858327052516664
1388.0 8.631840796019901 0.0005429163526258332
1389.0 8.638059701492537 0.0005429163526258332
1390.0 8.644278606965175 0.0005429163526258332
1391.0 8.650497512437811 0.0005429163526258332
1392.0 8.656716417910449 0.0005429163526258332
1393.0 8.662935323383085 0.0005429163526258332
1394.0 8.669154228855723 0.0005429163526258332
1395.0 8.675373134328359 0.0005429163526258332
1396.0 8.681592039800995 0.0005429163526258332
1397.0 8.687810945273633 0.0005429163526258332
1398.0 8.694029850746269 0.0010858327052516664
1399.0 8.700248756218906 0.0010858327052516664
1400.0 8.706467661691542 0.0005429163526258332
1401.0 8.71268656716418 0.0010858327052516664
1402.0 8.718905472636816 0.0010858327052516664
1403.0 8.725124378109454 0.0010858327052516664
1404.0 8.73134328358209 0.0010858327052516664
1405.0 8.737562189054726 0.0010858327052516664
1406.0 8.743781094527364 0.0010858327052516664
1407.0 8.75 0.0010858327052516664
1408.0 8.756218905472638 0.0010858327052516664
1409.0 8.762437810945274 0.0010858327052516664
1410.0 8.768656716417912 0.0010858327052516664
1411.0 8.774875621890548 0.0010858327052516664
1412.0 8.781094527363186 0.0010858327052516664
1413.0 8.787313432835822 0.0010858327052516664
1414.0 8.793532338308458 0.0010858327052516664
1415.0 8.799751243781095 0.0010858327052516664
1416.0 8.805970149253731 0.0010858327052516664
1417.0 8.81218905472637 0.0010858327052516664
1418.0 8.818407960199005 0.0010858327052516664
1419.0 8.824626865671643 0.0010858327052516664
1420.0 8.83084577114428 0.0010858327052516664
1421.0 8.837064676616917 0.0010858327052516664
1422.0 8.843283582089553 0.0010858327052516664
1423.0 8.849502487562189 0.0010858327052516664
1424.0 8.855721393034825 0.0010858327052516664
1425.0 8.861940298507463 0.0010858327052516664
1426.0 8.8681592039801 0.0010858327052516664
1427.0 8.874378109452737 0.0010858327052516664
1428.0 8.880597014925375 0.0010858327052516664
1429.0 8.88681592039801 0.0010858327052516664
1430.0 8.893034825870648 0.0010858327052516664
1431.0 8.899253731343284 0.0005429163526258332
1432.0 8.90547263681592 0.0010858327052516664
1433.0 8.911691542288557 0.0010858327052516664
1434.0 8.917910447761194 0.0005429163526258332
1435.0 8.92412935323383 0.0010858327052516664
1436.0 8.930348258706468 0.0010858327052516664
1437.0 8.936567164179106 0.0010858327052516664
1438.0 8.942786069651742 0.0010858327052516664
1439.0 8.94900497512438 0.0005429163526258332
1440.0 8.955223880597016 0.0010858327052516664
1441.0 8.961442786069652 0.0010858327052516664
1442.0 8.967661691542288 0.0005429163526258332
1443.0 8.973880597014926 0.0005429163526258332
1444.0 8.980099502487562 0.0005429163526258332
1445.0 8.9863184079602 0.0005429163526258332
1446.0 8.992537313432836 0.0005429163526258332
1447.0 8.998756218905474 0.0005429163526258332
1448.0 9.004975124378111 0.0005429163526258332
1449.0 9.011194029850747 0.0005429163526258332
1450.0 9.017412935323383 0.0005429163526258332
1451.0 9.02363184079602 0.0005429163526258332
1452.0 9.029850746268657 0.0005429163526258332
1453.0 9.036069651741293 0.0010858327052516664
1454.0 9.042288557213931 0.0010858327052516664
1455.0 9.048507462686567 0.0010858327052516664
1456.0 9.054726368159205 0.0010858327052516664
1457.0 9.060945273631843 0.0010858327052516664
1458.0 9.067164179104479 0.0010858327052516664
1459.0 9.073383084577115 0.0010858327052516664
1460.0 9.07960199004975 0.0010858327052516664
1461.0 9.085820895522389 0.0010858327052516664
1462.0 9.092039800995025 0.0010858327052516664
1463.0 9.098258706467663 0.0010858327052516664
1464.0 9.104477611940299 0.0010858327052516664
1465.0 9.110696517412936 0.0010858327052516664
1466.0 9.116915422885572 0.0005429163526258332
1467.0 9.12313432835821 0.0010858327052516664
1468.0 9.129353233830846 0.0010858327052516664
1469.0 9.135572139303482 0.0010858327052516664
1470.0 9.14179104477612 0.0010858327052516664
1471.0 9.148009950248756 0.0010858327052516664
1472.0 9.154228855721394 0.0010858327052516664
1473.0 9.16044776119403 0.0005429163526258332
1474.0 9.166666666666668 0.0005429163526258332
1475.0 9.172885572139304 0.0005429163526258332
1476.0 9.179104477611942 0.0005429163526258332
1477.0 9.185323383084578 0.0005429163526258332
1478.0 9.191542288557214 0.0005429163526258332
1479.0 9.197761194029852 0.0005429163526258332
1480.0 9.203980099502488 0.0005429163526258332
1481.0 9.210199004975125 0.0005429163526258332
1482.0 9.216417910447761 0.0005429163526258332
1483.0 9.2226368159204 0.0005429163526258332
1484.0 9.228855721393035 0.0005429163526258332
1485.0 9.235074626865673 0.0005429163526258332
1486.0 9.24129353233831 0.0005429163526258332
1487.0 9.247512437810945 0.0005429163526258332
1488.0 9.253731343283581 0.0005429163526258332
1489.0 9.259950248756219 0.0005429163526258332
1490.0 9.266169154228857 0.0005429163526258332
1491.0 9.272388059701493 0.0005429163526258332
1492.0 9.27860696517413 0.0005429163526258332
1493.0 9.284825870646767 0.0005429163526258332
1494.0 9.291044776119405 0.0005429163526258332
1495.0 9.29726368159204 0.0005429163526258332
1496.0 9.303482587064677 0.0005429163526258332
1497.0 9.309701492537313 0.0005429163526258332
1498.0 9.31592039800995 0.0005429163526258332
1499.0 9.322139303482587 0.0005429163526258332
1500.0 9.328358208955224 0.0005429163526258332
1501.0 9.334577114427862 0.0005429163526258332
1502.0 9.340796019900498 0.0005429163526258332
1503.0 9.347014925373136 0.0005429163526258332
1504.0 9.353233830845772 0.0005429163526258332
1505.0 9.359452736318408 0.0005429163526258332
1506.0 9.365671641791044 0.0005429163526258332
1507.0 9.371890547263682 0.0005429163526258332
1508.0 9.378109452736318 0.0005429163526258332
1509.0 9.384328358208956 0.0005429163526258332
1510.0 9.390547263681594 0.0005429163526258332
1511.0 9.39676616915423 0.0005429163526258332
1512.0 9.402985074626868 0.0005429163526258332
1513.0 9.409203980099504 0.0005429163526258332
1514.0 9.41542288557214 0.0005429163526258332
1515.0 9.421641791044776 0.0005429163526258332
1516.0 9.427860696517413 0.0005429163526258332
1517.0 9.43407960199005 0.0005429163526258332
1518.0 9.440298507462687 0.0005429163526258332
1519.0 9.446517412935323 0.0005429163526258332
1520.0 9.452736318407961 0.0005429163526258332
1521.0 9.458955223880599 0.0005429163526258332
1522.0 9.465174129353235 0.0005429163526258332
1523.0 9.471393034825871 0.0005429163526258332
1524.0 9.477611940298507 0.0005429163526258332
1525.0 9.483830845771145 0.0005429163526258332
1526.0 9.490049751243781 0.0005429163526258332
1527.0 9.496268656716419 0.0005429163526258332
1528.0 9.502487562189055 0.0005429163526258332
1529.0 9.508706467661693 0.0005429163526258332
1530.0 9.514925373134329 0.0005429163526258332
1531.0 9.521144278606966 0.0005429163526258332
1532.0 9.527363184079602 0.0005429163526258332
1533.0 9.533582089552239 0.0005429163526258332
1534.0 9.539800995024876 0.0005429163526258332
1535.0 9.546019900497512 0.0005429163526258332
1536.0 9.55223880597015 0.0005429163526258332
1537.0 9.558457711442786 0.0005429163526258332
1538.0 9.564676616915424 0.0005429163526258332
1539.0 9.57089552238806 0.0005429163526258332
1540.0 9.577114427860698 0.0005429163526258332
1541.0 9.583333333333334 0.0005429163526258332
1542.0 9.58955223880597 0.0005429163526258332
1543.0 9.595771144278608 0.0005429163526258332
1544.0 9.601990049751244 0.0005429163526258332
1545.0 9.608208955223882 0.0005429163526258332
1546.0 9.614427860696518 0.0005429163526258332
1547.0 9.620646766169155 0.0005429163526258332
1548.0 9.626865671641792 0.0005429163526258332
1549.0 9.63308457711443 0.0005429163526258332
1550.0 9.639303482587065 0.0005429163526258332
1551.0 9.645522388059703 0.0005429163526258332
1552.0 9.65174129353234 0.0005429163526258332
1553.0 9.657960199004975 0.0005429163526258332
1554.0 9.664179104477613 0.0005429163526258332
1555.0 9.67039800995025 0.0005429163526258332
1556.0 9.676616915422887 0.0005429163526258332
1557.0 9.682835820895523 0.0005429163526258332
1558.0 9.68905472636816 0.0005429163526258332
1559.0 9.695273631840797 0.0005429163526258332
1560.0 9.701492537313435 0.0005429163526258332
1561.0 9.70771144278607 0.0005429163526258332
1562.0 9.713930348258707 0.0005429163526258332
1563.0 9.720149253731345 0.0005429163526258332
1564.0 9.72636815920398 0.0005429163526258332
1565.0 9.732587064676618 0.0005429163526258332
1566.0 9.738805970149254 0.0005429163526258332
1567.0 9.745024875621892 0.0005429163526258332
1568.0 9.751243781094528 0.0005429163526258332
1569.0 9.757462686567166 0.0005429163526258332
1570.0 9.763681592039802 0.0005429163526258332
1571.0 9.769900497512438 0.0005429163526258332
1572.0 9.776119402985074 0.0005429163526258332
1573.0 9.782338308457712 0.0005429163526258332
1574.0 9.78855721393035 0.0005429163526258332
1575.0 9.794776119402986 0.0005429163526258332
1576.0 9.800995024875624 0.0005429163526258332
1577.0 9.80721393034826 0.0005429163526258332
1578.0 9.813432835820898 0.0005429163526258332
1579.0 9.819651741293534 0.0005429163526258332
1580.0 9.82587064676617 0.0005429163526258332
1581.0 9.832089552238806 0.0005429163526258332
1582.0 9.838308457711443 0.0005429163526258332
1583.0 9.84452736318408 0.0005429163526258332
1584.0 9.850746268656717 0.0005429163526258332
1585.0 9.856965174129355 0.0005429163526258332
1586.0 9.863184079601991 0.0005429163526258332
1587.0 9.869402985074629 0.0005429163526258332
1588.0 9.875621890547265 0.0005429163526258332
1589.0 9.881840796019901 0.0005429163526258332
1590.0 9.888059701492537 0.0005429163526258332
1591.0 9.894278606965175 0.0005429163526258332
1592.0 9.900497512437811 0.0005429163526258332
1593.0 9.906716417910449 0.0005429163526258332
1594.0 9.912935323383085 0.0005429163526258332
1595.0 9.919154228855723 0.0005429163526258332
1596.0 9.92537313432836 0.0005429163526258332
1597.0 9.931592039800996 0.0005429163526258332
1598.0 9.937810945273633 0.0005429163526258332
1599.0 9.944029850746269 0.0005429163526258332
1600.0 9.950248756218906 0.0005429163526258332
1601.0 9.956467661691542 0.0005429163526258332
1602.0 9.96268656716418 0.0005429163526258332
1603.0 9.968905472636816 0.0005429163526258332
1604.0 9.975124378109454 0.0005429163526258332
1605.0 9.981343283582092 0.0005429163526258332
1606.0 9.987562189054728 0.0005429163526258332
1607.0 9.993781094527364 0.0005429163526258332
1608.0 10.0 0.0005429163526258332
