1.0 0.005988023952095809 0.07166495854660371
2.0 0.011976047904191617 0.026602901278663584
3.0 0.017964071856287425 0.016287490578773652
4.0 0.023952095808383235 0.015201657873521984
5.0 0.029940119760479045 0.013029992463018801
6.0 0.03592814371257485 0.012487076110393118
7.0 0.041916167664670656 0.012487076110393118
8.0 0.04790419161676647 0.010858327052515767
9.0 0.053892215568862284 0.00977249434726425
10.0 0.05988023952095809 0.009229577994638418
11.0 0.0658682634730539 0.007057912584135234
12.0 0.0718562874251497 0.0076008289367609175
13.0 0.07784431137724551 0.007057912584135234
14.0 0.08383233532934131 0.00814374528938675
15.0 0.08982035928143713 0.0065149962315094005
16.0 0.09580838323353294 0.007057912584135234
17.0 0.10179640718562875 0.005972079878883717
18.0 0.10778443113772457 0.0054291635262578835
19.0 0.11377245508982037 0.0054291635262578835
20.0 0.11976047904191618 0.0054291635262578835
21.0 0.12574850299401197 0.00488624717363205
22.0 0.1317365269461078 0.00488624717363205
23.0 0.1377245508982036 0.004343330821006217
24.0 0.1437125748502994 0.004343330821006217
25.0 0.14970059880239522 0.004343330821006217
26.0 0.15568862275449102 0.004343330821006217
27.0 0.16167664670658685 0.004343330821006217
28.0 0.16766467065868262 0.004343330821006217
29.0 0.17365269461077845 0.0038004144683803837
30.0 0.17964071856287425 0.004343330821006217
31.0 0.18562874251497008 0.004343330821006217
32.0 0.19161676646706588 0.0038004144683803837
33.0 0.19760479041916168 0.0038004144683803837
34.0 0.2035928143712575 0.0038004144683803837
35.0 0.20958083832335328 0.0038004144683803837
36.0 0.21556886227544914 0.0038004144683803837
37.0 0.2215568862275449 0.0032574981157547003
38.0 0.22754491017964074 0.0032574981157547003
39.0 0.23353293413173654 0.0038004144683805334
40.0 0.23952095808383236 0.0038004144683805334
41.0 0.24550898203592816 0.0038004144683805334
42.0 0.25149700598802394 0.0038004144683805334
43.0 0.2574850299401198 0.0038004144683805334
44.0 0.2634730538922156 0.0038004144683805334
45.0 0.2694610778443114 0.0038004144683805334
46.0 0.2754491017964072 0.0038004144683805334
47.0 0.28143712574850305 0.0038004144683805334
48.0 0.2874251497005988 0.0038004144683805334
49.0 0.2934131736526946 0.0032574981157547003
50.0 0.29940119760479045 0.0032574981157547003
51.0 0.30538922155688625 0.0032574981157547003
52.0 0.31137724550898205 0.0032574981157547003
53.0 0.31736526946107785 0.0032574981157547003
54.0 0.3233532934131737 0.0032574981157547003
55.0 0.3293413173652695 0.0032574981157547003
56.0 0.33532934131736525 0.0032574981157547003
57.0 0.3413173652694611 0.0032574981157547003
58.0 0.3473053892215569 0.0032574981157547003
59.0 0.3532934131736527 0.0032574981157547003
60.0 0.3592814371257485 0.0032574981157547003
61.0 0.36526946107784436 0.0032574981157547003
62.0 0.37125748502994016 0.0032574981157547003
63.0 0.37724550898203596 0.0032574981157547003
64.0 0.38323353293413176 0.0032574981157547003
65.0 0.38922155688622756 0.0027145817631290168
66.0 0.39520958083832336 0.0032574981157547003
67.0 0.40119760479041916 0.0032574981157547003
68.0 0.407185628742515 0.0027145817631290168
69.0 0.4131736526946108 0.0027145817631290168
70.0 0.41916167664670656 0.0027145817631290168
71.0 0.4251497005988024 0.0027145817631290168
72.0 0.43113772455089827 0.0027145817631290168
73.0 0.437125748502994 0.0027145817631290168
74.0 0.4431137724550898 0.0027145817631290168
75.0 0.44910179640718567 0.0027145817631290168
76.0 0.45508982035928147 0.0032574981157547003
77.0 0.4610778443113772 0.0032574981157547003
78.0 0.46706586826347307 0.0027145817631290168
79.0 0.4730538922155689 0.0027145817631290168
80.0 0.4790419161676647 0.0027145817631290168
81.0 0.48502994011976047 0.0027145817631290168
82.0 0.4910179640718563 0.0027145817631290168
83.0 0.4970059880239521 0.0027145817631290168
84.0 0.5029940119760479 0.0027145817631290168
85.0 0.5089820359281437 0.0027145817631290168
86.0 0.5149700598802396 0.0027145817631290168
87.0 0.5209580838323354 0.0027145817631290168
88.0 0.5269461077844312 0.0027145817631290168
89.0 0.5329341317365269 0.0027145817631290168
90.0 0.5389221556886228 0.0027145817631290168
91.0 0.5449101796407185 0.0027145817631290168
92.0 0.5508982035928144 0.0027145817631290168
93.0 0.5568862275449102 0.0027145817631290168
94.0 0.5628742514970061 0.0027145817631290168
95.0 0.5688622754491018 0.0027145817631290168
96.0 0.5748502994011976 0.0027145817631290168
97.0 0.5808383233532934 0.0027145817631290168
98.0 0.5868263473053892 0.0027145817631290168
99.0 0.592814371257485 0.0027145817631290168
100.0 0.5988023952095809 0.0027145817631290168
101.0 0.6047904191616768 0.0027145817631290168
102.0 0.6107784431137725 0.0027145817631290168
103.0 0.6167664670658684 0.0021716654105031832
104.0 0.6227544910179641 0.0021716654105031832
105.0 0.6287425149700598 0.0021716654105031832
106.0 0.6347305389221557 0.0021716654105031832
107.0 0.6407185628742516 0.0021716654105031832
108.0 0.6467065868263474 0.0027145817631290168
109.0 0.6526946107784432 0.0027145817631290168
110.0 0.658682634730539 0.0027145817631290168
111.0 0.6646706586826348 0.0021716654105031832
112.0 0.6706586826347305 0.0021716654105031832
113.0 0.6766467065868264 0.0021716654105031832
114.0 0.6826347305389222 0.0021716654105031832
115.0 0.6886227544910181 0.0021716654105031832
116.0 0.6946107784431138 0.0021716654105031832
117.0 0.7005988023952097 0.0021716654105031832
118.0 0.7065868263473054 0.0021716654105031832
119.0 0.7125748502994013 0.0021716654105031832
120.0 0.718562874251497 0.0021716654105031832
121.0 0.7245508982035929 0.0021716654105031832
122.0 0.7305389221556887 0.0021716654105031832
123.0 0.7365269461077845 0.0021716654105031832
124.0 0.7425149700598803 0.0021716654105031832
125.0 0.7485029940119761 0.0021716654105031832
126.0 0.7544910179640719 0.0016287490578773501
127.0 0.7604790419161677 0.0016287490578773501
128.0 0.7664670658682635 0.0016287490578773501
129.0 0.7724550898203594 0.0016287490578773501
130.0 0.7784431137724551 0.0021716654105031832
131.0 0.784431137724551 0.0021716654105031832
132.0 0.7904191616766467 0.0021716654105031832
133.0 0.7964071856287426 0.0016287490578773501
134.0 0.8023952095808383 0.0016287490578773501
135.0 0.8083832335329343 0.0016287490578773501
136.0 0.81437125748503 0.0016287490578773501
137.0 0.8203592814371258 0.0016287490578773501
138.0 0.8263473053892216 0.0016287490578773501
139.0 0.8323353293413174 0.0016287490578773501
140.0 0.8383233532934131 0.0016287490578773501
141.0 0.8443113772455091 0.0016287490578773501
142.0 0.8502994011976048 0.0016287490578773501
143.0 0.8562874251497006 0.0016287490578773501
144.0 0.8622754491017965 0.0021716654105031832
145.0 0.8682634730538923 0.0021716654105031832
146.0 0.874251497005988 0.0021716654105031832
147.0 0.8802395209580839 0.0016287490578773501
148.0 0.8862275449101796 0.0016287490578773501
149.0 0.8922155688622756 0.0021716654105031832
150.0 0.8982035928143713 0.0016287490578773501
151.0 0.9041916167664671 0.0021716654105031832
152.0 0.9101796407185629 0.0021716654105031832
153.0 0.9161676646706587 0.0016287490578773501
154.0 0.9221556886227544 0.0021716654105031832
155.0 0.9281437125748504 0.0016287490578773501
156.0 0.9341317365269461 0.0016287490578773501
157.0 0.9401197604790419 0.0016287490578773501
158.0 0.9461077844311379 0.0016287490578773501
159.0 0.9520958083832336 0.0016287490578773501
160.0 0.9580838323353295 0.0016287490578773501
161.0 0.9640718562874252 0.0016287490578773501
162.0 0.9700598802395209 0.0016287490578773501
163.0 0.9760479041916169 0.0016287490578773501
164.0 0.9820359281437127 0.0016287490578773501
165.0 0.9880239520958084 0.0016287490578773501
166.0 0.9940119760479043 0.0016287490578773501
167.0 1.0 0.0016287490578773501
168.0 1.0059880239520957 0.0016287490578773501
169.0 1.0119760479041917 0.0016287490578773501
170.0 1.0179640718562875 0.0016287490578773501
171.0 1.0239520958083832 0.0016287490578773501
172.0 1.0299401197604792 0.0016287490578773501
173.0 1.035928143712575 0.0016287490578773501
174.0 1.0419161676646709 0.0016287490578773501
175.0 1.0479041916167666 0.0016287490578773501
176.0 1.0538922155688624 0.0016287490578773501
177.0 1.0598802395209581 0.0016287490578773501
178.0 1.0658682634730539 0.0016287490578773501
179.0 1.0718562874251496 0.0016287490578773501
180.0 1.0778443113772456 0.0016287490578773501
181.0 1.0838323353293413 0.0016287490578773501
182.0 1.089820359281437 0.0016287490578773501
183.0 1.095808383233533 0.0016287490578773501
184.0 1.1017964071856288 0.0016287490578773501
185.0 1.1077844311377245 0.0016287490578773501
186.0 1.1137724550898205 0.0016287490578773501
187.0 1.1197604790419162 0.0016287490578773501
188.0 1.1257485029940122 0.0016287490578773501
189.0 1.131736526946108 0.0016287490578773501
190.0 1.1377245508982037 0.0016287490578773501
191.0 1.1437125748502994 0.0016287490578773501
192.0 1.1497005988023952 0.0016287490578773501
193.0 1.155688622754491 0.0016287490578773501
194.0 1.1616766467065869 0.0016287490578773501
195.0 1.1676646706586826 0.0016287490578773501
196.0 1.1736526946107784 0.0016287490578773501
197.0 1.1796407185628743 0.0016287490578773501
198.0 1.18562874251497 0.0016287490578773501
199.0 1.191616766467066 0.0016287490578773501
200.0 1.1976047904191618 0.0016287490578773501
201.0 1.2035928143712575 0.0016287490578773501
202.0 1.2095808383233535 0.0016287490578773501
203.0 1.2155688622754492 0.0016287490578773501
204.0 1.221556886227545 0.0016287490578773501
205.0 1.227544910179641 0.0016287490578773501
206.0 1.2335329341317367 0.0016287490578773501
207.0 1.2395209580838324 0.0016287490578773501
208.0 1.2455089820359282 0.0016287490578773501
209.0 1.251497005988024 0.0016287490578773501
210.0 1.2574850299401197 0.0016287490578773501
211.0 1.2634730538922156 0.0016287490578773501
212.0 1.2694610778443114 0.0016287490578773501
213.0 1.2754491017964074 0.0016287490578773501
214.0 1.281437125748503 0.0016287490578773501
215.0 1.2874251497005988 0.0016287490578773501
216.0 1.2934131736526948 0.0016287490578773501
217.0 1.2994011976047906 0.0016287490578773501
218.0 1.3053892215568863 0.0016287490578773501
219.0 1.3113772455089823 0.0016287490578773501
220.0 1.317365269461078 0.0016287490578773501
221.0 1.3233532934131738 0.0016287490578773501
222.0 1.3293413173652695 0.0016287490578773501
223.0 1.3353293413173652 0.0016287490578773501
224.0 1.341317365269461 0.0016287490578773501
225.0 1.347305389221557 0.0016287490578773501
226.0 1.3532934131736527 0.0016287490578773501
227.0 1.3592814371257487 0.0016287490578773501
228.0 1.3652694610778444 0.0016287490578773501
229.0 1.3712574850299402 0.0016287490578773501
230.0 1.3772455089820361 0.0016287490578773501
231.0 1.3832335329341319 0.0016287490578773501
232.0 1.3892215568862276 0.0016287490578773501
233.0 1.3952095808383236 0.0016287490578773501
234.0 1.4011976047904193 0.0016287490578773501
235.0 1.407185628742515 0.0016287490578773501
236.0 1.4131736526946108 0.0016287490578773501
237.0 1.4191616766467066 0.0016287490578773501
238.0 1.4251497005988025 0.0016287490578773501
239.0 1.4311377245508983 0.0016287490578773501
240.0 1.437125748502994 0.0016287490578773501
241.0 1.44311377245509 0.0016287490578773501
242.0 1.4491017964071857 0.0016287490578773501
243.0 1.4550898203592815 0.0016287490578773501
244.0 1.4610778443113774 0.0016287490578773501
245.0 1.4670658682634732 0.0016287490578773501
246.0 1.473053892215569 0.0016287490578773501
247.0 1.479041916167665 0.0016287490578773501
248.0 1.4850299401197606 0.0016287490578773501
249.0 1.4910179640718564 0.0016287490578773501
250.0 1.4970059880239521 0.0016287490578773501
251.0 1.5029940119760479 0.0016287490578773501
252.0 1.5089820359281438 0.0016287490578773501
253.0 1.5149700598802396 0.0016287490578773501
254.0 1.5209580838323353 0.0016287490578773501
255.0 1.5269461077844313 0.0016287490578773501
256.0 1.532934131736527 0.0016287490578773501
257.0 1.5389221556886228 0.0016287490578773501
258.0 1.5449101796407188 0.0016287490578773501
259.0 1.5508982035928145 0.0016287490578773501
260.0 1.5568862275449102 0.0016287490578773501
261.0 1.5628742514970062 0.0016287490578773501
262.0 1.568862275449102 0.0016287490578773501
263.0 1.5748502994011977 0.0016287490578773501
264.0 1.5808383233532934 0.0016287490578773501
265.0 1.5868263473053892 0.0016287490578773501
266.0 1.5928143712574852 0.0016287490578773501
267.0 1.598802395209581 0.0016287490578773501
268.0 1.6047904191616766 0.0016287490578773501
269.0 1.6107784431137724 0.0016287490578773501
270.0 1.6167664670658686 0.0016287490578773501
271.0 1.6227544910179643 0.0016287490578773501
272.0 1.62874251497006 0.0016287490578773501
273.0 1.6347305389221558 0.0016287490578773501
274.0 1.6407185628742516 0.0016287490578773501
275.0 1.6467065868263473 0.0016287490578773501
276.0 1.6526946107784433 0.0016287490578773501
277.0 1.658682634730539 0.0016287490578773501
278.0 1.6646706586826348 0.0016287490578773501
279.0 1.6706586826347305 0.0016287490578773501
280.0 1.6766467065868262 0.0016287490578773501
281.0 1.682634730538922 0.0016287490578773501
282.0 1.6886227544910182 0.0016287490578773501
283.0 1.694610778443114 0.0016287490578773501
284.0 1.7005988023952097 0.0016287490578773501
285.0 1.7065868263473054 0.0016287490578773501
286.0 1.7125748502994012 0.0016287490578773501
287.0 1.7185628742514973 0.0016287490578773501
288.0 1.724550898203593 0.0016287490578773501
289.0 1.7305389221556888 0.0016287490578773501
290.0 1.7365269461077846 0.0016287490578773501
291.0 1.7425149700598803 0.0016287490578773501
292.0 1.748502994011976 0.0016287490578773501
293.0 1.754491017964072 0.0016287490578773501
294.0 1.7604790419161678 0.0016287490578773501
295.0 1.7664670658682635 0.0016287490578773501
296.0 1.7724550898203593 0.0016287490578773501
297.0 1.778443113772455 0.0016287490578773501
298.0 1.7844311377245512 0.0016287490578773501
299.0 1.790419161676647 0.0016287490578773501
300.0 1.7964071856287427 0.0016287490578773501
301.0 1.8023952095808384 0.0016287490578773501
302.0 1.8083832335329342 0.0016287490578773501
303.0 1.81437125748503 0.0016287490578773501
304.0 1.8203592814371259 0.0016287490578773501
305.0 1.8263473053892216 0.0016287490578773501
306.0 1.8323353293413174 0.0016287490578773501
307.0 1.8383233532934131 0.0016287490578773501
308.0 1.8443113772455089 0.0016287490578773501
309.0 1.850299401197605 0.0016287490578773501
310.0 1.8562874251497008 0.0016287490578773501
311.0 1.8622754491017965 0.0016287490578773501
312.0 1.8682634730538923 0.0016287490578773501
313.0 1.874251497005988 0.0016287490578773501
314.0 1.8802395209580838 0.0016287490578773501
315.0 1.88622754491018 0.0016287490578773501
316.0 1.8922155688622757 0.0016287490578773501
317.0 1.8982035928143715 0.0016287490578773501
318.0 1.9041916167664672 0.0016287490578773501
319.0 1.910179640718563 0.0016287490578773501
320.0 1.916167664670659 0.0016287490578773501
321.0 1.9221556886227547 0.0016287490578773501
322.0 1.9281437125748504 0.0016287490578773501
323.0 1.9341317365269461 0.0016287490578773501
324.0 1.9401197604790419 0.0016287490578773501
325.0 1.9461077844311376 0.0016287490578773501
326.0 1.9520958083832338 0.0016287490578773501
327.0 1.9580838323353296 0.0016287490578773501
328.0 1.9640718562874253 0.0016287490578773501
329.0 1.970059880239521 0.0016287490578773501
330.0 1.9760479041916168 0.0016287490578773501
331.0 1.9820359281437125 0.0016287490578773501
332.0 1.9880239520958085 0.0016287490578773501
333.0 1.9940119760479043 0.0016287490578773501
334.0 2.0 0.0016287490578773501
335.0 2.0059880239520957 0.0016287490578773501
336.0 2.0119760479041915 0.0016287490578773501
337.0 2.0179640718562877 0.0016287490578773501
338.0 2.0239520958083834 0.0016287490578773501
339.0 2.029940119760479 0.0016287490578773501
340.0 2.035928143712575 0.0016287490578773501
341.0 2.0419161676646707 0.0016287490578773501
342.0 2.0479041916167664 0.0016287490578773501
343.0 2.0538922155688626 0.0016287490578773501
344.0 2.0598802395209583 0.0016287490578773501
345.0 2.065868263473054 0.0016287490578773501
346.0 2.07185628742515 0.0016287490578773501
347.0 2.0778443113772456 0.0016287490578773501
348.0 2.0838323353293418 0.0016287490578773501
349.0 2.0898203592814375 0.0016287490578773501
350.0 2.0958083832335332 0.0016287490578773501
351.0 2.101796407185629 0.0016287490578773501
352.0 2.1077844311377247 0.0016287490578773501
353.0 2.1137724550898205 0.0016287490578773501
354.0 2.1197604790419162 0.0016287490578773501
355.0 2.125748502994012 0.0016287490578773501
356.0 2.1317365269461077 0.0016287490578773501
357.0 2.1377245508982035 0.0016287490578773501
358.0 2.143712574850299 0.0016287490578773501
359.0 2.1497005988023954 0.0016287490578773501
360.0 2.155688622754491 0.0016287490578773501
361.0 2.161676646706587 0.0016287490578773501
362.0 2.1676646706586826 0.0016287490578773501
363.0 2.1736526946107784 0.0016287490578773501
364.0 2.179640718562874 0.0016287490578773501
365.0 2.1856287425149703 0.0016287490578773501
366.0 2.191616766467066 0.0016287490578773501
367.0 2.197604790419162 0.0016287490578773501
368.0 2.2035928143712575 0.0016287490578773501
369.0 2.2095808383233533 0.0016287490578773501
370.0 2.215568862275449 0.0016287490578773501
371.0 2.221556886227545 0.0016287490578773501
372.0 2.227544910179641 0.0016287490578773501
373.0 2.2335329341317367 0.0016287490578773501
374.0 2.2395209580838324 0.0016287490578773501
375.0 2.245508982035928 0.0016287490578773501
376.0 2.2514970059880244 0.0016287490578773501
377.0 2.25748502994012 0.0016287490578773501
378.0 2.263473053892216 0.0016287490578773501
379.0 2.2694610778443116 0.0016287490578773501
380.0 2.2754491017964074 0.0016287490578773501
381.0 2.281437125748503 0.0016287490578773501
382.0 2.287425149700599 0.0016287490578773501
383.0 2.2934131736526946 0.0016287490578773501
384.0 2.2994011976047903 0.0016287490578773501
385.0 2.305389221556886 0.0016287490578773501
386.0 2.311377245508982 0.0016287490578773501
387.0 2.317365269461078 0.0016287490578773501
388.0 2.3233532934131738 0.0016287490578773501
389.0 2.3293413173652695 0.0016287490578773501
390.0 2.3353293413173652 0.0016287490578773501
391.0 2.341317365269461 0.0016287490578773501
392.0 2.3473053892215567 0.0016287490578773501
393.0 2.353293413173653 0.0016287490578773501
394.0 2.3592814371257487 0.0016287490578773501
395.0 2.3652694610778444 0.0016287490578773501
396.0 2.37125748502994 0.0016287490578773501
397.0 2.377245508982036 0.0016287490578773501
398.0 2.383233532934132 0.0016287490578773501
399.0 2.389221556886228 0.0016287490578773501
400.0 2.3952095808383236 0.0016287490578773501
401.0 2.4011976047904193 0.0016287490578773501
402.0 2.407185628742515 0.0016287490578773501
403.0 2.413173652694611 0.0016287490578773501
404.0 2.419161676646707 0.0016287490578773501
405.0 2.4251497005988027 0.0016287490578773501
406.0 2.4311377245508985 0.0016287490578773501
407.0 2.4371257485029942 0.0016287490578773501
408.0 2.44311377245509 0.0016287490578773501
409.0 2.4491017964071857 0.0016287490578773501
410.0 2.455089820359282 0.0016287490578773501
411.0 2.4610778443113777 0.0016287490578773501
412.0 2.4670658682634734 0.0016287490578773501
413.0 2.473053892215569 0.0016287490578773501
414.0 2.479041916167665 0.0016287490578773501
415.0 2.4850299401197606 0.0016287490578773501
416.0 2.4910179640718564 0.0016287490578773501
417.0 2.497005988023952 0.0016287490578773501
418.0 2.502994011976048 0.0016287490578773501
419.0 2.5089820359281436 0.0016287490578773501
420.0 2.5149700598802394 0.0016287490578773501
421.0 2.5209580838323356 0.0016287490578773501
422.0 2.5269461077844313 0.0016287490578773501
423.0 2.532934131736527 0.0016287490578773501
424.0 2.538922155688623 0.0016287490578773501
425.0 2.5449101796407185 0.0016287490578773501
426.0 2.5508982035928147 0.0016287490578773501
427.0 2.5568862275449105 0.0016287490578773501
428.0 2.562874251497006 0.0016287490578773501
429.0 2.568862275449102 0.0016287490578773501
430.0 2.5748502994011977 0.0016287490578773501
431.0 2.5808383233532934 0.0016287490578773501
432.0 2.5868263473053896 0.0016287490578773501
433.0 2.5928143712574854 0.0016287490578773501
434.0 2.598802395209581 0.0016287490578773501
435.0 2.604790419161677 0.0016287490578773501
436.0 2.6107784431137726 0.0016287490578773501
437.0 2.616766467065869 0.0016287490578773501
438.0 2.6227544910179645 0.0016287490578773501
439.0 2.6287425149700603 0.0016287490578773501
440.0 2.634730538922156 0.0016287490578773501
441.0 2.6407185628742518 0.0016287490578773501
442.0 2.6467065868263475 0.0016287490578773501
443.0 2.6526946107784433 0.0016287490578773501
444.0 2.658682634730539 0.0016287490578773501
445.0 2.6646706586826348 0.0016287490578773501
446.0 2.6706586826347305 0.0016287490578773501
447.0 2.6766467065868262 0.0016287490578773501
448.0 2.682634730538922 0.0016287490578773501
449.0 2.688622754491018 0.0016287490578773501
450.0 2.694610778443114 0.0016287490578773501
451.0 2.7005988023952097 0.0016287490578773501
452.0 2.7065868263473054 0.0016287490578773501
453.0 2.712574850299401 0.0016287490578773501
454.0 2.7185628742514973 0.0016287490578773501
455.0 2.724550898203593 0.0016287490578773501
456.0 2.730538922155689 0.0016287490578773501
457.0 2.7365269461077846 0.0016287490578773501
458.0 2.7425149700598803 0.0016287490578773501
459.0 2.748502994011976 0.0016287490578773501
460.0 2.7544910179640723 0.0016287490578773501
461.0 2.760479041916168 0.0016287490578773501
462.0 2.7664670658682637 0.0016287490578773501
463.0 2.7724550898203595 0.0016287490578773501
464.0 2.7784431137724552 0.0016287490578773501
465.0 2.7844311377245514 0.0016287490578773501
466.0 2.790419161676647 0.0016287490578773501
467.0 2.796407185628743 0.0016287490578773501
468.0 2.8023952095808387 0.0016287490578773501
469.0 2.8083832335329344 0.0016287490578773501
470.0 2.81437125748503 0.0016287490578773501
471.0 2.820359281437126 0.0016287490578773501
472.0 2.8263473053892216 0.0016287490578773501
473.0 2.8323353293413174 0.0016287490578773501
474.0 2.838323353293413 0.0016287490578773501
475.0 2.844311377245509 0.0016287490578773501
476.0 2.850299401197605 0.0016287490578773501
477.0 2.856287425149701 0.0016287490578773501
478.0 2.8622754491017965 0.0016287490578773501
479.0 2.8682634730538923 0.0016287490578773501
480.0 2.874251497005988 0.0016287490578773501
481.0 2.8802395209580838 0.0016287490578773501
482.0 2.88622754491018 0.0016287490578773501
483.0 2.8922155688622757 0.0016287490578773501
484.0 2.8982035928143715 0.0016287490578773501
485.0 2.904191616766467 0.0016287490578773501
486.0 2.910179640718563 0.0016287490578773501
487.0 2.916167664670659 0.0016287490578773501
488.0 2.922155688622755 0.0016287490578773501
489.0 2.9281437125748506 0.0016287490578773501
490.0 2.9341317365269464 0.0016287490578773501
491.0 2.940119760479042 0.0016287490578773501
492.0 2.946107784431138 0.0016287490578773501
493.0 2.952095808383234 0.0016287490578773501
494.0 2.95808383233533 0.0016287490578773501
495.0 2.9640718562874255 0.0016287490578773501
496.0 2.9700598802395213 0.0016287490578773501
497.0 2.976047904191617 0.0016287490578773501
498.0 2.9820359281437128 0.0016287490578773501
499.0 2.9880239520958085 0.0016287490578773501
500.0 2.9940119760479043 0.0016287490578773501
501.0 3.0 0.0016287490578773501
502.0 3.0059880239520957 0.0016287490578773501
503.0 3.0119760479041915 0.0016287490578773501
504.0 3.0179640718562877 0.0016287490578773501
505.0 3.0239520958083834 0.0016287490578773501
506.0 3.029940119760479 0.0016287490578773501
507.0 3.035928143712575 0.0016287490578773501
508.0 3.0419161676646707 0.0016287490578773501
509.0 3.0479041916167664 0.0016287490578773501
510.0 3.0538922155688626 0.0016287490578773501
511.0 3.0598802395209583 0.0016287490578773501
512.0 3.065868263473054 0.0016287490578773501
513.0 3.07185628742515 0.0016287490578773501
514.0 3.0778443113772456 0.0016287490578773501
515.0 3.0838323353293418 0.0016287490578773501
516.0 3.0898203592814375 0.0016287490578773501
517.0 3.0958083832335332 0.0016287490578773501
518.0 3.101796407185629 0.0016287490578773501
519.0 3.1077844311377247 0.0016287490578773501
520.0 3.1137724550898205 0.0016287490578773501
521.0 3.1197604790419167 0.0016287490578773501
522.0 3.1257485029940124 0.0016287490578773501
523.0 3.131736526946108 0.0016287490578773501
524.0 3.137724550898204 0.0016287490578773501
525.0 3.1437125748502996 0.0016287490578773501
526.0 3.1497005988023954 0.0016287490578773501
527.0 3.155688622754491 0.0016287490578773501
528.0 3.161676646706587 0.0016287490578773501
529.0 3.1676646706586826 0.0016287490578773501
530.0 3.1736526946107784 0.0016287490578773501
531.0 3.179640718562874 0.0016287490578773501
532.0 3.1856287425149703 0.0016287490578773501
533.0 3.191616766467066 0.0016287490578773501
534.0 3.197604790419162 0.0016287490578773501
535.0 3.2035928143712575 0.0016287490578773501
536.0 3.2095808383233533 0.0016287490578773501
537.0 3.215568862275449 0.0016287490578773501
538.0 3.2215568862275448 0.0016287490578773501
539.0 3.2275449101796405 0.0016287490578773501
540.0 3.233532934131737 0.0016287490578773501
541.0 3.239520958083833 0.0016287490578773501
542.0 3.2455089820359286 0.0016287490578773501
543.0 3.2514970059880244 0.0016287490578773501
544.0 3.25748502994012 0.0016287490578773501
545.0 3.263473053892216 0.0016287490578773501
546.0 3.2694610778443116 0.0016287490578773501
547.0 3.2754491017964074 0.0016287490578773501
548.0 3.281437125748503 0.0016287490578773501
549.0 3.287425149700599 0.0016287490578773501
550.0 3.2934131736526946 0.0016287490578773501
551.0 3.299401197604791 0.0016287490578773501
552.0 3.3053892215568865 0.0016287490578773501
553.0 3.3113772455089823 0.0016287490578773501
554.0 3.317365269461078 0.0016287490578773501
555.0 3.3233532934131738 0.0016287490578773501
556.0 3.3293413173652695 0.0016287490578773501
557.0 3.3353293413173652 0.0016287490578773501
558.0 3.341317365269461 0.0016287490578773501
559.0 3.3473053892215567 0.0016287490578773501
560.0 3.3532934131736525 0.0010858327052515168
561.0 3.3592814371257482 0.0010858327052515168
562.0 3.365269461077844 0.0010858327052515168
563.0 3.3712574850299406 0.0010858327052515168
564.0 3.3772455089820363 0.0010858327052515168
565.0 3.383233532934132 0.0010858327052515168
566.0 3.389221556886228 0.0010858327052515168
567.0 3.3952095808383236 0.0010858327052515168
568.0 3.4011976047904193 0.0010858327052515168
569.0 3.407185628742515 0.0010858327052515168
570.0 3.413173652694611 0.0010858327052515168
571.0 3.4191616766467066 0.0010858327052515168
572.0 3.4251497005988023 0.0010858327052515168
573.0 3.431137724550898 0.0010858327052515168
574.0 3.4371257485029947 0.0010858327052515168
575.0 3.4431137724550904 0.0010858327052515168
576.0 3.449101796407186 0.0010858327052515168
577.0 3.455089820359282 0.0010858327052515168
578.0 3.4610778443113777 0.0010858327052515168
579.0 3.4670658682634734 0.0010858327052515168
580.0 3.473053892215569 0.0010858327052515168
581.0 3.479041916167665 0.0010858327052515168
582.0 3.4850299401197606 0.0010858327052515168
583.0 3.4910179640718564 0.0010858327052515168
584.0 3.497005988023952 0.0010858327052515168
585.0 3.5029940119760483 0.0010858327052515168
586.0 3.508982035928144 0.0010858327052515168
587.0 3.51497005988024 0.0010858327052515168
588.0 3.5209580838323356 0.0010858327052515168
589.0 3.5269461077844313 0.0010858327052515168
590.0 3.532934131736527 0.0010858327052515168
591.0 3.538922155688623 0.0010858327052515168
592.0 3.5449101796407185 0.0010858327052515168
593.0 3.5508982035928143 0.0010858327052515168
594.0 3.55688622754491 0.0010858327052515168
595.0 3.5628742514970058 0.0010858327052515168
596.0 3.5688622754491024 0.0010858327052515168
597.0 3.574850299401198 0.0010858327052515168
598.0 3.580838323353294 0.0010858327052515168
599.0 3.5868263473053896 0.0010858327052515168
600.0 3.5928143712574854 0.0010858327052515168
601.0 3.598802395209581 0.0010858327052515168
602.0 3.604790419161677 0.0010858327052515168
603.0 3.6107784431137726 0.0010858327052515168
604.0 3.6167664670658684 0.0010858327052515168
605.0 3.622754491017964 0.0010858327052515168
606.0 3.62874251497006 0.0010858327052515168
607.0 3.634730538922156 0.0010858327052515168
608.0 3.6407185628742518 0.0010858327052515168
609.0 3.6467065868263475 0.0010858327052515168
610.0 3.6526946107784433 0.0010858327052515168
611.0 3.658682634730539 0.0010858327052515168
612.0 3.6646706586826348 0.0010858327052515168
613.0 3.6706586826347305 0.0010858327052515168
614.0 3.6766467065868262 0.0010858327052515168
615.0 3.682634730538922 0.0010858327052515168
616.0 3.6886227544910177 0.0010858327052515168
617.0 3.6946107784431135 0.0010858327052515168
618.0 3.70059880239521 0.0010858327052515168
619.0 3.706586826347306 0.0010858327052515168
620.0 3.7125748502994016 0.0010858327052515168
621.0 3.7185628742514973 0.0010858327052515168
622.0 3.724550898203593 0.0010858327052515168
623.0 3.730538922155689 0.0010858327052515168
624.0 3.7365269461077846 0.0010858327052515168
625.0 3.7425149700598803 0.0010858327052515168
626.0 3.748502994011976 0.0010858327052515168
627.0 3.754491017964072 0.0010858327052515168
628.0 3.7604790419161676 0.0010858327052515168
629.0 3.766467065868264 0.0010858327052515168
630.0 3.77245508982036 0.0010858327052515168
631.0 3.7784431137724557 0.0010858327052515168
632.0 3.7844311377245514 0.0010858327052515168
633.0 3.790419161676647 0.0010858327052515168
634.0 3.796407185628743 0.0010858327052515168
635.0 3.8023952095808387 0.0010858327052515168
636.0 3.8083832335329344 0.0010858327052515168
637.0 3.81437125748503 0.0010858327052515168
638.0 3.820359281437126 0.0010858327052515168
639.0 3.8263473053892216 0.0010858327052515168
640.0 3.832335329341318 0.0010858327052515168
641.0 3.8383233532934136 0.0010858327052515168
642.0 3.8443113772455093 0.0010858327052515168
643.0 3.850299401197605 0.0010858327052515168
644.0 3.856287425149701 0.0010858327052515168
645.0 3.8622754491017965 0.0010858327052515168
646.0 3.8682634730538923 0.0010858327052515168
647.0 3.874251497005988 0.0010858327052515168
648.0 3.8802395209580838 0.0010858327052515168
649.0 3.8862275449101795 0.0010858327052515168
650.0 3.8922155688622753 0.0010858327052515168
651.0 3.898203592814371 0.0010858327052515168
652.0 3.9041916167664676 0.0010858327052515168
653.0 3.9101796407185634 0.0010858327052515168
654.0 3.916167664670659 0.0010858327052515168
655.0 3.922155688622755 0.0010858327052515168
656.0 3.9281437125748506 0.0010858327052515168
657.0 3.9341317365269464 0.0010858327052515168
658.0 3.940119760479042 0.0010858327052515168
659.0 3.946107784431138 0.0010858327052515168
660.0 3.9520958083832336 0.0010858327052515168
661.0 3.9580838323353293 0.0010858327052515168
662.0 3.964071856287425 0.0010858327052515168
663.0 3.9700598802395213 0.0010858327052515168
664.0 3.976047904191617 0.0010858327052515168
665.0 3.9820359281437128 0.0010858327052515168
666.0 3.9880239520958085 0.0010858327052515168
667.0 3.9940119760479043 0.0010858327052515168
668.0 4.0 0.0010858327052515168
669.0 4.005988023952096 0.0010858327052515168
670.0 4.0119760479041915 0.0010858327052515168
671.0 4.017964071856287 0.0010858327052515168
672.0 4.023952095808383 0.0010858327052515168
673.0 4.029940119760479 0.0010858327052515168
674.0 4.035928143712575 0.0010858327052515168
675.0 4.041916167664671 0.0010858327052515168
676.0 4.047904191616767 0.0010858327052515168
677.0 4.053892215568863 0.0010858327052515168
678.0 4.059880239520958 0.0010858327052515168
679.0 4.065868263473054 0.0010858327052515168
680.0 4.07185628742515 0.0010858327052515168
681.0 4.077844311377246 0.0010858327052515168
682.0 4.083832335329341 0.0010858327052515168
683.0 4.089820359281437 0.0010858327052515168
684.0 4.095808383233533 0.0010858327052515168
685.0 4.101796407185629 0.0010858327052515168
686.0 4.107784431137725 0.0010858327052515168
687.0 4.113772455089821 0.0010858327052515168
688.0 4.119760479041917 0.0010858327052515168
689.0 4.125748502994012 0.0010858327052515168
690.0 4.131736526946108 0.0010858327052515168
691.0 4.137724550898204 0.0010858327052515168
692.0 4.1437125748503 0.0010858327052515168
693.0 4.149700598802395 0.0010858327052515168
694.0 4.155688622754491 0.0010858327052515168
695.0 4.161676646706587 0.0010858327052515168
696.0 4.1676646706586835 0.0010858327052515168
697.0 4.173652694610779 0.0010858327052515168
698.0 4.179640718562875 0.0010858327052515168
699.0 4.185628742514971 0.0010858327052515168
700.0 4.1916167664670665 0.0010858327052515168
701.0 4.197604790419162 0.0010858327052515168
702.0 4.203592814371258 0.0010858327052515168
703.0 4.209580838323354 0.0010858327052515168
704.0 4.2155688622754495 0.0010858327052515168
705.0 4.221556886227545 0.0010858327052515168
706.0 4.227544910179641 0.0010858327052515168
707.0 4.233532934131737 0.0010858327052515168
708.0 4.2395209580838324 0.0010858327052515168
709.0 4.245508982035928 0.0010858327052515168
710.0 4.251497005988024 0.0010858327052515168
711.0 4.25748502994012 0.0010858327052515168
712.0 4.263473053892215 0.0010858327052515168
713.0 4.269461077844311 0.0010858327052515168
714.0 4.275449101796407 0.0010858327052515168
715.0 4.281437125748503 0.0010858327052515168
716.0 4.287425149700598 0.0010858327052515168
717.0 4.293413173652694 0.0010858327052515168
718.0 4.299401197604791 0.0010858327052515168
719.0 4.3053892215568865 0.0010858327052515168
720.0 4.311377245508982 0.0010858327052515168
721.0 4.317365269461078 0.0010858327052515168
722.0 4.323353293413174 0.0010858327052515168
723.0 4.3293413173652695 0.0010858327052515168
724.0 4.335329341317365 0.0010858327052515168
725.0 4.341317365269461 0.0010858327052515168
726.0 4.347305389221557 0.0010858327052515168
727.0 4.3532934131736525 0.0010858327052515168
728.0 4.359281437125748 0.0010858327052515168
729.0 4.365269461077844 0.0010858327052515168
730.0 4.371257485029941 0.0010858327052515168
731.0 4.377245508982036 0.0010858327052515168
732.0 4.383233532934132 0.0010858327052515168
733.0 4.389221556886228 0.0010858327052515168
734.0 4.395209580838324 0.0010858327052515168
735.0 4.401197604790419 0.0010858327052515168
736.0 4.407185628742515 0.0010858327052515168
737.0 4.413173652694611 0.0010858327052515168
738.0 4.419161676646707 0.0010858327052515168
739.0 4.425149700598802 0.0010858327052515168
740.0 4.431137724550898 0.0010858327052515168
741.0 4.437125748502995 0.0010858327052515168
742.0 4.44311377245509 0.0010858327052515168
743.0 4.449101796407186 0.0010858327052515168
744.0 4.455089820359282 0.0010858327052515168
745.0 4.461077844311378 0.0010858327052515168
746.0 4.467065868263473 0.0010858327052515168
747.0 4.473053892215569 0.0010858327052515168
748.0 4.479041916167665 0.0010858327052515168
749.0 4.485029940119761 0.0010858327052515168
750.0 4.491017964071856 0.0010858327052515168
751.0 4.497005988023952 0.0010858327052515168
752.0 4.502994011976049 0.0010858327052515168
753.0 4.5089820359281445 0.0010858327052515168
754.0 4.51497005988024 0.0010858327052515168
755.0 4.520958083832336 0.0010858327052515168
756.0 4.526946107784432 0.0010858327052515168
757.0 4.5329341317365275 0.0010858327052515168
758.0 4.538922155688623 0.0010858327052515168
759.0 4.544910179640719 0.0010858327052515168
760.0 4.550898203592815 0.0010858327052515168
761.0 4.5568862275449105 0.0010858327052515168
762.0 4.562874251497006 0.0010858327052515168
763.0 4.568862275449102 0.0010858327052515168
764.0 4.574850299401198 0.0010858327052515168
765.0 4.580838323353293 0.0010858327052515168
766.0 4.586826347305389 0.0010858327052515168
767.0 4.592814371257485 0.0010858327052515168
768.0 4.598802395209581 0.0010858327052515168
769.0 4.604790419161676 0.0010858327052515168
770.0 4.610778443113772 0.0010858327052515168
771.0 4.616766467065868 0.0010858327052515168
772.0 4.622754491017964 0.0010858327052515168
773.0 4.628742514970059 0.0010858327052515168
774.0 4.634730538922156 0.0010858327052515168
775.0 4.640718562874252 0.0010858327052515168
776.0 4.6467065868263475 0.0010858327052515168
777.0 4.652694610778443 0.0010858327052515168
778.0 4.658682634730539 0.0010858327052515168
779.0 4.664670658682635 0.0010858327052515168
780.0 4.6706586826347305 0.0010858327052515168
781.0 4.676646706586826 0.0010858327052515168
782.0 4.682634730538922 0.0010858327052515168
783.0 4.688622754491018 0.0010858327052515168
784.0 4.6946107784431135 0.0010858327052515168
785.0 4.70059880239521 0.0010858327052515168
786.0 4.706586826347306 0.0010858327052515168
787.0 4.712574850299402 0.0010858327052515168
788.0 4.718562874251497 0.0010858327052515168
789.0 4.724550898203593 0.0010858327052515168
790.0 4.730538922155689 0.0010858327052515168
791.0 4.736526946107785 0.0010858327052515168
792.0 4.74251497005988 0.0010858327052515168
793.0 4.748502994011976 0.0010858327052515168
794.0 4.754491017964072 0.0010858327052515168
795.0 4.7604790419161676 0.0010858327052515168
796.0 4.766467065868264 0.0010858327052515168
797.0 4.77245508982036 0.0010858327052515168
798.0 4.778443113772456 0.0010858327052515168
799.0 4.784431137724551 0.0010858327052515168
800.0 4.790419161676647 0.0010858327052515168
801.0 4.796407185628743 0.0010858327052515168
802.0 4.802395209580839 0.0010858327052515168
803.0 4.808383233532934 0.0010858327052515168
804.0 4.81437125748503 0.0010858327052515168
805.0 4.820359281437126 0.0010858327052515168
806.0 4.826347305389222 0.0010858327052515168
807.0 4.832335329341318 0.0010858327052515168
808.0 4.838323353293414 0.0010858327052515168
809.0 4.84431137724551 0.0010858327052515168
810.0 4.8502994011976055 0.0010858327052515168
811.0 4.856287425149701 0.0010858327052515168
812.0 4.862275449101797 0.0010858327052515168
813.0 4.868263473053893 0.0010858327052515168
814.0 4.8742514970059885 0.0010858327052515168
815.0 4.880239520958084 0.0010858327052515168
816.0 4.88622754491018 0.0010858327052515168
817.0 4.892215568862276 0.0010858327052515168
818.0 4.8982035928143715 0.0010858327052515168
819.0 4.904191616766468 0.0010858327052515168
820.0 4.910179640718564 0.0010858327052515168
821.0 4.91616766467066 0.0010858327052515168
822.0 4.922155688622755 0.0010858327052515168
823.0 4.928143712574851 0.0010858327052515168
824.0 4.934131736526947 0.0010858327052515168
825.0 4.9401197604790426 0.0010858327052515168
826.0 4.946107784431138 0.0010858327052515168
827.0 4.952095808383234 0.0010858327052515168
828.0 4.95808383233533 0.0010858327052515168
829.0 4.9640718562874255 0.0010858327052515168
830.0 4.970059880239521 0.0010858327052515168
831.0 4.976047904191617 0.0010858327052515168
832.0 4.982035928143713 0.0010858327052515168
833.0 4.9880239520958085 0.0010858327052515168
834.0 4.994011976047904 0.0010858327052515168
835.0 5.0 0.0010858327052515168
836.0 5.005988023952096 0.0010858327052515168
837.0 5.0119760479041915 0.0010858327052515168
838.0 5.017964071856287 0.0010858327052515168
839.0 5.023952095808383 0.0010858327052515168
840.0 5.029940119760479 0.0010858327052515168
841.0 5.035928143712575 0.0010858327052515168
842.0 5.041916167664671 0.0010858327052515168
843.0 5.047904191616767 0.0010858327052515168
844.0 5.053892215568863 0.0010858327052515168
845.0 5.059880239520958 0.0010858327052515168
846.0 5.065868263473054 0.0010858327052515168
847.0 5.07185628742515 0.0010858327052515168
848.0 5.077844311377246 0.0010858327052515168
849.0 5.083832335329341 0.0010858327052515168
850.0 5.089820359281437 0.0010858327052515168
851.0 5.095808383233533 0.0010858327052515168
852.0 5.101796407185629 0.0010858327052515168
853.0 5.107784431137725 0.0010858327052515168
854.0 5.113772455089821 0.0010858327052515168
855.0 5.119760479041917 0.0010858327052515168
856.0 5.125748502994012 0.0010858327052515168
857.0 5.131736526946108 0.0010858327052515168
858.0 5.137724550898204 0.0010858327052515168
859.0 5.1437125748503 0.0010858327052515168
860.0 5.149700598802395 0.0010858327052515168
861.0 5.155688622754491 0.0010858327052515168
862.0 5.161676646706587 0.0010858327052515168
863.0 5.1676646706586835 0.0010858327052515168
864.0 5.173652694610779 0.0010858327052515168
865.0 5.179640718562875 0.0010858327052515168
866.0 5.185628742514971 0.0010858327052515168
867.0 5.1916167664670665 0.0010858327052515168
868.0 5.197604790419162 0.0010858327052515168
869.0 5.203592814371258 0.0010858327052515168
870.0 5.209580838323354 0.0010858327052515168
871.0 5.2155688622754495 0.0010858327052515168
872.0 5.221556886227545 0.0010858327052515168
873.0 5.227544910179641 0.0010858327052515168
874.0 5.233532934131738 0.0010858327052515168
875.0 5.239520958083833 0.0010858327052515168
876.0 5.245508982035929 0.0010858327052515168
877.0 5.251497005988025 0.0010858327052515168
878.0 5.257485029940121 0.0010858327052515168
879.0 5.263473053892216 0.0010858327052515168
880.0 5.269461077844312 0.0010858327052515168
881.0 5.275449101796408 0.0010858327052515168
882.0 5.2814371257485035 0.0010858327052515168
883.0 5.287425149700599 0.0010858327052515168
884.0 5.293413173652695 0.0010858327052515168
885.0 5.299401197604791 0.0010858327052515168
886.0 5.3053892215568865 0.0010858327052515168
887.0 5.311377245508982 0.0010858327052515168
888.0 5.317365269461078 0.0010858327052515168
889.0 5.323353293413174 0.0010858327052515168
890.0 5.3293413173652695 0.0010858327052515168
891.0 5.335329341317365 0.0010858327052515168
892.0 5.341317365269461 0.0010858327052515168
893.0 5.347305389221557 0.0010858327052515168
894.0 5.3532934131736525 0.0010858327052515168
895.0 5.359281437125748 0.0010858327052515168
896.0 5.365269461077844 0.0010858327052515168
897.0 5.371257485029941 0.0010858327052515168
898.0 5.377245508982036 0.0010858327052515168
899.0 5.383233532934132 0.0010858327052515168
900.0 5.389221556886228 0.0010858327052515168
901.0 5.395209580838324 0.0010858327052515168
902.0 5.401197604790419 0.0010858327052515168
903.0 5.407185628742515 0.0010858327052515168
904.0 5.413173652694611 0.0010858327052515168
905.0 5.419161676646707 0.0010858327052515168
906.0 5.425149700598802 0.0010858327052515168
907.0 5.431137724550898 0.0010858327052515168
908.0 5.437125748502995 0.0010858327052515168
909.0 5.44311377245509 0.0010858327052515168
910.0 5.449101796407186 0.0010858327052515168
911.0 5.455089820359282 0.0010858327052515168
912.0 5.461077844311378 0.0010858327052515168
913.0 5.467065868263473 0.0010858327052515168
914.0 5.473053892215569 0.0010858327052515168
915.0 5.479041916167665 0.0010858327052515168
916.0 5.485029940119761 0.0010858327052515168
917.0 5.491017964071856 0.0010858327052515168
918.0 5.497005988023952 0.0010858327052515168
919.0 5.502994011976049 0.0010858327052515168
920.0 5.5089820359281445 0.0010858327052515168
921.0 5.51497005988024 0.0010858327052515168
922.0 5.520958083832336 0.0010858327052515168
923.0 5.526946107784432 0.0010858327052515168
924.0 5.5329341317365275 0.0010858327052515168
925.0 5.538922155688623 0.0010858327052515168
926.0 5.544910179640719 0.0010858327052515168
927.0 5.550898203592815 0.0010858327052515168
928.0 5.5568862275449105 0.0010858327052515168
929.0 5.562874251497006 0.0010858327052515168
930.0 5.568862275449103 0.0010858327052515168
931.0 5.574850299401199 0.0010858327052515168
932.0 5.580838323353294 0.0010858327052515168
933.0 5.58682634730539 0.0010858327052515168
934.0 5.592814371257486 0.0010858327052515168
935.0 5.598802395209582 0.0010858327052515168
936.0 5.604790419161677 0.0010858327052515168
937.0 5.610778443113773 0.0010858327052515168
938.0 5.616766467065869 0.0010858327052515168
939.0 5.6227544910179645 0.0010858327052515168
940.0 5.62874251497006 0.0010858327052515168
941.0 5.634730538922156 0.0010858327052515168
942.0 5.640718562874252 0.0010858327052515168
943.0 5.6467065868263475 0.0010858327052515168
944.0 5.652694610778443 0.0010858327052515168
945.0 5.658682634730539 0.0010858327052515168
946.0 5.664670658682635 0.0010858327052515168
947.0 5.6706586826347305 0.0010858327052515168
948.0 5.676646706586826 0.0010858327052515168
949.0 5.682634730538922 0.0010858327052515168
950.0 5.688622754491018 0.0010858327052515168
951.0 5.6946107784431135 0.0010858327052515168
952.0 5.70059880239521 0.0010858327052515168
953.0 5.706586826347306 0.0010858327052515168
954.0 5.712574850299402 0.0010858327052515168
955.0 5.718562874251497 0.0010858327052515168
956.0 5.724550898203593 0.0010858327052515168
957.0 5.730538922155689 0.0005429163526258332
958.0 5.736526946107785 0.0005429163526258332
959.0 5.74251497005988 0.0005429163526258332
960.0 5.748502994011976 0.0005429163526258332
961.0 5.754491017964072 0.0005429163526258332
962.0 5.7604790419161676 0.0005429163526258332
963.0 5.766467065868264 0.0005429163526258332
964.0 5.77245508982036 0.0005429163526258332
965.0 5.778443113772456 0.0005429163526258332
966.0 5.784431137724551 0.0005429163526258332
967.0 5.790419161676647 0.0005429163526258332
968.0 5.796407185628743 0.0005429163526258332
969.0 5.802395209580839 0.0005429163526258332
970.0 5.808383233532934 0.0005429163526258332
971.0 5.81437125748503 0.0005429163526258332
972.0 5.820359281437126 0.0005429163526258332
973.0 5.826347305389222 0.0005429163526258332
974.0 5.832335329341318 0.0005429163526258332
975.0 5.838323353293414 0.0005429163526258332
976.0 5.84431137724551 0.0005429163526258332
977.0 5.8502994011976055 0.0005429163526258332
978.0 5.856287425149701 0.0005429163526258332
979.0 5.862275449101797 0.0005429163526258332
980.0 5.868263473053893 0.0005429163526258332
981.0 5.8742514970059885 0.0005429163526258332
982.0 5.880239520958084 0.0005429163526258332
983.0 5.88622754491018 0.0005429163526258332
984.0 5.892215568862276 0.0005429163526258332
985.0 5.8982035928143715 0.0005429163526258332
986.0 5.904191616766468 0.0005429163526258332
987.0 5.910179640718564 0.0005429163526258332
988.0 5.91616766467066 0.0005429163526258332
989.0 5.922155688622755 0.0005429163526258332
990.0 5.928143712574851 0.0005429163526258332
991.0 5.934131736526947 0.0005429163526258332
992.0 5.9401197604790426 0.0005429163526258332
993.0 5.946107784431138 0.0005429163526258332
994.0 5.952095808383234 0.0005429163526258332
995.0 5.95808383233533 0.0005429163526258332
996.0 5.9640718562874255 0.0005429163526258332
997.0 5.970059880239521 0.0005429163526258332
998.0 5.976047904191617 0.0005429163526258332
999.0 5.982035928143713 0.0005429163526258332
1000.0 5.9880239520958085 0.0005429163526258332
1001.0 5.994011976047904 0.0005429163526258332
1002.0 6.0 0.0005429163526258332
1003.0 6.005988023952096 0.0005429163526258332
1004.0 6.0119760479041915 0.0010858327052515168
1005.0 6.017964071856287 0.0010858327052515168
1006.0 6.023952095808383 0.0010858327052515168
1007.0 6.029940119760479 0.0010858327052515168
1008.0 6.035928143712575 0.0010858327052515168
1009.0 6.041916167664671 0.0010858327052515168
1010.0 6.047904191616767 0.0010858327052515168
1011.0 6.053892215568863 0.0010858327052515168
1012.0 6.059880239520958 0.0010858327052515168
1013.0 6.065868263473054 0.0010858327052515168
1014.0 6.07185628742515 0.0010858327052515168
1015.0 6.077844311377246 0.0010858327052515168
1016.0 6.083832335329341 0.0010858327052515168
1017.0 6.089820359281437 0.0010858327052515168
1018.0 6.095808383233533 0.0010858327052515168
1019.0 6.101796407185629 0.0010858327052515168
1020.0 6.107784431137725 0.0010858327052515168
1021.0 6.113772455089821 0.0010858327052515168
1022.0 6.119760479041917 0.0010858327052515168
1023.0 6.125748502994012 0.0010858327052515168
1024.0 6.131736526946108 0.0010858327052515168
1025.0 6.137724550898204 0.0010858327052515168
1026.0 6.1437125748503 0.0010858327052515168
1027.0 6.149700598802395 0.0010858327052515168
1028.0 6.155688622754491 0.0010858327052515168
1029.0 6.161676646706587 0.0010858327052515168
1030.0 6.1676646706586835 0.0010858327052515168
1031.0 6.173652694610779 0.0010858327052515168
1032.0 6.179640718562875 0.0010858327052515168
1033.0 6.185628742514971 0.0010858327052515168
1034.0 6.1916167664670665 0.0010858327052515168
1035.0 6.197604790419162 0.0010858327052515168
1036.0 6.203592814371258 0.0010858327052515168
1037.0 6.209580838323354 0.0010858327052515168
1038.0 6.2155688622754495 0.0010858327052515168
1039.0 6.221556886227545 0.0010858327052515168
1040.0 6.227544910179641 0.0010858327052515168
1041.0 6.233532934131738 0.0010858327052515168
1042.0 6.239520958083833 0.0010858327052515168
1043.0 6.245508982035929 0.0010858327052515168
1044.0 6.251497005988025 0.0010858327052515168
1045.0 6.257485029940121 0.0010858327052515168
1046.0 6.263473053892216 0.0010858327052515168
1047.0 6.269461077844312 0.0010858327052515168
1048.0 6.275449101796408 0.0010858327052515168
1049.0 6.2814371257485035 0.0010858327052515168
1050.0 6.287425149700599 0.0010858327052515168
1051.0 6.293413173652695 0.0010858327052515168
1052.0 6.299401197604791 0.0010858327052515168
1053.0 6.3053892215568865 0.0010858327052515168
1054.0 6.311377245508982 0.0010858327052515168
1055.0 6.317365269461078 0.0010858327052515168
1056.0 6.323353293413174 0.0010858327052515168
1057.0 6.3293413173652695 0.0010858327052515168
1058.0 6.335329341317365 0.0010858327052515168
1059.0 6.341317365269461 0.0010858327052515168
1060.0 6.347305389221557 0.0010858327052515168
1061.0 6.3532934131736525 0.0010858327052515168
1062.0 6.359281437125748 0.0010858327052515168
1063.0 6.365269461077845 0.0010858327052515168
1064.0 6.371257485029941 0.0010858327052515168
1065.0 6.377245508982036 0.0010858327052515168
1066.0 6.383233532934132 0.0010858327052515168
1067.0 6.389221556886228 0.0010858327052515168
1068.0 6.395209580838324 0.0010858327052515168
1069.0 6.40119760479042 0.0010858327052515168
1070.0 6.407185628742515 0.0010858327052515168
1071.0 6.413173652694612 0.0010858327052515168
1072.0 6.419161676646707 0.0010858327052515168
1073.0 6.425149700598803 0.0010858327052515168
1074.0 6.431137724550898 0.0010858327052515168
1075.0 6.437125748502995 0.0010858327052515168
1076.0 6.4431137724550895 0.0010858327052515168
1077.0 6.449101796407186 0.0010858327052515168
1078.0 6.455089820359281 0.0010858327052515168
1079.0 6.461077844311378 0.0010858327052515168
1080.0 6.467065868263474 0.0010858327052515168
1081.0 6.473053892215569 0.0010858327052515168
1082.0 6.479041916167666 0.0010858327052515168
1083.0 6.485029940119761 0.0010858327052515168
1084.0 6.491017964071857 0.0010858327052515168
1085.0 6.497005988023952 0.0010858327052515168
1086.0 6.502994011976049 0.0010858327052515168
1087.0 6.508982035928144 0.0010858327052515168
1088.0 6.51497005988024 0.0010858327052515168
1089.0 6.520958083832335 0.0010858327052515168
1090.0 6.526946107784432 0.0010858327052515168
1091.0 6.532934131736528 0.0010858327052515168
1092.0 6.538922155688623 0.0010858327052515168
1093.0 6.54491017964072 0.0010858327052515168
1094.0 6.550898203592815 0.0010858327052515168
1095.0 6.556886227544911 0.0010858327052515168
1096.0 6.562874251497006 0.0010858327052515168
1097.0 6.568862275449103 0.0010858327052515168
1098.0 6.574850299401198 0.0010858327052515168
1099.0 6.580838323353294 0.0010858327052515168
1100.0 6.586826347305389 0.0010858327052515168
1101.0 6.592814371257486 0.0010858327052515168
1102.0 6.598802395209582 0.0010858327052515168
1103.0 6.604790419161677 0.0005429163526258332
1104.0 6.610778443113773 0.0005429163526258332
1105.0 6.616766467065869 0.0005429163526258332
1106.0 6.6227544910179645 0.0005429163526258332
1107.0 6.62874251497006 0.0005429163526258332
1108.0 6.634730538922156 0.0005429163526258332
1109.0 6.640718562874252 0.0005429163526258332
1110.0 6.6467065868263475 0.0005429163526258332
1111.0 6.652694610778443 0.0005429163526258332
1112.0 6.658682634730539 0.0005429163526258332
1113.0 6.664670658682635 0.0005429163526258332
1114.0 6.6706586826347305 0.0005429163526258332
1115.0 6.676646706586827 0.0005429163526258332
1116.0 6.682634730538922 0.0005429163526258332
1117.0 6.688622754491019 0.0005429163526258332
1118.0 6.6946107784431135 0.0005429163526258332
1119.0 6.70059880239521 0.0005429163526258332
1120.0 6.706586826347305 0.0005429163526258332
1121.0 6.712574850299402 0.0005429163526258332
1122.0 6.7185628742514965 0.0005429163526258332
1123.0 6.724550898203593 0.0005429163526258332
1124.0 6.730538922155688 0.0005429163526258332
1125.0 6.736526946107785 0.0005429163526258332
1126.0 6.742514970059881 0.0005429163526258332
1127.0 6.748502994011976 0.0005429163526258332
1128.0 6.754491017964073 0.0005429163526258332
1129.0 6.7604790419161676 0.0005429163526258332
1130.0 6.766467065868264 0.0005429163526258332
1131.0 6.772455089820359 0.0005429163526258332
1132.0 6.778443113772456 0.0005429163526258332
1133.0 6.7844311377245505 0.0005429163526258332
1134.0 6.790419161676647 0.0005429163526258332
1135.0 6.796407185628742 0.0005429163526258332
1136.0 6.802395209580839 0.0005429163526258332
1137.0 6.808383233532935 0.0005429163526258332
1138.0 6.81437125748503 0.0005429163526258332
1139.0 6.820359281437127 0.0005429163526258332
1140.0 6.826347305389222 0.0005429163526258332
1141.0 6.832335329341318 0.0005429163526258332
1142.0 6.838323353293413 0.0005429163526258332
1143.0 6.84431137724551 0.0005429163526258332
1144.0 6.850299401197605 0.0005429163526258332
1145.0 6.856287425149701 0.0005429163526258332
1146.0 6.862275449101796 0.0005429163526258332
1147.0 6.868263473053893 0.0005429163526258332
1148.0 6.874251497005989 0.0005429163526258332
1149.0 6.880239520958084 0.0005429163526258332
1150.0 6.886227544910181 0.0005429163526258332
1151.0 6.892215568862276 0.0005429163526258332
1152.0 6.898203592814372 0.0005429163526258332
1153.0 6.904191616766467 0.0005429163526258332
1154.0 6.910179640718564 0.0005429163526258332
1155.0 6.916167664670659 0.0005429163526258332
1156.0 6.922155688622755 0.0005429163526258332
1157.0 6.92814371257485 0.0005429163526258332
1158.0 6.934131736526947 0.0005429163526258332
1159.0 6.9401197604790426 0.0005429163526258332
1160.0 6.946107784431138 0.0005429163526258332
1161.0 6.952095808383234 0.0005429163526258332
1162.0 6.95808383233533 0.0005429163526258332
1163.0 6.9640718562874255 0.0005429163526258332
1164.0 6.970059880239521 0.0005429163526258332
1165.0 6.976047904191617 0.0005429163526258332
1166.0 6.982035928143713 0.0005429163526258332
1167.0 6.9880239520958085 0.0005429163526258332
1168.0 6.994011976047904 0.0005429163526258332
1169.0 7.0 0.0005429163526258332
1170.0 7.005988023952097 0.0005429163526258332
1171.0 7.0119760479041915 0.0005429163526258332
1172.0 7.017964071856288 0.0005429163526258332
1173.0 7.023952095808383 0.0005429163526258332
1174.0 7.02994011976048 0.0005429163526258332
1175.0 7.0359281437125745 0.0005429163526258332
1176.0 7.041916167664671 0.0005429163526258332
1177.0 7.047904191616766 0.0005429163526258332
1178.0 7.053892215568863 0.0005429163526258332
1179.0 7.0598802395209574 0.0005429163526258332
1180.0 7.065868263473054 0.0005429163526258332
1181.0 7.071856287425151 0.0005429163526258332
1182.0 7.077844311377246 0.0005429163526258332
1183.0 7.083832335329342 0.0005429163526258332
1184.0 7.089820359281437 0.0005429163526258332
1185.0 7.095808383233534 0.0005429163526258332
1186.0 7.1017964071856285 0.0005429163526258332
1187.0 7.107784431137725 0.0005429163526258332
1188.0 7.11377245508982 0.0005429163526258332
1189.0 7.119760479041917 0.0005429163526258332
1190.0 7.1257485029940115 0.0005429163526258332
1191.0 7.131736526946108 0.0005429163526258332
1192.0 7.137724550898205 0.0005429163526258332
1193.0 7.1437125748503 0.0005429163526258332
1194.0 7.149700598802396 0.0005429163526258332
1195.0 7.155688622754491 0.0005429163526258332
1196.0 7.161676646706588 0.0005429163526258332
1197.0 7.167664670658683 0.0005429163526258332
1198.0 7.173652694610779 0.0005429163526258332
1199.0 7.179640718562874 0.0005429163526258332
1200.0 7.185628742514971 0.0005429163526258332
1201.0 7.191616766467066 0.0005429163526258332
1202.0 7.197604790419162 0.0005429163526258332
1203.0 7.203592814371259 0.0005429163526258332
1204.0 7.209580838323354 0.0005429163526258332
1205.0 7.21556886227545 0.0005429163526258332
1206.0 7.221556886227545 0.0005429163526258332
1207.0 7.227544910179642 0.0005429163526258332
1208.0 7.233532934131737 0.0005429163526258332
1209.0 7.239520958083833 0.0005429163526258332
1210.0 7.245508982035928 0.0005429163526258332
1211.0 7.251497005988025 0.0005429163526258332
1212.0 7.25748502994012 0.0005429163526258332
1213.0 7.263473053892216 0.0005429163526258332
1214.0 7.269461077844312 0.0005429163526258332
1215.0 7.275449101796408 0.0005429163526258332
1216.0 7.2814371257485035 0.0005429163526258332
1217.0 7.287425149700599 0.0005429163526258332
1218.0 7.293413173652695 0.0005429163526258332
1219.0 7.299401197604791 0.0005429163526258332
1220.0 7.3053892215568865 0.0005429163526258332
1221.0 7.311377245508982 0.0005429163526258332
1222.0 7.317365269461078 0.0005429163526258332
1223.0 7.323353293413174 0.0005429163526258332
1224.0 7.3293413173652695 0.0005429163526258332
1225.0 7.335329341317366 0.0005429163526258332
1226.0 7.341317365269461 0.0005429163526258332
1227.0 7.347305389221558 0.0005429163526258332
1228.0 7.3532934131736525 0.0005429163526258332
1229.0 7.359281437125749 0.0005429163526258332
1230.0 7.365269461077844 0.0005429163526258332
1231.0 7.371257485029941 0.0005429163526258332
1232.0 7.3772455089820355 0.0005429163526258332
1233.0 7.383233532934132 0.0005429163526258332
1234.0 7.389221556886227 0.0005429163526258332
1235.0 7.395209580838324 0.0005429163526258332
1236.0 7.40119760479042 0.0005429163526258332
1237.0 7.407185628742515 0.0005429163526258332
1238.0 7.413173652694612 0.0005429163526258332
1239.0 7.419161676646707 0.0005429163526258332
1240.0 7.425149700598803 0.0005429163526258332
1241.0 7.431137724550898 0.0005429163526258332
1242.0 7.437125748502995 0.0005429163526258332
1243.0 7.4431137724550895 0.0005429163526258332
1244.0 7.449101796407186 0.0005429163526258332
1245.0 7.455089820359281 0.0005429163526258332
1246.0 7.461077844311378 0.0005429163526258332
1247.0 7.467065868263474 0.0005429163526258332
1248.0 7.473053892215569 0.0005429163526258332
1249.0 7.479041916167666 0.0005429163526258332
1250.0 7.485029940119761 0.0005429163526258332
1251.0 7.491017964071857 0.0005429163526258332
1252.0 7.497005988023952 0.0005429163526258332
1253.0 7.502994011976049 0.0005429163526258332
1254.0 7.508982035928144 0.0005429163526258332
1255.0 7.51497005988024 0.0005429163526258332
1256.0 7.520958083832335 0.0005429163526258332
1257.0 7.526946107784432 0.0005429163526258332
1258.0 7.532934131736528 0.0005429163526258332
1259.0 7.538922155688623 0.0005429163526258332
1260.0 7.54491017964072 0.0005429163526258332
1261.0 7.550898203592815 0.0005429163526258332
1262.0 7.556886227544911 0.0005429163526258332
1263.0 7.562874251497006 0.0005429163526258332
1264.0 7.568862275449103 0.0005429163526258332
1265.0 7.574850299401198 0.0005429163526258332
1266.0 7.580838323353294 0.0005429163526258332
1267.0 7.586826347305389 0.0005429163526258332
1268.0 7.592814371257486 0.0005429163526258332
1269.0 7.598802395209582 0.0005429163526258332
1270.0 7.604790419161677 0.0005429163526258332
1271.0 7.610778443113773 0.0005429163526258332
1272.0 7.616766467065869 0.0005429163526258332
1273.0 7.6227544910179645 0.0005429163526258332
1274.0 7.62874251497006 0.0005429163526258332
1275.0 7.634730538922156 0.0005429163526258332
1276.0 7.640718562874252 0.0005429163526258332
1277.0 7.6467065868263475 0.0005429163526258332
1278.0 7.652694610778443 0.0005429163526258332
1279.0 7.658682634730539 0.0005429163526258332
1280.0 7.664670658682636 0.0005429163526258332
1281.0 7.6706586826347305 0.0005429163526258332
1282.0 7.676646706586827 0.0005429163526258332
1283.0 7.682634730538922 0.0005429163526258332
1284.0 7.688622754491019 0.0005429163526258332
1285.0 7.6946107784431135 0.0005429163526258332
1286.0 7.70059880239521 0.0005429163526258332
1287.0 7.706586826347305 0.0005429163526258332
1288.0 7.712574850299402 0.0005429163526258332
1289.0 7.7185628742514965 0.0005429163526258332
1290.0 7.724550898203593 0.0005429163526258332
1291.0 7.730538922155688 0.0005429163526258332
1292.0 7.736526946107785 0.0005429163526258332
1293.0 7.742514970059881 0.0005429163526258332
1294.0 7.748502994011976 0.0005429163526258332
1295.0 7.754491017964073 0.0005429163526258332
1296.0 7.7604790419161676 0.0005429163526258332
1297.0 7.766467065868264 0.0005429163526258332
1298.0 7.772455089820359 0.0005429163526258332
1299.0 7.778443113772456 0.0005429163526258332
1300.0 7.7844311377245505 0.0005429163526258332
1301.0 7.790419161676647 0.0005429163526258332
1302.0 7.796407185628742 0.0005429163526258332
1303.0 7.802395209580839 0.0005429163526258332
1304.0 7.808383233532935 0.0005429163526258332
1305.0 7.81437125748503 0.0005429163526258332
1306.0 7.820359281437127 0.0005429163526258332
1307.0 7.826347305389222 0.0005429163526258332
1308.0 7.832335329341318 0.0005429163526258332
1309.0 7.838323353293413 0.0005429163526258332
1310.0 7.84431137724551 0.0005429163526258332
1311.0 7.850299401197605 0.0005429163526258332
1312.0 7.856287425149701 0.0005429163526258332
1313.0 7.862275449101796 0.0005429163526258332
1314.0 7.868263473053893 0.0005429163526258332
1315.0 7.874251497005989 0.0005429163526258332
1316.0 7.880239520958084 0.0005429163526258332
1317.0 7.886227544910181 0.0005429163526258332
1318.0 7.892215568862276 0.0005429163526258332
1319.0 7.898203592814372 0.0005429163526258332
1320.0 7.904191616766467 0.0005429163526258332
1321.0 7.910179640718564 0.0005429163526258332
1322.0 7.916167664670659 0.0005429163526258332
1323.0 7.922155688622755 0.0005429163526258332
1324.0 7.92814371257485 0.0005429163526258332
1325.0 7.934131736526947 0.0005429163526258332
1326.0 7.9401197604790426 0.0005429163526258332
1327.0 7.946107784431138 0.0005429163526258332
1328.0 7.952095808383234 0.0005429163526258332
1329.0 7.95808383233533 0.0005429163526258332
1330.0 7.9640718562874255 0.0005429163526258332
1331.0 7.970059880239521 0.0005429163526258332
1332.0 7.976047904191617 0.0005429163526258332
1333.0 7.982035928143713 0.0005429163526258332
1334.0 7.9880239520958085 0.0005429163526258332
1335.0 7.994011976047904 0.0005429163526258332
1336.0 8.0 0.0005429163526258332
1337.0 8.005988023952098 0.0005429163526258332
1338.0 8.011976047904191 0.0005429163526258332
1339.0 8.017964071856289 0.0005429163526258332
1340.0 8.023952095808383 0.0005429163526258332
1341.0 8.02994011976048 0.0005429163526258332
1342.0 8.035928143712574 0.0005429163526258332
1343.0 8.041916167664672 0.0005429163526258332
1344.0 8.047904191616766 0.0005429163526258332
1345.0 8.053892215568863 0.0005429163526258332
1346.0 8.059880239520957 0.0005429163526258332
1347.0 8.065868263473055 0.0005429163526258332
1348.0 8.07185628742515 0.0005429163526258332
1349.0 8.077844311377246 0.0005429163526258332
1350.0 8.083832335329342 0.0005429163526258332
1351.0 8.089820359281438 0.0005429163526258332
1352.0 8.095808383233534 0.0005429163526258332
1353.0 8.10179640718563 0.0005429163526258332
1354.0 8.107784431137725 0.0005429163526258332
1355.0 8.113772455089821 0.0005429163526258332
1356.0 8.119760479041917 0.0005429163526258332
1357.0 8.125748502994012 0.0005429163526258332
1358.0 8.131736526946108 0.0005429163526258332
1359.0 8.137724550898204 0.0005429163526258332
1360.0 8.1437125748503 0.0005429163526258332
1361.0 8.149700598802395 0.0005429163526258332
1362.0 8.155688622754491 0.0005429163526258332
1363.0 8.161676646706587 0.0005429163526258332
1364.0 8.167664670658683 0.0005429163526258332
1365.0 8.173652694610778 0.0005429163526258332
1366.0 8.179640718562874 0.0005429163526258332
1367.0 8.18562874251497 0.0005429163526258332
1368.0 8.191616766467066 0.0005429163526258332
1369.0 8.197604790419161 0.0005429163526258332
1370.0 8.203592814371259 0.0005429163526258332
1371.0 8.209580838323353 0.0005429163526258332
1372.0 8.21556886227545 0.0005429163526258332
1373.0 8.221556886227544 0.0005429163526258332
1374.0 8.227544910179642 0.0005429163526258332
1375.0 8.233532934131736 0.0005429163526258332
1376.0 8.239520958083833 0.0005429163526258332
1377.0 8.245508982035927 0.0005429163526258332
1378.0 8.251497005988025 0.0005429163526258332
1379.0 8.257485029940119 0.0005429163526258332
1380.0 8.263473053892216 0.0005429163526258332
1381.0 8.269461077844312 0.0005429163526258332
1382.0 8.275449101796408 0.0005429163526258332
1383.0 8.281437125748504 0.0005429163526258332
1384.0 8.2874251497006 0.0005429163526258332
1385.0 8.293413173652695 0.0005429163526258332
1386.0 8.29940119760479 0.0005429163526258332
1387.0 8.305389221556887 0.0005429163526258332
1388.0 8.311377245508982 0.0005429163526258332
1389.0 8.317365269461078 0.0005429163526258332
1390.0 8.323353293413174 0.0005429163526258332
1391.0 8.32934131736527 0.0005429163526258332
1392.0 8.335329341317367 0.0005429163526258332
1393.0 8.341317365269461 0.0005429163526258332
1394.0 8.347305389221559 0.0005429163526258332
1395.0 8.353293413173652 0.0005429163526258332
1396.0 8.35928143712575 0.0005429163526258332
1397.0 8.365269461077844 0.0005429163526258332
1398.0 8.371257485029941 0.0005429163526258332
1399.0 8.377245508982035 0.0005429163526258332
1400.0 8.383233532934133 0.0005429163526258332
1401.0 8.389221556886227 0.0005429163526258332
1402.0 8.395209580838324 0.0005429163526258332
1403.0 8.40119760479042 0.0005429163526258332
1404.0 8.407185628742516 0.0005429163526258332
1405.0 8.413173652694612 0.0005429163526258332
1406.0 8.419161676646707 0.0005429163526258332
1407.0 8.425149700598803 0.0005429163526258332
1408.0 8.431137724550899 0.0005429163526258332
1409.0 8.437125748502995 0.0005429163526258332
1410.0 8.44311377245509 0.0005429163526258332
1411.0 8.449101796407186 0.0005429163526258332
1412.0 8.455089820359282 0.0005429163526258332
1413.0 8.461077844311378 0.0005429163526258332
1414.0 8.467065868263473 0.0005429163526258332
1415.0 8.47305389221557 0.0005429163526258332
1416.0 8.479041916167665 0.0005429163526258332
1417.0 8.48502994011976 0.0005429163526258332
1418.0 8.491017964071856 0.0005429163526258332
1419.0 8.497005988023952 0.0005429163526258332
1420.0 8.502994011976048 0.0005429163526258332
1421.0 8.508982035928144 0.0005429163526258332
1422.0 8.51497005988024 0.0005429163526258332
1423.0 8.520958083832335 0.0005429163526258332
1424.0 8.52694610778443 0.0005429163526258332
1425.0 8.532934131736528 0.0005429163526258332
1426.0 8.538922155688622 0.0005429163526258332
1427.0 8.54491017964072 0.0005429163526258332
1428.0 8.550898203592814 0.0005429163526258332
1429.0 8.556886227544911 0.0005429163526258332
1430.0 8.562874251497005 0.0005429163526258332
1431.0 8.568862275449103 0.0005429163526258332
1432.0 8.574850299401197 0.0005429163526258332
1433.0 8.580838323353294 0.0005429163526258332
1434.0 8.586826347305388 0.0005429163526258332
1435.0 8.592814371257486 0.0005429163526258332
1436.0 8.598802395209582 0.0005429163526258332
1437.0 8.604790419161677 0.0005429163526258332
1438.0 8.610778443113773 0.0005429163526258332
1439.0 8.616766467065869 0.0005429163526258332
1440.0 8.622754491017965 0.0005429163526258332
1441.0 8.62874251497006 0.0005429163526258332
1442.0 8.634730538922156 0.0005429163526258332
1443.0 8.640718562874252 0.0005429163526258332
1444.0 8.646706586826348 0.0005429163526258332
1445.0 8.652694610778443 0.0005429163526258332
1446.0 8.658682634730539 0.0005429163526258332
1447.0 8.664670658682637 0.0005429163526258332
1448.0 8.67065868263473 0.0005429163526258332
1449.0 8.676646706586828 0.0005429163526258332
1450.0 8.682634730538922 0.0005429163526258332
1451.0 8.68862275449102 0.0005429163526258332
1452.0 8.694610778443113 0.0005429163526258332
1453.0 8.700598802395211 0.0005429163526258332
1454.0 8.706586826347305 0.0005429163526258332
1455.0 8.712574850299402 0.0005429163526258332
1456.0 8.718562874251496 0.0005429163526258332
1457.0 8.724550898203594 0.0005429163526258332
1458.0 8.730538922155688 0.0005429163526258332
1459.0 8.736526946107785 0.0005429163526258332
1460.0 8.742514970059881 0.0005429163526258332
1461.0 8.748502994011977 0.0005429163526258332
1462.0 8.754491017964073 0.0005429163526258332
1463.0 8.760479041916168 0.0005429163526258332
1464.0 8.766467065868264 0.0005429163526258332
1465.0 8.77245508982036 0.0005429163526258332
1466.0 8.778443113772456 0.0005429163526258332
1467.0 8.784431137724551 0.0005429163526258332
1468.0 8.790419161676647 0.0005429163526258332
1469.0 8.796407185628743 0.0005429163526258332
1470.0 8.802395209580839 0.0005429163526258332
1471.0 8.808383233532934 0.0005429163526258332
1472.0 8.81437125748503 0.0005429163526258332
1473.0 8.820359281437126 0.0005429163526258332
1474.0 8.826347305389222 0.0005429163526258332
1475.0 8.832335329341317 0.0005429163526258332
1476.0 8.838323353293413 0.0005429163526258332
1477.0 8.844311377245509 0.0005429163526258332
1478.0 8.850299401197605 0.0005429163526258332
1479.0 8.8562874251497 0.0005429163526258332
1480.0 8.862275449101796 0.0005429163526258332
1481.0 8.868263473053892 0.0005429163526258332
1482.0 8.87425149700599 0.0005429163526258332
1483.0 8.880239520958083 0.0005429163526258332
1484.0 8.88622754491018 0.0005429163526258332
1485.0 8.892215568862275 0.0005429163526258332
1486.0 8.898203592814372 0.0005429163526258332
1487.0 8.904191616766466 0.0005429163526258332
1488.0 8.910179640718564 0.0005429163526258332
1489.0 8.916167664670658 0.0005429163526258332
1490.0 8.922155688622755 0.0005429163526258332
1491.0 8.92814371257485 0.0005429163526258332
1492.0 8.934131736526947 0.0005429163526258332
1493.0 8.940119760479043 0.0005429163526258332
1494.0 8.946107784431138 0.0005429163526258332
1495.0 8.952095808383234 0.0005429163526258332
1496.0 8.95808383233533 0.0005429163526258332
1497.0 8.964071856287426 0.0005429163526258332
1498.0 8.970059880239521 0.0005429163526258332
1499.0 8.976047904191617 0.0005429163526258332
1500.0 8.982035928143713 0.0005429163526258332
1501.0 8.988023952095809 0.0005429163526258332
1502.0 8.994011976047904 0.0005429163526258332
1503.0 9.0 0.0005429163526258332
1504.0 9.005988023952098 0.0005429163526258332
1505.0 9.011976047904191 0.0005429163526258332
1506.0 9.017964071856289 0.0005429163526258332
1507.0 9.023952095808383 0.0005429163526258332
1508.0 9.02994011976048 0.0005429163526258332
1509.0 9.035928143712574 0.0005429163526258332
1510.0 9.041916167664672 0.0005429163526258332
1511.0 9.047904191616766 0.0005429163526258332
1512.0 9.053892215568863 0.0005429163526258332
1513.0 9.059880239520957 0.0005429163526258332
1514.0 9.065868263473055 0.0005429163526258332
1515.0 9.07185628742515 0.0005429163526258332
1516.0 9.077844311377246 0.0005429163526258332
1517.0 9.083832335329342 0.0005429163526258332
1518.0 9.089820359281438 0.0005429163526258332
1519.0 9.095808383233534 0.0005429163526258332
1520.0 9.10179640718563 0.0005429163526258332
1521.0 9.107784431137725 0.0005429163526258332
1522.0 9.113772455089821 0.0005429163526258332
1523.0 9.119760479041917 0.0005429163526258332
1524.0 9.125748502994012 0.0005429163526258332
1525.0 9.131736526946108 0.0005429163526258332
1526.0 9.137724550898204 0.0005429163526258332
1527.0 9.1437125748503 0.0005429163526258332
1528.0 9.149700598802395 0.0005429163526258332
1529.0 9.155688622754491 0.0005429163526258332
1530.0 9.161676646706587 0.0005429163526258332
1531.0 9.167664670658683 0.0005429163526258332
1532.0 9.173652694610778 0.0005429163526258332
1533.0 9.179640718562874 0.0005429163526258332
1534.0 9.18562874251497 0.0005429163526258332
1535.0 9.191616766467066 0.0005429163526258332
1536.0 9.197604790419161 0.0005429163526258332
1537.0 9.203592814371259 0.0005429163526258332
1538.0 9.209580838323353 0.0005429163526258332
1539.0 9.21556886227545 0.0005429163526258332
1540.0 9.221556886227544 0.0005429163526258332
1541.0 9.227544910179642 0.0005429163526258332
1542.0 9.233532934131736 0.0005429163526258332
1543.0 9.239520958083833 0.0005429163526258332
1544.0 9.245508982035927 0.0005429163526258332
1545.0 9.251497005988025 0.0005429163526258332
1546.0 9.257485029940119 0.0005429163526258332
1547.0 9.263473053892216 0.0005429163526258332
1548.0 9.269461077844312 0.0005429163526258332
1549.0 9.275449101796408 0.0005429163526258332
1550.0 9.281437125748504 0.0005429163526258332
1551.0 9.2874251497006 0.0005429163526258332
1552.0 9.293413173652695 0.0005429163526258332
1553.0 9.29940119760479 0.0005429163526258332
1554.0 9.305389221556887 0.0005429163526258332
1555.0 9.311377245508982 0.0005429163526258332
1556.0 9.317365269461078 0.0005429163526258332
1557.0 9.323353293413174 0.0005429163526258332
1558.0 9.32934131736527 0.0005429163526258332
1559.0 9.335329341317367 0.0005429163526258332
1560.0 9.341317365269461 0.0005429163526258332
1561.0 9.347305389221559 0.0005429163526258332
1562.0 9.353293413173652 0.0005429163526258332
1563.0 9.35928143712575 0.0005429163526258332
1564.0 9.365269461077844 0.0005429163526258332
1565.0 9.371257485029941 0.0005429163526258332
1566.0 9.377245508982035 0.0005429163526258332
1567.0 9.383233532934133 0.0005429163526258332
1568.0 9.389221556886227 0.0005429163526258332
1569.0 9.395209580838324 0.0005429163526258332
1570.0 9.40119760479042 0.0005429163526258332
1571.0 9.407185628742516 0.0005429163526258332
1572.0 9.413173652694612 0.0005429163526258332
1573.0 9.419161676646707 0.0005429163526258332
1574.0 9.425149700598803 0.0005429163526258332
1575.0 9.431137724550899 0.0005429163526258332
1576.0 9.437125748502995 0.0005429163526258332
1577.0 9.44311377245509 0.0005429163526258332
1578.0 9.449101796407186 0.0005429163526258332
1579.0 9.455089820359282 0.0005429163526258332
1580.0 9.461077844311378 0.0005429163526258332
1581.0 9.467065868263473 0.0005429163526258332
1582.0 9.47305389221557 0.0005429163526258332
1583.0 9.479041916167665 0.0005429163526258332
1584.0 9.48502994011976 0.0005429163526258332
1585.0 9.491017964071856 0.0005429163526258332
1586.0 9.497005988023952 0.0005429163526258332
1587.0 9.502994011976048 0.0005429163526258332
1588.0 9.508982035928144 0.0005429163526258332
1589.0 9.51497005988024 0.0005429163526258332
1590.0 9.520958083832335 0.0005429163526258332
1591.0 9.52694610778443 0.0005429163526258332
1592.0 9.532934131736528 0.0005429163526258332
1593.0 9.538922155688622 0.0005429163526258332
1594.0 9.54491017964072 0.0005429163526258332
1595.0 9.550898203592814 0.0005429163526258332
1596.0 9.556886227544911 0.0005429163526258332
1597.0 9.562874251497005 0.0005429163526258332
1598.0 9.568862275449103 0.0005429163526258332
1599.0 9.574850299401197 0.0005429163526258332
1600.0 9.580838323353294 0.0005429163526258332
1601.0 9.586826347305388 0.0005429163526258332
1602.0 9.592814371257486 0.0005429163526258332
1603.0 9.598802395209582 0.0005429163526258332
1604.0 9.604790419161677 0.0005429163526258332
1605.0 9.610778443113773 0.0005429163526258332
1606.0 9.616766467065869 0.0005429163526258332
1607.0 9.622754491017965 0.0005429163526258332
1608.0 9.62874251497006 0.0005429163526258332
1609.0 9.634730538922156 0.0005429163526258332
1610.0 9.640718562874252 0.0005429163526258332
1611.0 9.646706586826348 0.0005429163526258332
1612.0 9.652694610778443 0.0005429163526258332
1613.0 9.658682634730539 0.0005429163526258332
1614.0 9.664670658682637 0.0005429163526258332
1615.0 9.67065868263473 0.0005429163526258332
1616.0 9.676646706586828 0.0005429163526258332
1617.0 9.682634730538922 0.0005429163526258332
1618.0 9.68862275449102 0.0005429163526258332
1619.0 9.694610778443113 0.0005429163526258332
1620.0 9.700598802395211 0.0005429163526258332
1621.0 9.706586826347305 0.0005429163526258332
1622.0 9.712574850299402 0.0005429163526258332
1623.0 9.718562874251496 0.0005429163526258332
1624.0 9.724550898203594 0.0005429163526258332
1625.0 9.730538922155688 0.0005429163526258332
1626.0 9.736526946107785 0.0005429163526258332
1627.0 9.742514970059881 0.0005429163526258332
1628.0 9.748502994011977 0.0005429163526258332
1629.0 9.754491017964073 0.0005429163526258332
1630.0 9.760479041916168 0.0005429163526258332
1631.0 9.766467065868264 0.0005429163526258332
1632.0 9.77245508982036 0.0005429163526258332
1633.0 9.778443113772456 0.0005429163526258332
1634.0 9.784431137724551 0.0005429163526258332
1635.0 9.790419161676647 0.0005429163526258332
1636.0 9.796407185628743 0.0005429163526258332
1637.0 9.802395209580839 0.0005429163526258332
1638.0 9.808383233532936 0.0005429163526258332
1639.0 9.81437125748503 0.0005429163526258332
1640.0 9.820359281437128 0.0005429163526258332
1641.0 9.826347305389222 0.0005429163526258332
1642.0 9.83233532934132 0.0005429163526258332
1643.0 9.838323353293413 0.0005429163526258332
1644.0 9.84431137724551 0.0005429163526258332
1645.0 9.850299401197605 0.0005429163526258332
1646.0 9.856287425149702 0.0005429163526258332
1647.0 9.862275449101796 0.0005429163526258332
1648.0 9.868263473053894 0.0005429163526258332
1649.0 9.87425149700599 0.0005429163526258332
1650.0 9.880239520958085 0.0005429163526258332
1651.0 9.88622754491018 0.0005429163526258332
1652.0 9.892215568862277 0.0005429163526258332
1653.0 9.898203592814372 0.0005429163526258332
1654.0 9.904191616766468 0.0005429163526258332
1655.0 9.910179640718564 0.0005429163526258332
1656.0 9.91616766467066 0.0005429163526258332
1657.0 9.922155688622755 0.0005429163526258332
1658.0 9.928143712574851 0.0005429163526258332
1659.0 9.934131736526947 0.0005429163526258332
1660.0 9.940119760479043 0.0005429163526258332
1661.0 9.946107784431138 0.0005429163526258332
1662.0 9.952095808383234 0.0005429163526258332
1663.0 9.95808383233533 0.0005429163526258332
1664.0 9.964071856287426 0.0005429163526258332
1665.0 9.970059880239521 0.0005429163526258332
1666.0 9.976047904191617 0.0005429163526258332
1667.0 9.982035928143713 0.0005429163526258332
1668.0 9.988023952095809 0.0005429163526258332
1669.0 9.994011976047904 0.0005429163526258332
1670.0 10.0 0.0005429163526258332
