1.0 0.006161429451632779 0.05646330067308172
2.0 0.012322858903265559 0.0309462320996698
3.0 0.018484288354898338 0.029317483041792453
4.0 0.024645717806531117 0.023345403162908885
5.0 0.030807147258163893 0.02063082139977987
6.0 0.036968576709796676 0.017916239636651
7.0 0.04313000616142945 0.015201657873522133
8.0 0.049291435613062234 0.01302999246301895
9.0 0.05545286506469502 0.012487076110393118
10.0 0.061614294516327786 0.010858327052515767
11.0 0.06777572396796057 0.010315410699889935
12.0 0.07393715341959335 0.010315410699889935
13.0 0.08009858287122612 0.0097724943472641
14.0 0.0862600123228589 0.008686661642012435
15.0 0.09242144177449169 0.009229577994638267
16.0 0.09858287122612447 0.008686661642012435
17.0 0.10474430067775725 0.009229577994638418
18.0 0.11090573012939003 0.008686661642012584
19.0 0.11706715958102279 0.00814374528938675
20.0 0.12322858903265557 0.00814374528938675
21.0 0.12939001848428835 0.0076008289367609175
22.0 0.13555144793592114 0.0065149962315094005
23.0 0.14171287738755392 0.00651499623150955
24.0 0.1478743068391867 0.0054291635262578835
25.0 0.15403573629081946 0.005972079878883717
26.0 0.16019716574245224 0.0054291635262578835
27.0 0.16635859519408502 0.005972079878883717
28.0 0.1725200246457178 0.0054291635262578835
29.0 0.1786814540973506 0.0054291635262578835
30.0 0.18484288354898337 0.00488624717363205
31.0 0.19100431300061615 0.00488624717363205
32.0 0.19716574245224894 0.00488624717363205
33.0 0.20332717190388172 0.00488624717363205
34.0 0.2094886013555145 0.004343330821006217
35.0 0.21565003080714729 0.004343330821006217
36.0 0.22181146025878007 0.004343330821006217
37.0 0.22797288971041285 0.004343330821006217
38.0 0.23413431916204558 0.0038004144683803837
39.0 0.24029574861367836 0.0038004144683803837
40.0 0.24645717806531114 0.0038004144683803837
41.0 0.2526186075169439 0.0038004144683803837
42.0 0.2587800369685767 0.0032574981157547003
43.0 0.2649414664202095 0.0032574981157547003
44.0 0.2711028958718423 0.0032574981157547003
45.0 0.27726432532347506 0.0032574981157547003
46.0 0.28342575477510784 0.0032574981157547003
47.0 0.2895871842267406 0.0032574981157547003
48.0 0.2957486136783734 0.0032574981157547003
49.0 0.30191004313000613 0.0032574981157547003
50.0 0.3080714725816389 0.0032574981157547003
51.0 0.3142329020332717 0.0032574981157547003
52.0 0.3203943314849045 0.0032574981157547003
53.0 0.32655576093653726 0.0032574981157547003
54.0 0.33271719038817005 0.0032574981157547003
55.0 0.33887861983980283 0.0032574981157547003
56.0 0.3450400492914356 0.0032574981157547003
57.0 0.3512014787430684 0.0032574981157547003
58.0 0.3573629081947012 0.0032574981157547003
59.0 0.36352433764633396 0.0032574981157547003
60.0 0.36968576709796674 0.0032574981157547003
61.0 0.3758471965495995 0.0032574981157547003
62.0 0.3820086260012323 0.0032574981157547003
63.0 0.3881700554528651 0.0032574981157547003
64.0 0.3943314849044979 0.0032574981157547003
65.0 0.4004929143561306 0.0032574981157547003
66.0 0.40665434380776344 0.0032574981157547003
67.0 0.41281577325939617 0.0032574981157547003
68.0 0.418977202711029 0.0027145817631290168
69.0 0.42513863216266173 0.0027145817631290168
70.0 0.43130006161429457 0.0027145817631290168
71.0 0.4374614910659273 0.0027145817631290168
72.0 0.44362292051756014 0.0027145817631290168
73.0 0.44978434996919286 0.0027145817631290168
74.0 0.4559457794208257 0.0027145817631290168
75.0 0.46210720887245843 0.0027145817631290168
76.0 0.46826863832409116 0.0027145817631290168
77.0 0.474430067775724 0.0027145817631290168
78.0 0.4805914972273567 0.0027145817631290168
79.0 0.48675292667898956 0.0027145817631290168
80.0 0.4929143561306223 0.0021716654105031832
81.0 0.4990757855822551 0.0027145817631290168
82.0 0.5052372150338879 0.0027145817631290168
83.0 0.5113986444855206 0.0021716654105031832
84.0 0.5175600739371534 0.0027145817631290168
85.0 0.5237215033887862 0.0027145817631290168
86.0 0.529882932840419 0.0027145817631290168
87.0 0.5360443622920518 0.0027145817631290168
88.0 0.5422057917436846 0.0027145817631290168
89.0 0.5483672211953173 0.0027145817631290168
90.0 0.5545286506469501 0.0027145817631290168
91.0 0.5606900800985829 0.0027145817631290168
92.0 0.5668515095502157 0.0027145817631290168
93.0 0.5730129390018485 0.0027145817631290168
94.0 0.5791743684534812 0.0027145817631290168
95.0 0.585335797905114 0.0027145817631290168
96.0 0.5914972273567468 0.0027145817631290168
97.0 0.5976586568083796 0.0021716654105031832
98.0 0.6038200862600123 0.0021716654105031832
99.0 0.6099815157116452 0.0021716654105031832
100.0 0.6161429451632778 0.0021716654105031832
101.0 0.6223043746149107 0.0021716654105031832
102.0 0.6284658040665434 0.0021716654105031832
103.0 0.6346272335181763 0.0021716654105031832
104.0 0.640788662969809 0.0021716654105031832
105.0 0.6469500924214419 0.0021716654105031832
106.0 0.6531115218730745 0.0021716654105031832
107.0 0.6592729513247073 0.0021716654105031832
108.0 0.6654343807763401 0.0021716654105031832
109.0 0.6715958102279729 0.0021716654105031832
110.0 0.6777572396796057 0.0021716654105031832
111.0 0.6839186691312384 0.0021716654105031832
112.0 0.6900800985828712 0.0021716654105031832
113.0 0.696241528034504 0.0021716654105031832
114.0 0.7024029574861368 0.0021716654105031832
115.0 0.7085643869377696 0.0021716654105031832
116.0 0.7147258163894024 0.0016287490578773501
117.0 0.7208872458410351 0.0016287490578773501
118.0 0.7270486752926679 0.0016287490578773501
119.0 0.7332101047443007 0.0016287490578773501
120.0 0.7393715341959335 0.0016287490578773501
121.0 0.7455329636475663 0.0016287490578773501
122.0 0.751694393099199 0.0016287490578773501
123.0 0.7578558225508318 0.0016287490578773501
124.0 0.7640172520024646 0.0016287490578773501
125.0 0.7701786814540974 0.0016287490578773501
126.0 0.7763401109057302 0.0016287490578773501
127.0 0.782501540357363 0.0016287490578773501
128.0 0.7886629698089958 0.0016287490578773501
129.0 0.7948243992606284 0.0016287490578773501
130.0 0.8009858287122612 0.0016287490578773501
131.0 0.807147258163894 0.0016287490578773501
132.0 0.8133086876155269 0.0016287490578773501
133.0 0.8194701170671597 0.0016287490578773501
134.0 0.8256315465187923 0.0016287490578773501
135.0 0.8317929759704251 0.0016287490578773501
136.0 0.837954405422058 0.0016287490578773501
137.0 0.8441158348736908 0.0016287490578773501
138.0 0.8502772643253235 0.0016287490578773501
139.0 0.8564386937769563 0.0016287490578773501
140.0 0.8626001232285891 0.0016287490578773501
141.0 0.8687615526802217 0.0016287490578773501
142.0 0.8749229821318546 0.0016287490578773501
143.0 0.8810844115834874 0.0016287490578773501
144.0 0.8872458410351203 0.0016287490578773501
145.0 0.8934072704867528 0.0016287490578773501
146.0 0.8995686999383857 0.0016287490578773501
147.0 0.9057301293900185 0.0016287490578773501
148.0 0.9118915588416514 0.0016287490578773501
149.0 0.918052988293284 0.0016287490578773501
150.0 0.9242144177449169 0.0016287490578773501
151.0 0.9303758471965496 0.0016287490578773501
152.0 0.9365372766481823 0.0016287490578773501
153.0 0.9426987060998151 0.0016287490578773501
154.0 0.948860135551448 0.0016287490578773501
155.0 0.9550215650030808 0.0016287490578773501
156.0 0.9611829944547134 0.0016287490578773501
157.0 0.9673444239063462 0.0016287490578773501
158.0 0.9735058533579791 0.0016287490578773501
159.0 0.9796672828096119 0.0016287490578773501
160.0 0.9858287122612446 0.0016287490578773501
161.0 0.9919901417128774 0.0016287490578773501
162.0 0.9981515711645103 0.0016287490578773501
163.0 1.004313000616143 0.0016287490578773501
164.0 1.0104744300677757 0.0016287490578773501
165.0 1.0166358595194085 0.0016287490578773501
166.0 1.0227972889710413 0.0016287490578773501
167.0 1.028958718422674 0.0016287490578773501
168.0 1.0351201478743068 0.0016287490578773501
169.0 1.0412815773259396 0.0016287490578773501
170.0 1.0474430067775724 0.0016287490578773501
171.0 1.0536044362292052 0.0016287490578773501
172.0 1.059765865680838 0.0016287490578773501
173.0 1.0659272951324708 0.0016287490578773501
174.0 1.0720887245841035 0.0016287490578773501
175.0 1.0782501540357363 0.0016287490578773501
176.0 1.084411583487369 0.0016287490578773501
177.0 1.0905730129390019 0.0016287490578773501
178.0 1.0967344423906347 0.0016287490578773501
179.0 1.1028958718422675 0.0016287490578773501
180.0 1.1090573012939002 0.0016287490578773501
181.0 1.115218730745533 0.0016287490578773501
182.0 1.1213801601971658 0.0016287490578773501
183.0 1.1275415896487986 0.0016287490578773501
184.0 1.1337030191004314 0.0016287490578773501
185.0 1.139864448552064 0.0016287490578773501
186.0 1.146025878003697 0.0016287490578773501
187.0 1.1521873074553297 0.0016287490578773501
188.0 1.1583487369069625 0.0016287490578773501
189.0 1.164510166358595 0.0016287490578773501
190.0 1.170671595810228 0.0016287490578773501
191.0 1.1768330252618608 0.0016287490578773501
192.0 1.1829944547134936 0.0016287490578773501
193.0 1.1891558841651262 0.0016287490578773501
194.0 1.1953173136167592 0.0016287490578773501
195.0 1.201478743068392 0.0016287490578773501
196.0 1.2076401725200245 0.0016287490578773501
197.0 1.2138016019716575 0.0016287490578773501
198.0 1.2199630314232903 0.0016287490578773501
199.0 1.226124460874923 0.0016287490578773501
200.0 1.2322858903265557 0.0016287490578773501
201.0 1.2384473197781887 0.0016287490578773501
202.0 1.2446087492298215 0.0016287490578773501
203.0 1.250770178681454 0.0016287490578773501
204.0 1.2569316081330868 0.0016287490578773501
205.0 1.2630930375847198 0.0016287490578773501
206.0 1.2692544670363526 0.0016287490578773501
207.0 1.2754158964879851 0.0016287490578773501
208.0 1.281577325939618 0.0016287490578773501
209.0 1.287738755391251 0.0016287490578773501
210.0 1.2939001848428837 0.0016287490578773501
211.0 1.3000616142945163 0.0016287490578773501
212.0 1.306223043746149 0.0016287490578773501
213.0 1.312384473197782 0.0016287490578773501
214.0 1.3185459026494146 0.0016287490578773501
215.0 1.3247073321010474 0.0016287490578773501
216.0 1.3308687615526802 0.0016287490578773501
217.0 1.3370301910043132 0.0016287490578773501
218.0 1.3431916204559458 0.0016287490578773501
219.0 1.3493530499075785 0.0016287490578773501
220.0 1.3555144793592113 0.0016287490578773501
221.0 1.3616759088108443 0.0016287490578773501
222.0 1.3678373382624769 0.0016287490578773501
223.0 1.3739987677141097 0.0016287490578773501
224.0 1.3801601971657425 0.0016287490578773501
225.0 1.3863216266173752 0.0016287490578773501
226.0 1.392483056069008 0.0016287490578773501
227.0 1.3986444855206408 0.0016287490578773501
228.0 1.4048059149722736 0.0016287490578773501
229.0 1.4109673444239064 0.0016287490578773501
230.0 1.4171287738755391 0.0016287490578773501
231.0 1.423290203327172 0.0016287490578773501
232.0 1.4294516327788047 0.0016287490578773501
233.0 1.4356130622304375 0.0016287490578773501
234.0 1.4417744916820703 0.0016287490578773501
235.0 1.447935921133703 0.0016287490578773501
236.0 1.4540973505853358 0.0016287490578773501
237.0 1.4602587800369686 0.0016287490578773501
238.0 1.4664202094886014 0.0016287490578773501
239.0 1.4725816389402342 0.0016287490578773501
240.0 1.478743068391867 0.0016287490578773501
241.0 1.4849044978434998 0.0016287490578773501
242.0 1.4910659272951325 0.0016287490578773501
243.0 1.4972273567467653 0.0016287490578773501
244.0 1.503388786198398 0.0016287490578773501
245.0 1.509550215650031 0.0016287490578773501
246.0 1.5157116451016637 0.0016287490578773501
247.0 1.5218730745532962 0.0016287490578773501
248.0 1.5280345040049292 0.0016287490578773501
249.0 1.534195933456562 0.0016287490578773501
250.0 1.5403573629081948 0.0016287490578773501
251.0 1.5465187923598274 0.0016287490578773501
252.0 1.5526802218114604 0.0016287490578773501
253.0 1.5588416512630932 0.0016287490578773501
254.0 1.565003080714726 0.0016287490578773501
255.0 1.5711645101663585 0.0016287490578773501
256.0 1.5773259396179915 0.0016287490578773501
257.0 1.5834873690696243 0.0016287490578773501
258.0 1.5896487985212568 0.0016287490578773501
259.0 1.5958102279728896 0.0016287490578773501
260.0 1.6019716574245224 0.0016287490578773501
261.0 1.6081330868761552 0.0016287490578773501
262.0 1.614294516327788 0.0016287490578773501
263.0 1.6204559457794208 0.0016287490578773501
264.0 1.6266173752310538 0.0016287490578773501
265.0 1.6327788046826865 0.0016287490578773501
266.0 1.6389402341343193 0.0016287490578773501
267.0 1.645101663585952 0.0016287490578773501
268.0 1.6512630930375847 0.0016287490578773501
269.0 1.6574245224892175 0.0016287490578773501
270.0 1.6635859519408502 0.0016287490578773501
271.0 1.669747381392483 0.0016287490578773501
272.0 1.675908810844116 0.0016287490578773501
273.0 1.6820702402957488 0.0016287490578773501
274.0 1.6882316697473816 0.0016287490578773501
275.0 1.6943930991990142 0.0016287490578773501
276.0 1.700554528650647 0.0016287490578773501
277.0 1.7067159581022797 0.0016287490578773501
278.0 1.7128773875539125 0.0016287490578773501
279.0 1.7190388170055453 0.0016287490578773501
280.0 1.7252002464571783 0.0016287490578773501
281.0 1.731361675908811 0.0016287490578773501
282.0 1.7375231053604434 0.0016287490578773501
283.0 1.7436845348120764 0.0016287490578773501
284.0 1.7498459642637092 0.0016287490578773501
285.0 1.756007393715342 0.0016287490578773501
286.0 1.7621688231669748 0.0016287490578773501
287.0 1.7683302526186075 0.0016287490578773501
288.0 1.7744916820702406 0.0016287490578773501
289.0 1.7806531115218729 0.0016287490578773501
290.0 1.7868145409735057 0.0016287490578773501
291.0 1.7929759704251387 0.0016287490578773501
292.0 1.7991373998767715 0.0016287490578773501
293.0 1.8052988293284042 0.0016287490578773501
294.0 1.811460258780037 0.0016287490578773501
295.0 1.8176216882316698 0.0016287490578773501
296.0 1.8237831176833028 0.0016287490578773501
297.0 1.8299445471349352 0.0016287490578773501
298.0 1.836105976586568 0.0016287490578773501
299.0 1.842267406038201 0.0016287490578773501
300.0 1.8484288354898337 0.0016287490578773501
301.0 1.8545902649414665 0.0016287490578773501
302.0 1.8607516943930993 0.0016287490578773501
303.0 1.866913123844732 0.0016287490578773501
304.0 1.8730745532963646 0.0016287490578773501
305.0 1.8792359827479974 0.0016287490578773501
306.0 1.8853974121996302 0.0016287490578773501
307.0 1.8915588416512632 0.0016287490578773501
308.0 1.897720271102896 0.0016287490578773501
309.0 1.9038817005545288 0.0016287490578773501
310.0 1.9100431300061615 0.0016287490578773501
311.0 1.916204559457794 0.0016287490578773501
312.0 1.922365988909427 0.0016287490578773501
313.0 1.9285274183610597 0.0016287490578773501
314.0 1.9346888478126925 0.0016287490578773501
315.0 1.9408502772643255 0.0016287490578773501
316.0 1.9470117067159582 0.0016287490578773501
317.0 1.953173136167591 0.0016287490578773501
318.0 1.9593345656192238 0.0016287490578773501
319.0 1.9654959950708564 0.0016287490578773501
320.0 1.9716574245224892 0.0016287490578773501
321.0 1.977818853974122 0.0016287490578773501
322.0 1.9839802834257547 0.0016287490578773501
323.0 1.9901417128773877 0.0016287490578773501
324.0 1.9963031423290205 0.0016287490578773501
325.0 2.0024645717806533 0.0016287490578773501
326.0 2.008626001232286 0.0016287490578773501
327.0 2.0147874306839184 0.0016287490578773501
328.0 2.0209488601355514 0.0016287490578773501
329.0 2.0271102895871844 0.0016287490578773501
330.0 2.033271719038817 0.0016287490578773501
331.0 2.03943314849045 0.0016287490578773501
332.0 2.0455945779420825 0.0016287490578773501
333.0 2.051756007393715 0.0016287490578773501
334.0 2.057917436845348 0.0016287490578773501
335.0 2.0640788662969807 0.0016287490578773501
336.0 2.0702402957486137 0.0016287490578773501
337.0 2.0764017252002467 0.0016287490578773501
338.0 2.0825631546518792 0.0016287490578773501
339.0 2.0887245841035122 0.0016287490578773501
340.0 2.094886013555145 0.0016287490578773501
341.0 2.1010474430067774 0.0016287490578773501
342.0 2.1072088724584104 0.0016287490578773501
343.0 2.113370301910043 0.0016287490578773501
344.0 2.119531731361676 0.0016287490578773501
345.0 2.125693160813309 0.0016287490578773501
346.0 2.1318545902649415 0.0016287490578773501
347.0 2.1380160197165745 0.0016287490578773501
348.0 2.144177449168207 0.0016287490578773501
349.0 2.1503388786198396 0.0016287490578773501
350.0 2.1565003080714726 0.0016287490578773501
351.0 2.162661737523105 0.0016287490578773501
352.0 2.168823166974738 0.0016287490578773501
353.0 2.174984596426371 0.0016287490578773501
354.0 2.1811460258780038 0.0016287490578773501
355.0 2.1873074553296363 0.0016287490578773501
356.0 2.1934688847812693 0.0016287490578773501
357.0 2.199630314232902 0.0016287490578773501
358.0 2.205791743684535 0.0016287490578773501
359.0 2.2119531731361675 0.0016287490578773501
360.0 2.2181146025878005 0.0016287490578773501
361.0 2.2242760320394335 0.0016287490578773501
362.0 2.230437461491066 0.0016287490578773501
363.0 2.2365988909426986 0.0016287490578773501
364.0 2.2427603203943316 0.0016287490578773501
365.0 2.248921749845964 0.0016287490578773501
366.0 2.255083179297597 0.0016287490578773501
367.0 2.2612446087492297 0.0016287490578773501
368.0 2.2674060382008627 0.0016287490578773501
369.0 2.2735674676524957 0.0016287490578773501
370.0 2.279728897104128 0.0016287490578773501
371.0 2.285890326555761 0.0016287490578773501
372.0 2.292051756007394 0.0016287490578773501
373.0 2.2982131854590264 0.0016287490578773501
374.0 2.3043746149106594 0.0016287490578773501
375.0 2.310536044362292 0.0016287490578773501
376.0 2.316697473813925 0.0016287490578773501
377.0 2.3228589032655576 0.0016287490578773501
378.0 2.32902033271719 0.0016287490578773501
379.0 2.335181762168823 0.0016287490578773501
380.0 2.341343191620456 0.0016287490578773501
381.0 2.3475046210720887 0.0016287490578773501
382.0 2.3536660505237217 0.0016287490578773501
383.0 2.3598274799753542 0.0016287490578773501
384.0 2.3659889094269873 0.0016287490578773501
385.0 2.37215033887862 0.0016287490578773501
386.0 2.3783117683302524 0.0016287490578773501
387.0 2.3844731977818854 0.0016287490578773501
388.0 2.3906346272335184 0.0016287490578773501
389.0 2.396796056685151 0.0016287490578773501
390.0 2.402957486136784 0.0016287490578773501
391.0 2.409118915588417 0.0016287490578773501
392.0 2.415280345040049 0.0016287490578773501
393.0 2.421441774491682 0.0016287490578773501
394.0 2.427603203943315 0.0016287490578773501
395.0 2.4337646333949476 0.0016287490578773501
396.0 2.4399260628465806 0.0016287490578773501
397.0 2.446087492298213 0.0016287490578773501
398.0 2.452248921749846 0.0016287490578773501
399.0 2.4584103512014788 0.0016287490578773501
400.0 2.4645717806531113 0.0016287490578773501
401.0 2.4707332101047443 0.0016287490578773501
402.0 2.4768946395563773 0.0016287490578773501
403.0 2.48305606900801 0.0016287490578773501
404.0 2.489217498459643 0.0016287490578773501
405.0 2.4953789279112755 0.0016287490578773501
406.0 2.501540357362908 0.0016287490578773501
407.0 2.507701786814541 0.0016287490578773501
408.0 2.5138632162661736 0.0016287490578773501
409.0 2.5200246457178066 0.0016287490578773501
410.0 2.5261860751694396 0.0016287490578773501
411.0 2.532347504621072 0.0016287490578773501
412.0 2.538508934072705 0.0016287490578773501
413.0 2.5446703635243377 0.0016287490578773501
414.0 2.5508317929759703 0.0016287490578773501
415.0 2.5569932224276033 0.0016287490578773501
416.0 2.563154651879236 0.0016287490578773501
417.0 2.569316081330869 0.0016287490578773501
418.0 2.575477510782502 0.0016287490578773501
419.0 2.5816389402341344 0.0016287490578773501
420.0 2.5878003696857674 0.0016287490578773501
421.0 2.5939617991374 0.0016287490578773501
422.0 2.6001232285890326 0.0016287490578773501
423.0 2.6062846580406656 0.0016287490578773501
424.0 2.612446087492298 0.0016287490578773501
425.0 2.618607516943931 0.0016287490578773501
426.0 2.624768946395564 0.0016287490578773501
427.0 2.6309303758471967 0.0016287490578773501
428.0 2.6370918052988293 0.0016287490578773501
429.0 2.6432532347504623 0.0016287490578773501
430.0 2.649414664202095 0.0016287490578773501
431.0 2.655576093653728 0.0016287490578773501
432.0 2.6617375231053604 0.0016287490578773501
433.0 2.6678989525569934 0.0016287490578773501
434.0 2.6740603820086264 0.0016287490578773501
435.0 2.680221811460259 0.0016287490578773501
436.0 2.6863832409118915 0.0016287490578773501
437.0 2.6925446703635245 0.0016287490578773501
438.0 2.698706099815157 0.0016287490578773501
439.0 2.70486752926679 0.0016287490578773501
440.0 2.7110289587184226 0.0016287490578773501
441.0 2.7171903881700556 0.0016287490578773501
442.0 2.7233518176216887 0.0016287490578773501
443.0 2.7295132470733208 0.0016287490578773501
444.0 2.7356746765249538 0.0016287490578773501
445.0 2.741836105976587 0.0016287490578773501
446.0 2.7479975354282193 0.0016287490578773501
447.0 2.7541589648798523 0.0016287490578773501
448.0 2.760320394331485 0.0016287490578773501
449.0 2.766481823783118 0.0016287490578773501
450.0 2.7726432532347505 0.0016287490578773501
451.0 2.778804682686383 0.0016287490578773501
452.0 2.784966112138016 0.0016287490578773501
453.0 2.791127541589649 0.0016287490578773501
454.0 2.7972889710412816 0.0016287490578773501
455.0 2.8034504004929146 0.0016287490578773501
456.0 2.809611829944547 0.0016287490578773501
457.0 2.81577325939618 0.0016287490578773501
458.0 2.8219346888478127 0.0016287490578773501
459.0 2.8280961182994453 0.0016287490578773501
460.0 2.8342575477510783 0.0016287490578773501
461.0 2.8404189772027113 0.0016287490578773501
462.0 2.846580406654344 0.0016287490578773501
463.0 2.852741836105977 0.0016287490578773501
464.0 2.8589032655576094 0.0016287490578773501
465.0 2.865064695009242 0.0016287490578773501
466.0 2.871226124460875 0.0016287490578773501
467.0 2.8773875539125076 0.0016287490578773501
468.0 2.8835489833641406 0.0016287490578773501
469.0 2.8897104128157736 0.0016287490578773501
470.0 2.895871842267406 0.0016287490578773501
471.0 2.902033271719039 0.0016287490578773501
472.0 2.9081947011706717 0.0016287490578773501
473.0 2.9143561306223043 0.0016287490578773501
474.0 2.9205175600739373 0.0016287490578773501
475.0 2.92667898952557 0.0016287490578773501
476.0 2.932840418977203 0.0016287490578773501
477.0 2.939001848428836 0.0016287490578773501
478.0 2.9451632778804684 0.0016287490578773501
479.0 2.9513247073321014 0.0016287490578773501
480.0 2.957486136783734 0.0016287490578773501
481.0 2.9636475662353665 0.0016287490578773501
482.0 2.9698089956869995 0.0016287490578773501
483.0 2.975970425138632 0.0016287490578773501
484.0 2.982131854590265 0.0016287490578773501
485.0 2.988293284041898 0.0016287490578773501
486.0 2.9944547134935307 0.0016287490578773501
487.0 3.000616142945163 0.0016287490578773501
488.0 3.006777572396796 0.0016287490578773501
489.0 3.0129390018484288 0.0016287490578773501
490.0 3.019100431300062 0.0016287490578773501
491.0 3.0252618607516943 0.0016287490578773501
492.0 3.0314232902033273 0.0016287490578773501
493.0 3.0375847196549604 0.0016287490578773501
494.0 3.0437461491065925 0.0016287490578773501
495.0 3.0499075785582255 0.0016287490578773501
496.0 3.0560690080098585 0.0016287490578773501
497.0 3.062230437461491 0.0016287490578773501
498.0 3.068391866913124 0.0016287490578773501
499.0 3.0745532963647566 0.0016287490578773501
500.0 3.0807147258163896 0.0016287490578773501
501.0 3.0868761552680226 0.0016287490578773501
502.0 3.0930375847196547 0.0016287490578773501
503.0 3.0991990141712877 0.0016287490578773501
504.0 3.1053604436229207 0.0016287490578773501
505.0 3.1115218730745533 0.0016287490578773501
506.0 3.1176833025261863 0.0016287490578773501
507.0 3.123844731977819 0.0016287490578773501
508.0 3.130006161429452 0.0016287490578773501
509.0 3.1361675908810844 0.0016287490578773501
510.0 3.142329020332717 0.0016287490578773501
511.0 3.14849044978435 0.0016287490578773501
512.0 3.154651879235983 0.0016287490578773501
513.0 3.1608133086876156 0.0016287490578773501
514.0 3.1669747381392486 0.0016287490578773501
515.0 3.173136167590881 0.0016287490578773501
516.0 3.1792975970425137 0.0016287490578773501
517.0 3.1854590264941467 0.0016287490578773501
518.0 3.1916204559457793 0.0016287490578773501
519.0 3.1977818853974123 0.0016287490578773501
520.0 3.203943314849045 0.0016287490578773501
521.0 3.210104744300678 0.0016287490578773501
522.0 3.2162661737523104 0.0016287490578773501
523.0 3.2224276032039434 0.0016287490578773501
524.0 3.228589032655576 0.0016287490578773501
525.0 3.2347504621072094 0.0016287490578773501
526.0 3.2409118915588415 0.0016287490578773501
527.0 3.247073321010474 0.0010858327052515168
528.0 3.2532347504621075 0.0016287490578773501
529.0 3.2593961799137396 0.0010858327052515168
530.0 3.265557609365373 0.0010858327052515168
531.0 3.2717190388170057 0.0010858327052515168
532.0 3.2778804682686387 0.0016287490578773501
533.0 3.284041897720271 0.0010858327052515168
534.0 3.290203327171904 0.0016287490578773501
535.0 3.296364756623537 0.0010858327052515168
536.0 3.3025261860751693 0.0010858327052515168
537.0 3.3086876155268024 0.0010858327052515168
538.0 3.314849044978435 0.0010858327052515168
539.0 3.321010474430068 0.0010858327052515168
540.0 3.3271719038817005 0.0010858327052515168
541.0 3.333333333333334 0.0010858327052515168
542.0 3.339494762784966 0.0010858327052515168
543.0 3.3456561922365986 0.0010858327052515168
544.0 3.351817621688232 0.0010858327052515168
545.0 3.357979051139864 0.0010858327052515168
546.0 3.3641404805914976 0.0010858327052515168
547.0 3.37030191004313 0.0010858327052515168
548.0 3.376463339494763 0.0010858327052515168
549.0 3.3826247689463957 0.0010858327052515168
550.0 3.3887861983980283 0.0010858327052515168
551.0 3.3949476278496613 0.0010858327052515168
552.0 3.401109057301294 0.0010858327052515168
553.0 3.407270486752927 0.0010858327052515168
554.0 3.4134319162045594 0.0010858327052515168
555.0 3.4195933456561924 0.0010858327052515168
556.0 3.425754775107825 0.0010858327052515168
557.0 3.4319162045594576 0.0010858327052515168
558.0 3.4380776340110906 0.0010858327052515168
559.0 3.444239063462723 0.0010858327052515168
560.0 3.4504004929143566 0.0010858327052515168
561.0 3.4565619223659887 0.0010858327052515168
562.0 3.462723351817622 0.0010858327052515168
563.0 3.4688847812692547 0.0010858327052515168
564.0 3.475046210720887 0.0010858327052515168
565.0 3.4812076401725203 0.0010858327052515168
566.0 3.487369069624153 0.0010858327052515168
567.0 3.493530499075786 0.0010858327052515168
568.0 3.4996919285274184 0.0010858327052515168
569.0 3.5058533579790514 0.0010858327052515168
570.0 3.512014787430684 0.0010858327052515168
571.0 3.5181762168823165 0.0010858327052515168
572.0 3.5243376463339495 0.0010858327052515168
573.0 3.530499075785582 0.0010858327052515168
574.0 3.536660505237215 0.0010858327052515168
575.0 3.5428219346888477 0.0010858327052515168
576.0 3.548983364140481 0.0010858327052515168
577.0 3.555144793592113 0.0010858327052515168
578.0 3.5613062230437458 0.0010858327052515168
579.0 3.5674676524953792 0.0010858327052515168
580.0 3.5736290819470113 0.0010858327052515168
581.0 3.579790511398645 0.0010858327052515168
582.0 3.5859519408502774 0.0010858327052515168
583.0 3.5921133703019104 0.0010858327052515168
584.0 3.598274799753543 0.0010858327052515168
585.0 3.604436229205176 0.0010858327052515168
586.0 3.6105976586568085 0.0010858327052515168
587.0 3.616759088108441 0.0010858327052515168
588.0 3.622920517560074 0.0010858327052515168
589.0 3.6290819470117066 0.0010858327052515168
590.0 3.6352433764633396 0.0010858327052515168
591.0 3.641404805914972 0.0010858327052515168
592.0 3.6475662353666056 0.0010858327052515168
593.0 3.6537276648182377 0.0010858327052515168
594.0 3.6598890942698703 0.0010858327052515168
595.0 3.6660505237215038 0.0010858327052515168
596.0 3.672211953173136 0.0010858327052515168
597.0 3.6783733826247693 0.0010858327052515168
598.0 3.684534812076402 0.0010858327052515168
599.0 3.690696241528035 0.0010858327052515168
600.0 3.6968576709796674 0.0010858327052515168
601.0 3.7030191004313 0.0010858327052515168
602.0 3.709180529882933 0.0010858327052515168
603.0 3.7153419593345656 0.0010858327052515168
604.0 3.7215033887861986 0.0010858327052515168
605.0 3.727664818237831 0.0010858327052515168
606.0 3.733826247689464 0.0010858327052515168
607.0 3.7399876771410967 0.0010858327052515168
608.0 3.7461491065927293 0.0010858327052515168
609.0 3.7523105360443623 0.0010858327052515168
610.0 3.758471965495995 0.0010858327052515168
611.0 3.7646333949476283 0.0010858327052515168
612.0 3.7707948243992604 0.0010858327052515168
613.0 3.776956253850894 0.0010858327052515168
614.0 3.7831176833025264 0.0010858327052515168
615.0 3.7892791127541585 0.0010858327052515168
616.0 3.795440542205792 0.0010858327052515168
617.0 3.8016019716574245 0.0010858327052515168
618.0 3.8077634011090575 0.0010858327052515168
619.0 3.81392483056069 0.0010858327052515168
620.0 3.820086260012323 0.0010858327052515168
621.0 3.8262476894639557 0.0010858327052515168
622.0 3.832409118915588 0.0010858327052515168
623.0 3.8385705483672212 0.0010858327052515168
624.0 3.844731977818854 0.0010858327052515168
625.0 3.850893407270487 0.0010858327052515168
626.0 3.8570548367221194 0.0010858327052515168
627.0 3.863216266173753 0.0010858327052515168
628.0 3.869377695625385 0.0010858327052515168
629.0 3.8755391250770184 0.0010858327052515168
630.0 3.881700554528651 0.0010858327052515168
631.0 3.887861983980283 0.0010858327052515168
632.0 3.8940234134319165 0.0010858327052515168
633.0 3.900184842883549 0.0010858327052515168
634.0 3.906346272335182 0.0010858327052515168
635.0 3.9125077017868146 0.0010858327052515168
636.0 3.9186691312384476 0.0010858327052515168
637.0 3.92483056069008 0.0010858327052515168
638.0 3.9309919901417127 0.0010858327052515168
639.0 3.9371534195933457 0.0010858327052515168
640.0 3.9433148490449783 0.0010858327052515168
641.0 3.9494762784966113 0.0010858327052515168
642.0 3.955637707948244 0.0010858327052515168
643.0 3.9617991373998773 0.0010858327052515168
644.0 3.9679605668515094 0.0010858327052515168
645.0 3.974121996303142 0.0010858327052515168
646.0 3.9802834257547755 0.0010858327052515168
647.0 3.9864448552064076 0.0010858327052515168
648.0 3.992606284658041 0.0010858327052515168
649.0 3.9987677141096736 0.0010858327052515168
650.0 4.004929143561307 0.0010858327052515168
651.0 4.011090573012939 0.0010858327052515168
652.0 4.017252002464572 0.0010858327052515168
653.0 4.023413431916205 0.0010858327052515168
654.0 4.029574861367837 0.0010858327052515168
655.0 4.035736290819471 0.0010858327052515168
656.0 4.041897720271103 0.0010858327052515168
657.0 4.048059149722736 0.0010858327052515168
658.0 4.054220579174369 0.0010858327052515168
659.0 4.060382008626001 0.0010858327052515168
660.0 4.066543438077634 0.0010858327052515168
661.0 4.072704867529267 0.0010858327052515168
662.0 4.0788662969809 0.0010858327052515168
663.0 4.085027726432532 0.0010858327052515168
664.0 4.091189155884165 0.0010858327052515168
665.0 4.097350585335798 0.0010858327052515168
666.0 4.10351201478743 0.0010858327052515168
667.0 4.109673444239063 0.0010858327052515168
668.0 4.115834873690696 0.0010858327052515168
669.0 4.121996303142329 0.0010858327052515168
670.0 4.128157732593961 0.0010858327052515168
671.0 4.134319162045595 0.0010858327052515168
672.0 4.140480591497227 0.0010858327052515168
673.0 4.1466420209488595 0.0010858327052515168
674.0 4.152803450400493 0.0010858327052515168
675.0 4.1589648798521255 0.0010858327052515168
676.0 4.1651263093037585 0.0010858327052515168
677.0 4.1712877387553915 0.0010858327052515168
678.0 4.1774491682070245 0.0010858327052515168
679.0 4.183610597658657 0.0010858327052515168
680.0 4.18977202711029 0.0010858327052515168
681.0 4.195933456561923 0.0010858327052515168
682.0 4.202094886013555 0.0010858327052515168
683.0 4.208256315465188 0.0010858327052515168
684.0 4.214417744916821 0.0010858327052515168
685.0 4.220579174368454 0.0010858327052515168
686.0 4.226740603820086 0.0010858327052515168
687.0 4.23290203327172 0.0010858327052515168
688.0 4.239063462723352 0.0010858327052515168
689.0 4.245224892174984 0.0010858327052515168
690.0 4.251386321626618 0.0010858327052515168
691.0 4.25754775107825 0.0010858327052515168
692.0 4.263709180529883 0.0010858327052515168
693.0 4.269870609981516 0.0010858327052515168
694.0 4.276032039433149 0.0010858327052515168
695.0 4.282193468884781 0.0010858327052515168
696.0 4.288354898336414 0.0010858327052515168
697.0 4.294516327788047 0.0010858327052515168
698.0 4.300677757239679 0.0010858327052515168
699.0 4.306839186691312 0.0010858327052515168
700.0 4.313000616142945 0.0010858327052515168
701.0 4.319162045594578 0.0010858327052515168
702.0 4.32532347504621 0.0010858327052515168
703.0 4.331484904497843 0.0010858327052515168
704.0 4.337646333949476 0.0010858327052515168
705.0 4.3438077634011085 0.0010858327052515168
706.0 4.349969192852742 0.0010858327052515168
707.0 4.3561306223043745 0.0010858327052515168
708.0 4.3622920517560075 0.0010858327052515168
709.0 4.3684534812076405 0.0010858327052515168
710.0 4.374614910659273 0.0010858327052515168
711.0 4.380776340110906 0.0010858327052515168
712.0 4.386937769562539 0.0010858327052515168
713.0 4.393099199014172 0.0010858327052515168
714.0 4.399260628465804 0.0010858327052515168
715.0 4.405422057917437 0.0010858327052515168
716.0 4.41158348736907 0.0010858327052515168
717.0 4.417744916820702 0.0010858327052515168
718.0 4.423906346272335 0.0010858327052515168
719.0 4.430067775723968 0.0010858327052515168
720.0 4.436229205175601 0.0010858327052515168
721.0 4.442390634627233 0.0010858327052515168
722.0 4.448552064078867 0.0010858327052515168
723.0 4.454713493530499 0.0010858327052515168
724.0 4.460874922982132 0.0010858327052515168
725.0 4.467036352433765 0.0010858327052515168
726.0 4.473197781885397 0.0010858327052515168
727.0 4.47935921133703 0.0010858327052515168
728.0 4.485520640788663 0.0010858327052515168
729.0 4.491682070240296 0.0010858327052515168
730.0 4.497843499691928 0.0010858327052515168
731.0 4.504004929143561 0.0010858327052515168
732.0 4.510166358595194 0.0010858327052515168
733.0 4.516327788046826 0.0010858327052515168
734.0 4.5224892174984594 0.0010858327052515168
735.0 4.5286506469500925 0.0010858327052515168
736.0 4.5348120764017255 0.0010858327052515168
737.0 4.540973505853358 0.0010858327052515168
738.0 4.5471349353049915 0.0010858327052515168
739.0 4.553296364756624 0.0010858327052515168
740.0 4.559457794208256 0.0010858327052515168
741.0 4.56561922365989 0.0010858327052515168
742.0 4.571780653111522 0.0010858327052515168
743.0 4.577942082563155 0.0010858327052515168
744.0 4.584103512014788 0.0010858327052515168
745.0 4.590264941466421 0.0010858327052515168
746.0 4.596426370918053 0.0010858327052515168
747.0 4.602587800369686 0.0010858327052515168
748.0 4.608749229821319 0.0010858327052515168
749.0 4.614910659272951 0.0010858327052515168
750.0 4.621072088724584 0.0010858327052515168
751.0 4.627233518176217 0.0010858327052515168
752.0 4.63339494762785 0.0010858327052515168
753.0 4.639556377079482 0.0010858327052515168
754.0 4.645717806531115 0.0005429163526258332
755.0 4.651879235982748 0.0005429163526258332
756.0 4.65804066543438 0.0005429163526258332
757.0 4.664202094886014 0.0010858327052515168
758.0 4.670363524337646 0.0010858327052515168
759.0 4.676524953789279 0.0010858327052515168
760.0 4.682686383240912 0.0010858327052515168
761.0 4.688847812692544 0.0010858327052515168
762.0 4.695009242144177 0.0010858327052515168
763.0 4.70117067159581 0.0010858327052515168
764.0 4.707332101047443 0.0010858327052515168
765.0 4.7134935304990755 0.0010858327052515168
766.0 4.7196549599507085 0.0010858327052515168
767.0 4.7258163894023415 0.0010858327052515168
768.0 4.7319778188539745 0.0010858327052515168
769.0 4.738139248305607 0.0010858327052515168
770.0 4.74430067775724 0.0010858327052515168
771.0 4.750462107208873 0.0010858327052515168
772.0 4.756623536660505 0.0005429163526258332
773.0 4.762784966112139 0.0010858327052515168
774.0 4.768946395563771 0.0010858327052515168
775.0 4.775107825015404 0.0010858327052515168
776.0 4.781269254467037 0.0010858327052515168
777.0 4.787430683918669 0.0005429163526258332
778.0 4.793592113370302 0.0005429163526258332
779.0 4.799753542821935 0.0005429163526258332
780.0 4.805914972273568 0.0005429163526258332
781.0 4.8120764017252 0.0005429163526258332
782.0 4.818237831176834 0.0005429163526258332
783.0 4.824399260628466 0.0005429163526258332
784.0 4.830560690080098 0.0005429163526258332
785.0 4.836722119531732 0.0005429163526258332
786.0 4.842883548983364 0.0005429163526258332
787.0 4.849044978434997 0.0005429163526258332
788.0 4.85520640788663 0.0005429163526258332
789.0 4.861367837338263 0.0005429163526258332
790.0 4.867529266789895 0.0005429163526258332
791.0 4.873690696241528 0.0005429163526258332
792.0 4.879852125693161 0.0005429163526258332
793.0 4.886013555144793 0.0005429163526258332
794.0 4.892174984596426 0.0005429163526258332
795.0 4.898336414048059 0.0005429163526258332
796.0 4.904497843499692 0.0005429163526258332
797.0 4.9106592729513245 0.0005429163526258332
798.0 4.9168207024029575 0.0005429163526258332
799.0 4.9229821318545905 0.0005429163526258332
800.0 4.929143561306223 0.0005429163526258332
801.0 4.935304990757857 0.0005429163526258332
802.0 4.941466420209489 0.0005429163526258332
803.0 4.947627849661122 0.0005429163526258332
804.0 4.953789279112755 0.0005429163526258332
805.0 4.959950708564387 0.0005429163526258332
806.0 4.96611213801602 0.0005429163526258332
807.0 4.972273567467653 0.0005429163526258332
808.0 4.978434996919286 0.0005429163526258332
809.0 4.984596426370918 0.0005429163526258332
810.0 4.990757855822551 0.0005429163526258332
811.0 4.996919285274184 0.0005429163526258332
812.0 5.003080714725816 0.0005429163526258332
813.0 5.009242144177449 0.0005429163526258332
814.0 5.015403573629082 0.0005429163526258332
815.0 5.021565003080715 0.0005429163526258332
816.0 5.027726432532347 0.0005429163526258332
817.0 5.033887861983981 0.0005429163526258332
818.0 5.040049291435613 0.0005429163526258332
819.0 5.046210720887246 0.0005429163526258332
820.0 5.052372150338879 0.0005429163526258332
821.0 5.058533579790511 0.0005429163526258332
822.0 5.064695009242144 0.0005429163526258332
823.0 5.070856438693777 0.0005429163526258332
824.0 5.07701786814541 0.0005429163526258332
825.0 5.0831792975970425 0.0005429163526258332
826.0 5.0893407270486755 0.0005429163526258332
827.0 5.0955021565003085 0.0005429163526258332
828.0 5.101663585951941 0.0005429163526258332
829.0 5.107825015403574 0.0005429163526258332
830.0 5.113986444855207 0.0005429163526258332
831.0 5.12014787430684 0.0005429163526258332
832.0 5.126309303758472 0.0005429163526258332
833.0 5.132470733210106 0.0005429163526258332
834.0 5.138632162661738 0.0005429163526258332
835.0 5.14479359211337 0.0005429163526258332
836.0 5.150955021565004 0.0005429163526258332
837.0 5.157116451016636 0.0005429163526258332
838.0 5.163277880468269 0.0005429163526258332
839.0 5.169439309919902 0.0005429163526258332
840.0 5.175600739371535 0.0005429163526258332
841.0 5.181762168823167 0.0005429163526258332
842.0 5.1879235982748 0.0005429163526258332
843.0 5.194085027726433 0.0005429163526258332
844.0 5.200246457178065 0.0005429163526258332
845.0 5.206407886629698 0.0005429163526258332
846.0 5.212569316081331 0.0005429163526258332
847.0 5.218730745532964 0.0005429163526258332
848.0 5.224892174984596 0.0005429163526258332
849.0 5.231053604436229 0.0005429163526258332
850.0 5.237215033887862 0.0005429163526258332
851.0 5.243376463339494 0.0005429163526258332
852.0 5.249537892791128 0.0005429163526258332
853.0 5.25569932224276 0.0005429163526258332
854.0 5.261860751694393 0.0005429163526258332
855.0 5.268022181146026 0.0005429163526258332
856.0 5.2741836105976585 0.0005429163526258332
857.0 5.2803450400492915 0.0005429163526258332
858.0 5.2865064695009245 0.0005429163526258332
859.0 5.2926678989525575 0.0005429163526258332
860.0 5.29882932840419 0.0005429163526258332
861.0 5.304990757855823 0.0005429163526258332
862.0 5.311152187307456 0.0005429163526258332
863.0 5.317313616759089 0.0005429163526258332
864.0 5.323475046210721 0.0005429163526258332
865.0 5.329636475662354 0.0005429163526258332
866.0 5.335797905113987 0.0005429163526258332
867.0 5.341959334565619 0.0005429163526258332
868.0 5.348120764017253 0.0005429163526258332
869.0 5.354282193468885 0.0005429163526258332
870.0 5.360443622920518 0.0005429163526258332
871.0 5.366605052372151 0.0005429163526258332
872.0 5.372766481823783 0.0005429163526258332
873.0 5.378927911275416 0.0005429163526258332
874.0 5.385089340727049 0.0005429163526258332
875.0 5.391250770178682 0.0005429163526258332
876.0 5.397412199630314 0.0005429163526258332
877.0 5.403573629081947 0.0005429163526258332
878.0 5.40973505853358 0.0005429163526258332
879.0 5.415896487985212 0.0005429163526258332
880.0 5.422057917436845 0.0005429163526258332
881.0 5.428219346888478 0.0005429163526258332
882.0 5.434380776340111 0.0005429163526258332
883.0 5.440542205791743 0.0005429163526258332
884.0 5.446703635243377 0.0005429163526258332
885.0 5.452865064695009 0.0005429163526258332
886.0 5.4590264941466415 0.0005429163526258332
887.0 5.465187923598275 0.0005429163526258332
888.0 5.4713493530499075 0.0005429163526258332
889.0 5.4775107825015406 0.0005429163526258332
890.0 5.483672211953174 0.0005429163526258332
891.0 5.489833641404807 0.0005429163526258332
892.0 5.495995070856439 0.0005429163526258332
893.0 5.502156500308072 0.0005429163526258332
894.0 5.508317929759705 0.0005429163526258332
895.0 5.514479359211337 0.0005429163526258332
896.0 5.52064078866297 0.0005429163526258332
897.0 5.526802218114603 0.0005429163526258332
898.0 5.532963647566236 0.0005429163526258332
899.0 5.539125077017868 0.0005429163526258332
900.0 5.545286506469501 0.0005429163526258332
901.0 5.551447935921134 0.0005429163526258332
902.0 5.557609365372766 0.0005429163526258332
903.0 5.5637707948244 0.0005429163526258332
904.0 5.569932224276032 0.0005429163526258332
905.0 5.576093653727665 0.0005429163526258332
906.0 5.582255083179298 0.0005429163526258332
907.0 5.58841651263093 0.0005429163526258332
908.0 5.594577942082563 0.0005429163526258332
909.0 5.600739371534196 0.0005429163526258332
910.0 5.606900800985829 0.0005429163526258332
911.0 5.613062230437461 0.0005429163526258332
912.0 5.619223659889094 0.0005429163526258332
913.0 5.625385089340727 0.0005429163526258332
914.0 5.63154651879236 0.0005429163526258332
915.0 5.6377079482439925 0.0005429163526258332
916.0 5.6438693776956255 0.0005429163526258332
917.0 5.6500308071472585 0.0005429163526258332
918.0 5.656192236598891 0.0005429163526258332
919.0 5.6623536660505245 0.0005429163526258332
920.0 5.668515095502157 0.0005429163526258332
921.0 5.67467652495379 0.0005429163526258332
922.0 5.680837954405423 0.0005429163526258332
923.0 5.686999383857055 0.0005429163526258332
924.0 5.693160813308688 0.0005429163526258332
925.0 5.699322242760321 0.0005429163526258332
926.0 5.705483672211954 0.0005429163526258332
927.0 5.711645101663586 0.0005429163526258332
928.0 5.717806531115219 0.0005429163526258332
929.0 5.723967960566852 0.0005429163526258332
930.0 5.730129390018484 0.0005429163526258332
931.0 5.736290819470117 0.0005429163526258332
932.0 5.74245224892175 0.0005429163526258332
933.0 5.748613678373383 0.0005429163526258332
934.0 5.754775107825015 0.0005429163526258332
935.0 5.760936537276649 0.0005429163526258332
936.0 5.767097966728281 0.0005429163526258332
937.0 5.773259396179913 0.0005429163526258332
938.0 5.779420825631547 0.0005429163526258332
939.0 5.785582255083179 0.0005429163526258332
940.0 5.791743684534812 0.0005429163526258332
941.0 5.797905113986445 0.0005429163526258332
942.0 5.804066543438078 0.0005429163526258332
943.0 5.81022797288971 0.0005429163526258332
944.0 5.816389402341343 0.0005429163526258332
945.0 5.822550831792976 0.0005429163526258332
946.0 5.8287122612446085 0.0005429163526258332
947.0 5.8348736906962415 0.0005429163526258332
948.0 5.8410351201478745 0.0005429163526258332
949.0 5.8471965495995075 0.0005429163526258332
950.0 5.85335797905114 0.0005429163526258332
951.0 5.859519408502773 0.0005429163526258332
952.0 5.865680837954406 0.0005429163526258332
953.0 5.871842267406038 0.0005429163526258332
954.0 5.878003696857672 0.0005429163526258332
955.0 5.884165126309304 0.0005429163526258332
956.0 5.890326555760937 0.0005429163526258332
957.0 5.89648798521257 0.0005429163526258332
958.0 5.902649414664203 0.0005429163526258332
959.0 5.908810844115835 0.0005429163526258332
960.0 5.914972273567468 0.0005429163526258332
961.0 5.921133703019101 0.0005429163526258332
962.0 5.927295132470733 0.0005429163526258332
963.0 5.933456561922366 0.0005429163526258332
964.0 5.939617991373999 0.0005429163526258332
965.0 5.945779420825632 0.0005429163526258332
966.0 5.951940850277264 0.0005429163526258332
967.0 5.958102279728897 0.0005429163526258332
968.0 5.96426370918053 0.0005429163526258332
969.0 5.970425138632162 0.0005429163526258332
970.0 5.976586568083796 0.0005429163526258332
971.0 5.982747997535428 0.0005429163526258332
972.0 5.988909426987061 0.0005429163526258332
973.0 5.995070856438694 0.0005429163526258332
974.0 6.001232285890326 0.0005429163526258332
975.0 6.007393715341959 0.0005429163526258332
976.0 6.013555144793592 0.0005429163526258332
977.0 6.019716574245225 0.0005429163526258332
978.0 6.0258780036968576 0.0005429163526258332
979.0 6.032039433148491 0.0005429163526258332
980.0 6.038200862600124 0.0005429163526258332
981.0 6.044362292051756 0.0005429163526258332
982.0 6.050523721503389 0.0005429163526258332
983.0 6.056685150955022 0.0005429163526258332
984.0 6.062846580406655 0.0005429163526258332
985.0 6.069008009858287 0.0005429163526258332
986.0 6.075169439309921 0.0005429163526258332
987.0 6.081330868761553 0.0005429163526258332
988.0 6.087492298213185 0.0005429163526258332
989.0 6.093653727664819 0.0005429163526258332
990.0 6.099815157116451 0.0005429163526258332
991.0 6.105976586568084 0.0005429163526258332
992.0 6.112138016019717 0.0005429163526258332
993.0 6.11829944547135 0.0005429163526258332
994.0 6.124460874922982 0.0005429163526258332
995.0 6.130622304374615 0.0005429163526258332
996.0 6.136783733826248 0.0005429163526258332
997.0 6.14294516327788 0.0005429163526258332
998.0 6.149106592729513 0.0005429163526258332
999.0 6.155268022181146 0.0005429163526258332
1000.0 6.161429451632779 0.0005429163526258332
1001.0 6.167590881084411 0.0005429163526258332
1002.0 6.173752310536045 0.0005429163526258332
1003.0 6.179913739987677 0.0005429163526258332
1004.0 6.1860751694393095 0.0005429163526258332
1005.0 6.192236598890943 0.0005429163526258332
1006.0 6.1983980283425755 0.0005429163526258332
1007.0 6.2045594577942085 0.0005429163526258332
1008.0 6.2107208872458415 0.0005429163526258332
1009.0 6.2168823166974745 0.0005429163526258332
1010.0 6.223043746149107 0.0005429163526258332
1011.0 6.22920517560074 0.0005429163526258332
1012.0 6.235366605052373 0.0005429163526258332
1013.0 6.241528034504005 0.0005429163526258332
1014.0 6.247689463955638 0.0005429163526258332
1015.0 6.253850893407271 0.0005429163526258332
1016.0 6.260012322858904 0.0005429163526258332
1017.0 6.266173752310536 0.0005429163526258332
1018.0 6.272335181762169 0.0005429163526258332
1019.0 6.278496611213802 0.0005429163526258332
1020.0 6.284658040665434 0.0005429163526258332
1021.0 6.290819470117068 0.0005429163526258332
1022.0 6.2969808995687 0.0005429163526258332
1023.0 6.303142329020333 0.0005429163526258332
1024.0 6.309303758471966 0.0005429163526258332
1025.0 6.315465187923598 0.0005429163526258332
1026.0 6.321626617375231 0.0005429163526258332
1027.0 6.327788046826864 0.0005429163526258332
1028.0 6.333949476278497 0.0005429163526258332
1029.0 6.340110905730129 0.0005429163526258332
1030.0 6.346272335181762 0.0005429163526258332
1031.0 6.352433764633395 0.0005429163526258332
1032.0 6.358595194085027 0.0005429163526258332
1033.0 6.36475662353666 0.0005429163526258332
1034.0 6.370918052988293 0.0005429163526258332
1035.0 6.377079482439926 0.0005429163526258332
1036.0 6.3832409118915585 0.0005429163526258332
1037.0 6.389402341343192 0.0005429163526258332
1038.0 6.3955637707948245 0.0005429163526258332
1039.0 6.4017252002464575 0.0005429163526258332
1040.0 6.40788662969809 0.0005429163526258332
1041.0 6.414048059149723 0.0005429163526258332
1042.0 6.420209488601356 0.0005429163526258332
1043.0 6.426370918052989 0.0005429163526258332
1044.0 6.432532347504621 0.0005429163526258332
1045.0 6.438693776956254 0.0005429163526258332
1046.0 6.444855206407887 0.0005429163526258332
1047.0 6.451016635859519 0.0005429163526258332
1048.0 6.457178065311152 0.0005429163526258332
1049.0 6.463339494762785 0.0005429163526258332
1050.0 6.469500924214419 0.0005429163526258332
1051.0 6.47566235366605 0.0005429163526258332
1052.0 6.481823783117683 0.0005429163526258332
1053.0 6.487985212569317 0.0005429163526258332
1054.0 6.494146642020948 0.0005429163526258332
1055.0 6.500308071472581 0.0005429163526258332
1056.0 6.506469500924215 0.0005429163526258332
1057.0 6.512630930375848 0.0005429163526258332
1058.0 6.518792359827479 0.0005429163526258332
1059.0 6.524953789279113 0.0005429163526258332
1060.0 6.531115218730746 0.0005429163526258332
1061.0 6.537276648182377 0.0005429163526258332
1062.0 6.543438077634011 0.0005429163526258332
1063.0 6.549599507085644 0.0005429163526258332
1064.0 6.555760936537277 0.0005429163526258332
1065.0 6.561922365988909 0.0005429163526258332
1066.0 6.568083795440542 0.0005429163526258332
1067.0 6.574245224892175 0.0005429163526258332
1068.0 6.580406654343808 0.0005429163526258332
1069.0 6.586568083795441 0.0005429163526258332
1070.0 6.592729513247074 0.0005429163526258332
1071.0 6.598890942698707 0.0005429163526258332
1072.0 6.605052372150339 0.0005429163526258332
1073.0 6.611213801601972 0.0005429163526258332
1074.0 6.617375231053605 0.0005429163526258332
1075.0 6.623536660505238 0.0005429163526258332
1076.0 6.62969808995687 0.0005429163526258332
1077.0 6.635859519408503 0.0005429163526258332
1078.0 6.642020948860136 0.0005429163526258332
1079.0 6.648182378311768 0.0005429163526258332
1080.0 6.654343807763401 0.0005429163526258332
1081.0 6.660505237215034 0.0005429163526258332
1082.0 6.666666666666668 0.0005429163526258332
1083.0 6.672828096118299 0.0005429163526258332
1084.0 6.678989525569932 0.0005429163526258332
1085.0 6.685150955021566 0.0005429163526258332
1086.0 6.691312384473197 0.0005429163526258332
1087.0 6.69747381392483 0.0005429163526258332
1088.0 6.703635243376464 0.0005429163526258332
1089.0 6.709796672828097 0.0005429163526258332
1090.0 6.715958102279728 0.0005429163526258332
1091.0 6.722119531731362 0.0005429163526258332
1092.0 6.728280961182995 0.0005429163526258332
1093.0 6.7344423906346265 0.0005429163526258332
1094.0 6.74060382008626 0.0005429163526258332
1095.0 6.746765249537893 0.0005429163526258332
1096.0 6.752926678989526 0.0005429163526258332
1097.0 6.7590881084411585 0.0005429163526258332
1098.0 6.7652495378927915 0.0005429163526258332
1099.0 6.7714109673444245 0.0005429163526258332
1100.0 6.777572396796057 0.0005429163526258332
1101.0 6.78373382624769 0.0005429163526258332
1102.0 6.789895255699323 0.0005429163526258332
1103.0 6.796056685150956 0.0005429163526258332
1104.0 6.802218114602588 0.0005429163526258332
1105.0 6.808379544054221 0.0005429163526258332
1106.0 6.814540973505854 0.0005429163526258332
1107.0 6.820702402957486 0.0005429163526258332
1108.0 6.826863832409119 0.0005429163526258332
1109.0 6.833025261860752 0.0005429163526258332
1110.0 6.839186691312385 0.0005429163526258332
1111.0 6.845348120764017 0.0005429163526258332
1112.0 6.85150955021565 0.0005429163526258332
1113.0 6.857670979667283 0.0005429163526258332
1114.0 6.863832409118915 0.0005429163526258332
1115.0 6.869993838570548 0.0005429163526258332
1116.0 6.876155268022181 0.0005429163526258332
1117.0 6.882316697473815 0.0005429163526258332
1118.0 6.888478126925446 0.0005429163526258332
1119.0 6.894639556377079 0.0005429163526258332
1120.0 6.900800985828713 0.0005429163526258332
1121.0 6.906962415280344 0.0005429163526258332
1122.0 6.913123844731977 0.0005429163526258332
1123.0 6.919285274183611 0.0005429163526258332
1124.0 6.925446703635244 0.0005429163526258332
1125.0 6.9316081330868755 0.0005429163526258332
1126.0 6.937769562538509 0.0005429163526258332
1127.0 6.943930991990142 0.0005429163526258332
1128.0 6.950092421441774 0.0005429163526258332
1129.0 6.9562538508934075 0.0005429163526258332
1130.0 6.9624152803450405 0.0005429163526258332
1131.0 6.9685767097966735 0.0005429163526258332
1132.0 6.974738139248306 0.0005429163526258332
1133.0 6.980899568699939 0.0005429163526258332
1134.0 6.987060998151572 0.0005429163526258332
1135.0 6.993222427603204 0.0005429163526258332
1136.0 6.999383857054837 0.0005429163526258332
1137.0 7.00554528650647 0.0005429163526258332
1138.0 7.011706715958103 0.0005429163526258332
1139.0 7.017868145409735 0.0005429163526258332
1140.0 7.024029574861368 0.0005429163526258332
1141.0 7.030191004313001 0.0005429163526258332
1142.0 7.036352433764633 0.0005429163526258332
1143.0 7.042513863216266 0.0005429163526258332
1144.0 7.048675292667899 0.0005429163526258332
1145.0 7.054836722119532 0.0005429163526258332
1146.0 7.060998151571164 0.0005429163526258332
1147.0 7.067159581022797 0.0005429163526258332
1148.0 7.07332101047443 0.0005429163526258332
1149.0 7.079482439926062 0.0005429163526258332
1150.0 7.085643869377695 0.0005429163526258332
1151.0 7.091805298829328 0.0005429163526258332
1152.0 7.097966728280962 0.0005429163526258332
1153.0 7.104128157732593 0.0005429163526258332
1154.0 7.110289587184226 0.0005429163526258332
1155.0 7.11645101663586 0.0005429163526258332
1156.0 7.1226124460874916 0.0005429163526258332
1157.0 7.128773875539125 0.0005429163526258332
1158.0 7.1349353049907585 0.0005429163526258332
1159.0 7.1410967344423915 0.0005429163526258332
1160.0 7.147258163894023 0.0005429163526258332
1161.0 7.153419593345657 0.0005429163526258332
1162.0 7.15958102279729 0.0005429163526258332
1163.0 7.165742452248921 0.0005429163526258332
1164.0 7.171903881700555 0.0005429163526258332
1165.0 7.178065311152188 0.0005429163526258332
1166.0 7.184226740603821 0.0005429163526258332
1167.0 7.190388170055453 0.0005429163526258332
1168.0 7.196549599507086 0.0005429163526258332
1169.0 7.202711028958719 0.0005429163526258332
1170.0 7.208872458410352 0.0005429163526258332
1171.0 7.215033887861984 0.0005429163526258332
1172.0 7.221195317313617 0.0005429163526258332
1173.0 7.22735674676525 0.0005429163526258332
1174.0 7.233518176216882 0.0005429163526258332
1175.0 7.239679605668515 0.0005429163526258332
1176.0 7.245841035120148 0.0005429163526258332
1177.0 7.252002464571781 0.0005429163526258332
1178.0 7.258163894023413 0.0005429163526258332
1179.0 7.264325323475046 0.0005429163526258332
1180.0 7.270486752926679 0.0005429163526258332
1181.0 7.276648182378311 0.0005429163526258332
1182.0 7.282809611829944 0.0005429163526258332
1183.0 7.288971041281577 0.0005429163526258332
1184.0 7.295132470733211 0.0005429163526258332
1185.0 7.3012939001848425 0.0005429163526258332
1186.0 7.3074553296364755 0.0005429163526258332
1187.0 7.313616759088109 0.0005429163526258332
1188.0 7.319778188539741 0.0005429163526258332
1189.0 7.325939617991374 0.0005429163526258332
1190.0 7.3321010474430075 0.0005429163526258332
1191.0 7.3382624768946405 0.0005429163526258332
1192.0 7.344423906346272 0.0005429163526258332
1193.0 7.350585335797906 0.0005429163526258332
1194.0 7.356746765249539 0.0005429163526258332
1195.0 7.36290819470117 0.0005429163526258332
1196.0 7.369069624152804 0.0005429163526258332
1197.0 7.375231053604437 0.0005429163526258332
1198.0 7.38139248305607 0.0005429163526258332
1199.0 7.387553912507702 0.0005429163526258332
1200.0 7.393715341959335 0.0005429163526258332
1201.0 7.399876771410968 0.0005429163526258332
1202.0 7.4060382008626 0.0005429163526258332
1203.0 7.412199630314233 0.0005429163526258332
1204.0 7.418361059765866 0.0005429163526258332
1205.0 7.424522489217499 0.0005429163526258332
1206.0 7.430683918669131 0.0005429163526258332
1207.0 7.436845348120764 0.0005429163526258332
1208.0 7.443006777572397 0.0005429163526258332
1209.0 7.449168207024029 0.0005429163526258332
1210.0 7.455329636475662 0.0005429163526258332
1211.0 7.461491065927295 0.0005429163526258332
1212.0 7.467652495378928 0.0005429163526258332
1213.0 7.47381392483056 0.0005429163526258332
1214.0 7.479975354282193 0.0005429163526258332
1215.0 7.486136783733826 0.0005429163526258332
1216.0 7.4922982131854585 0.0005429163526258332
1217.0 7.4984596426370915 0.0005429163526258332
1218.0 7.5046210720887245 0.0005429163526258332
1219.0 7.510782501540358 0.0005429163526258332
1220.0 7.51694393099199 0.0005429163526258332
1221.0 7.523105360443623 0.0005429163526258332
1222.0 7.5292667898952566 0.0005429163526258332
1223.0 7.535428219346888 0.0005429163526258332
1224.0 7.541589648798521 0.0005429163526258332
1225.0 7.547751078250155 0.0005429163526258332
1226.0 7.553912507701788 0.0005429163526258332
1227.0 7.560073937153419 0.0005429163526258332
1228.0 7.566235366605053 0.0005429163526258332
1229.0 7.572396796056686 0.0005429163526258332
1230.0 7.578558225508317 0.0005429163526258332
1231.0 7.584719654959951 0.0005429163526258332
1232.0 7.590881084411584 0.0005429163526258332
1233.0 7.597042513863217 0.0005429163526258332
1234.0 7.603203943314849 0.0005429163526258332
1235.0 7.609365372766482 0.0005429163526258332
1236.0 7.615526802218115 0.0005429163526258332
1237.0 7.621688231669747 0.0005429163526258332
1238.0 7.62784966112138 0.0005429163526258332
1239.0 7.634011090573013 0.0005429163526258332
1240.0 7.640172520024646 0.0005429163526258332
1241.0 7.646333949476278 0.0005429163526258332
1242.0 7.652495378927911 0.0005429163526258332
1243.0 7.658656808379544 0.0005429163526258332
1244.0 7.664818237831176 0.0005429163526258332
1245.0 7.6709796672828094 0.0005429163526258332
1246.0 7.6771410967344424 0.0005429163526258332
1247.0 7.6833025261860755 0.0005429163526258332
1248.0 7.689463955637708 0.0005429163526258332
1249.0 7.695625385089341 0.0005429163526258332
1250.0 7.701786814540974 0.0005429163526258332
1251.0 7.707948243992606 0.0005429163526258332
1252.0 7.714109673444239 0.0005429163526258332
1253.0 7.720271102895872 0.0005429163526258332
1254.0 7.726432532347506 0.0005429163526258332
1255.0 7.732593961799137 0.0005429163526258332
1256.0 7.73875539125077 0.0005429163526258332
1257.0 7.744916820702404 0.0005429163526258332
1258.0 7.751078250154037 0.0005429163526258332
1259.0 7.757239679605668 0.0005429163526258332
1260.0 7.763401109057302 0.0005429163526258332
1261.0 7.769562538508935 0.0005429163526258332
1262.0 7.775723967960566 0.0005429163526258332
1263.0 7.7818853974122 0.0005429163526258332
1264.0 7.788046826863833 0.0005429163526258332
1265.0 7.794208256315466 0.0005429163526258332
1266.0 7.800369685767098 0.0005429163526258332
1267.0 7.806531115218731 0.0005429163526258332
1268.0 7.812692544670364 0.0005429163526258332
1269.0 7.818853974121996 0.0005429163526258332
1270.0 7.825015403573629 0.0005429163526258332
1271.0 7.831176833025262 0.0005429163526258332
1272.0 7.837338262476895 0.0005429163526258332
1273.0 7.843499691928527 0.0005429163526258332
1274.0 7.84966112138016 0.0005429163526258332
1275.0 7.855822550831793 0.0005429163526258332
1276.0 7.8619839802834255 0.0005429163526258332
1277.0 7.8681454097350585 0.0005429163526258332
1278.0 7.8743068391866915 0.0005429163526258332
1279.0 7.8804682686383245 0.0005429163526258332
1280.0 7.886629698089957 0.0005429163526258332
1281.0 7.89279112754159 0.0005429163526258332
1282.0 7.898952556993223 0.0005429163526258332
1283.0 7.905113986444855 0.0005429163526258332
1284.0 7.911275415896488 0.0005429163526258332
1285.0 7.917436845348121 0.0005429163526258332
1286.0 7.923598274799755 0.0005429163526258332
1287.0 7.929759704251386 0.0005429163526258332
1288.0 7.935921133703019 0.0005429163526258332
1289.0 7.942082563154653 0.0005429163526258332
1290.0 7.948243992606284 0.0005429163526258332
1291.0 7.954405422057917 0.0005429163526258332
1292.0 7.960566851509551 0.0005429163526258332
1293.0 7.966728280961184 0.0005429163526258332
1294.0 7.972889710412815 0.0005429163526258332
1295.0 7.979051139864449 0.0005429163526258332
1296.0 7.985212569316082 0.0005429163526258332
1297.0 7.991373998767713 0.0005429163526258332
1298.0 7.997535428219347 0.0005429163526258332
1299.0 8.00369685767098 0.0005429163526258332
1300.0 8.009858287122613 0.0005429163526258332
1301.0 8.016019716574245 0.0005429163526258332
1302.0 8.022181146025877 0.0005429163526258332
1303.0 8.028342575477511 0.0005429163526258332
1304.0 8.034504004929143 0.0005429163526258332
1305.0 8.040665434380776 0.0005429163526258332
1306.0 8.04682686383241 0.0005429163526258332
1307.0 8.052988293284043 0.0005429163526258332
1308.0 8.059149722735674 0.0005429163526258332
1309.0 8.065311152187308 0.0005429163526258332
1310.0 8.071472581638941 0.0005429163526258332
1311.0 8.077634011090572 0.0005429163526258332
1312.0 8.083795440542206 0.0005429163526258332
1313.0 8.08995686999384 0.0005429163526258332
1314.0 8.096118299445472 0.0005429163526258332
1315.0 8.102279728897104 0.0005429163526258332
1316.0 8.108441158348738 0.0005429163526258332
1317.0 8.11460258780037 0.0005429163526258332
1318.0 8.120764017252002 0.0005429163526258332
1319.0 8.126925446703636 0.0005429163526258332
1320.0 8.133086876155268 0.0005429163526258332
1321.0 8.139248305606902 0.0005429163526258332
1322.0 8.145409735058534 0.0005429163526258332
1323.0 8.151571164510166 0.0005429163526258332
1324.0 8.1577325939618 0.0005429163526258332
1325.0 8.163894023413432 0.0005429163526258332
1326.0 8.170055452865064 0.0005429163526258332
1327.0 8.176216882316698 0.0005429163526258332
1328.0 8.18237831176833 0.0005429163526258332
1329.0 8.188539741219962 0.0005429163526258332
1330.0 8.194701170671596 0.0005429163526258332
1331.0 8.200862600123228 0.0005429163526258332
1332.0 8.20702402957486 0.0005429163526258332
1333.0 8.213185459026494 0.0005429163526258332
1334.0 8.219346888478126 0.0005429163526258332
1335.0 8.22550831792976 0.0005429163526258332
1336.0 8.231669747381392 0.0005429163526258332
1337.0 8.237831176833025 0.0005429163526258332
1338.0 8.243992606284658 0.0005429163526258332
1339.0 8.25015403573629 0.0005429163526258332
1340.0 8.256315465187923 0.0005429163526258332
1341.0 8.262476894639557 0.0005429163526258332
1342.0 8.26863832409119 0.0005429163526258332
1343.0 8.27479975354282 0.0005429163526258332
1344.0 8.280961182994455 0.0005429163526258332
1345.0 8.287122612446089 0.0005429163526258332
1346.0 8.293284041897719 0.0005429163526258332
1347.0 8.299445471349353 0.0005429163526258332
1348.0 8.305606900800987 0.0005429163526258332
1349.0 8.311768330252619 0.0005429163526258332
1350.0 8.317929759704251 0.0005429163526258332
1351.0 8.324091189155885 0.0005429163526258332
1352.0 8.330252618607517 0.0005429163526258332
1353.0 8.33641404805915 0.0005429163526258332
1354.0 8.342575477510783 0.0005429163526258332
1355.0 8.348736906962415 0.0005429163526258332
1356.0 8.354898336414049 0.0005429163526258332
1357.0 8.361059765865681 0.0005429163526258332
1358.0 8.367221195317313 0.0005429163526258332
1359.0 8.373382624768947 0.0005429163526258332
1360.0 8.37954405422058 0.0005429163526258332
1361.0 8.385705483672211 0.0005429163526258332
1362.0 8.391866913123845 0.0005429163526258332
1363.0 8.398028342575477 0.0005429163526258332
1364.0 8.40418977202711 0.0005429163526258332
1365.0 8.410351201478743 0.0005429163526258332
1366.0 8.416512630930375 0.0005429163526258332
1367.0 8.42267406038201 0.0005429163526258332
1368.0 8.428835489833642 0.0005429163526258332
1369.0 8.434996919285274 0.0005429163526258332
1370.0 8.441158348736908 0.0005429163526258332
1371.0 8.44731977818854 0.0005429163526258332
1372.0 8.453481207640172 0.0005429163526258332
1373.0 8.459642637091806 0.0005429163526258332
1374.0 8.46580406654344 0.0005429163526258332
1375.0 8.47196549599507 0.0005429163526258332
1376.0 8.478126925446704 0.0005429163526258332
1377.0 8.484288354898338 0.0005429163526258332
1378.0 8.490449784349968 0.0005429163526258332
1379.0 8.496611213801602 0.0005429163526258332
1380.0 8.502772643253236 0.0005429163526258332
1381.0 8.508934072704868 0.0005429163526258332
1382.0 8.5150955021565 0.0005429163526258332
1383.0 8.521256931608134 0.0005429163526258332
1384.0 8.527418361059766 0.0005429163526258332
1385.0 8.533579790511398 0.0005429163526258332
1386.0 8.539741219963032 0.0005429163526258332
1387.0 8.545902649414664 0.0005429163526258332
1388.0 8.552064078866298 0.0005429163526258332
1389.0 8.55822550831793 0.0005429163526258332
1390.0 8.564386937769562 0.0005429163526258332
1391.0 8.570548367221196 0.0005429163526258332
1392.0 8.576709796672828 0.0005429163526258332
1393.0 8.58287122612446 0.0005429163526258332
1394.0 8.589032655576094 0.0005429163526258332
1395.0 8.595194085027726 0.0005429163526258332
1396.0 8.601355514479359 0.0005429163526258332
1397.0 8.607516943930992 0.0005429163526258332
1398.0 8.613678373382625 0.0005429163526258332
1399.0 8.619839802834257 0.0005429163526258332
1400.0 8.62600123228589 0.0005429163526258332
1401.0 8.632162661737523 0.0005429163526258332
1402.0 8.638324091189157 0.0005429163526258332
1403.0 8.644485520640789 0.0005429163526258332
1404.0 8.65064695009242 0.0005429163526258332
1405.0 8.656808379544055 0.0005429163526258332
1406.0 8.662969808995687 0.0005429163526258332
1407.0 8.669131238447319 0.0005429163526258332
1408.0 8.675292667898953 0.0005429163526258332
1409.0 8.681454097350587 0.0005429163526258332
1410.0 8.687615526802217 0.0005429163526258332
1411.0 8.693776956253851 0.0005429163526258332
1412.0 8.699938385705485 0.0005429163526258332
1413.0 8.706099815157115 0.0005429163526258332
1414.0 8.712261244608749 0.0005429163526258332
1415.0 8.718422674060383 0.0005429163526258332
1416.0 8.724584103512015 0.0005429163526258332
1417.0 8.730745532963647 0.0005429163526258332
1418.0 8.736906962415281 0.0005429163526258332
1419.0 8.743068391866913 0.0005429163526258332
1420.0 8.749229821318545 0.0005429163526258332
1421.0 8.75539125077018 0.0005429163526258332
1422.0 8.761552680221811 0.0005429163526258332
1423.0 8.767714109673445 0.0005429163526258332
1424.0 8.773875539125077 0.0005429163526258332
1425.0 8.78003696857671 0.0005429163526258332
1426.0 8.786198398028343 0.0005429163526258332
1427.0 8.792359827479975 0.0005429163526258332
1428.0 8.798521256931608 0.0005429163526258332
1429.0 8.804682686383241 0.0005429163526258332
1430.0 8.810844115834874 0.0005429163526258332
1431.0 8.817005545286506 0.0005429163526258332
1432.0 8.82316697473814 0.0005429163526258332
1433.0 8.829328404189772 0.0005429163526258332
1434.0 8.835489833641404 0.0005429163526258332
1435.0 8.841651263093038 0.0005429163526258332
1436.0 8.84781269254467 0.0005429163526258332
1437.0 8.853974121996304 0.0005429163526258332
1438.0 8.860135551447936 0.0005429163526258332
1439.0 8.866296980899568 0.0005429163526258332
1440.0 8.872458410351202 0.0005429163526258332
1441.0 8.878619839802834 0.0005429163526258332
1442.0 8.884781269254466 0.0005429163526258332
1443.0 8.8909426987061 0.0005429163526258332
1444.0 8.897104128157734 0.0005429163526258332
1445.0 8.903265557609364 0.0005429163526258332
1446.0 8.909426987060998 0.0005429163526258332
1447.0 8.915588416512632 0.0005429163526258332
1448.0 8.921749845964264 0.0005429163526258332
1449.0 8.927911275415896 0.0005429163526258332
1450.0 8.93407270486753 0.0005429163526258332
1451.0 8.940234134319162 0.0005429163526258332
1452.0 8.946395563770794 0.0005429163526258332
1453.0 8.952556993222428 0.0005429163526258332
1454.0 8.95871842267406 0.0005429163526258332
1455.0 8.964879852125694 0.0005429163526258332
1456.0 8.971041281577326 0.0005429163526258332
1457.0 8.977202711028959 0.0005429163526258332
1458.0 8.983364140480592 0.0005429163526258332
1459.0 8.989525569932225 0.0005429163526258332
1460.0 8.995686999383857 0.0005429163526258332
1461.0 9.00184842883549 0.0005429163526258332
1462.0 9.008009858287123 0.0005429163526258332
1463.0 9.014171287738755 0.0005429163526258332
1464.0 9.020332717190389 0.0005429163526258332
1465.0 9.02649414664202 0.0005429163526258332
1466.0 9.032655576093653 0.0005429163526258332
1467.0 9.038817005545287 0.0005429163526258332
1468.0 9.044978434996919 0.0005429163526258332
1469.0 9.051139864448553 0.0005429163526258332
1470.0 9.057301293900185 0.0005429163526258332
1471.0 9.063462723351817 0.0005429163526258332
1472.0 9.069624152803451 0.0005429163526258332
1473.0 9.075785582255083 0.0005429163526258332
1474.0 9.081947011706715 0.0005429163526258332
1475.0 9.088108441158349 0.0005429163526258332
1476.0 9.094269870609983 0.0005429163526258332
1477.0 9.100431300061613 0.0005429163526258332
1478.0 9.106592729513247 0.0005429163526258332
1479.0 9.112754158964881 0.0005429163526258332
1480.0 9.118915588416511 0.0005429163526258332
1481.0 9.125077017868145 0.0005429163526258332
1482.0 9.13123844731978 0.0005429163526258332
1483.0 9.137399876771411 0.0005429163526258332
1484.0 9.143561306223043 0.0005429163526258332
1485.0 9.149722735674677 0.0005429163526258332
1486.0 9.15588416512631 0.0005429163526258332
1487.0 9.162045594577942 0.0005429163526258332
1488.0 9.168207024029575 0.0005429163526258332
1489.0 9.174368453481208 0.0005429163526258332
1490.0 9.180529882932841 0.0005429163526258332
1491.0 9.186691312384474 0.0005429163526258332
1492.0 9.192852741836106 0.0005429163526258332
1493.0 9.19901417128774 0.0005429163526258332
1494.0 9.205175600739372 0.0005429163526258332
1495.0 9.211337030191004 0.0005429163526258332
1496.0 9.217498459642638 0.0005429163526258332
1497.0 9.22365988909427 0.0005429163526258332
1498.0 9.229821318545902 0.0005429163526258332
1499.0 9.235982747997536 0.0005429163526258332
1500.0 9.242144177449168 0.0005429163526258332
1501.0 9.2483056069008 0.0005429163526258332
1502.0 9.254467036352434 0.0005429163526258332
1503.0 9.260628465804066 0.0005429163526258332
1504.0 9.2667898952557 0.0005429163526258332
1505.0 9.272951324707332 0.0005429163526258332
1506.0 9.279112754158964 0.0005429163526258332
1507.0 9.285274183610598 0.0005429163526258332
1508.0 9.29143561306223 0.0005429163526258332
1509.0 9.297597042513862 0.0005429163526258332
1510.0 9.303758471965496 0.0005429163526258332
1511.0 9.30991990141713 0.0005429163526258332
1512.0 9.31608133086876 0.0005429163526258332
1513.0 9.322242760320394 0.0005429163526258332
1514.0 9.328404189772028 0.0005429163526258332
1515.0 9.334565619223659 0.0005429163526258332
1516.0 9.340727048675292 0.0005429163526258332
1517.0 9.346888478126926 0.0005429163526258332
1518.0 9.353049907578558 0.0005429163526258332
1519.0 9.35921133703019 0.0005429163526258332
1520.0 9.365372766481824 0.0005429163526258332
1521.0 9.371534195933457 0.0005429163526258332
1522.0 9.377695625385089 0.0005429163526258332
1523.0 9.383857054836723 0.0005429163526258332
1524.0 9.390018484288355 0.0005429163526258332
1525.0 9.396179913739989 0.0005429163526258332
1526.0 9.40234134319162 0.0005429163526258332
1527.0 9.408502772643253 0.0005429163526258332
1528.0 9.414664202094887 0.0005429163526258332
1529.0 9.420825631546519 0.0005429163526258332
1530.0 9.426987060998151 0.0005429163526258332
1531.0 9.433148490449785 0.0005429163526258332
1532.0 9.439309919901417 0.0005429163526258332
1533.0 9.445471349353049 0.0005429163526258332
1534.0 9.451632778804683 0.0005429163526258332
1535.0 9.457794208256315 0.0005429163526258332
1536.0 9.463955637707949 0.0005429163526258332
1537.0 9.470117067159581 0.0005429163526258332
1538.0 9.476278496611213 0.0005429163526258332
1539.0 9.482439926062847 0.0005429163526258332
1540.0 9.48860135551448 0.0005429163526258332
1541.0 9.494762784966111 0.0005429163526258332
1542.0 9.500924214417745 0.0005429163526258332
1543.0 9.50708564386938 0.0005429163526258332
1544.0 9.51324707332101 0.0005429163526258332
1545.0 9.519408502772643 0.0005429163526258332
1546.0 9.525569932224277 0.0005429163526258332
1547.0 9.531731361675908 0.0005429163526258332
1548.0 9.537892791127542 0.0005429163526258332
1549.0 9.544054220579175 0.0005429163526258332
1550.0 9.550215650030808 0.0005429163526258332
1551.0 9.55637707948244 0.0005429163526258332
1552.0 9.562538508934074 0.0005429163526258332
1553.0 9.568699938385706 0.0005429163526258332
1554.0 9.574861367837338 0.0005429163526258332
1555.0 9.581022797288972 0.0005429163526258332
1556.0 9.587184226740604 0.0005429163526258332
1557.0 9.593345656192238 0.0005429163526258332
1558.0 9.59950708564387 0.0005429163526258332
1559.0 9.605668515095502 0.0005429163526258332
1560.0 9.611829944547136 0.0005429163526258332
1561.0 9.617991373998768 0.0005429163526258332
1562.0 9.6241528034504 0.0005429163526258332
1563.0 9.630314232902034 0.0005429163526258332
1564.0 9.636475662353668 0.0005429163526258332
1565.0 9.642637091805298 0.0005429163526258332
1566.0 9.648798521256932 0.0005429163526258332
1567.0 9.654959950708566 0.0005429163526258332
1568.0 9.661121380160196 0.0005429163526258332
1569.0 9.66728280961183 0.0005429163526258332
1570.0 9.673444239063464 0.0005429163526258332
1571.0 9.679605668515096 0.0005429163526258332
1572.0 9.685767097966728 0.0005429163526258332
1573.0 9.691928527418362 0.0005429163526258332
1574.0 9.698089956869994 0.0005429163526258332
1575.0 9.704251386321626 0.0005429163526258332
1576.0 9.71041281577326 0.0005429163526258332
1577.0 9.716574245224892 0.0005429163526258332
1578.0 9.722735674676526 0.0005429163526258332
1579.0 9.728897104128158 0.0005429163526258332
1580.0 9.73505853357979 0.0005429163526258332
1581.0 9.741219963031424 0.0005429163526258332
1582.0 9.747381392483057 0.0005429163526258332
1583.0 9.753542821934689 0.0005429163526258332
1584.0 9.759704251386323 0.0005429163526258332
1585.0 9.765865680837955 0.0005429163526258332
1586.0 9.772027110289587 0.0005429163526258332
1587.0 9.77818853974122 0.0005429163526258332
1588.0 9.784349969192853 0.0005429163526258332
1589.0 9.790511398644485 0.0005429163526258332
1590.0 9.796672828096119 0.0005429163526258332
1591.0 9.802834257547751 0.0005429163526258332
1592.0 9.808995686999385 0.0005429163526258332
1593.0 9.815157116451017 0.0005429163526258332
1594.0 9.821318545902649 0.0005429163526258332
1595.0 9.827479975354283 0.0005429163526258332
1596.0 9.833641404805915 0.0005429163526258332
1597.0 9.839802834257547 0.0005429163526258332
1598.0 9.845964263709181 0.0005429163526258332
1599.0 9.852125693160815 0.0005429163526258332
1600.0 9.858287122612445 0.0005429163526258332
1601.0 9.86444855206408 0.0005429163526258332
1602.0 9.870609981515713 0.0005429163526258332
1603.0 9.876771410967343 0.0005429163526258332
1604.0 9.882932840418977 0.0005429163526258332
1605.0 9.889094269870611 0.0005429163526258332
1606.0 9.895255699322243 0.0005429163526258332
1607.0 9.901417128773875 0.0005429163526258332
1608.0 9.90757855822551 0.0005429163526258332
1609.0 9.913739987677141 0.0005429163526258332
1610.0 9.919901417128774 0.0005429163526258332
1611.0 9.926062846580407 0.0005429163526258332
1612.0 9.93222427603204 0.0005429163526258332
1613.0 9.938385705483674 0.0005429163526258332
1614.0 9.944547134935306 0.0005429163526258332
1615.0 9.950708564386938 0.0005429163526258332
1616.0 9.956869993838572 0.0005429163526258332
1617.0 9.963031423290204 0.0005429163526258332
1618.0 9.969192852741836 0.0005429163526258332
1619.0 9.97535428219347 0.0005429163526258332
1620.0 9.981515711645102 0.0005429163526258332
1621.0 9.987677141096734 0.0005429163526258332
1622.0 9.993838570548368 0.0005429163526258332
1623.0 10.0 0.0005429163526258332
