1.0 0.00630517023959647 0.09120994724113206
2.0 0.01261034047919294 0.050491220794198
3.0 0.01891551071878941 0.03637539562592768
4.0 0.02522068095838588 0.028231650336540935
5.0 0.031525851197982346 0.023345403162908736
6.0 0.03783102143757882 0.021173737752405702
7.0 0.044136191677175286 0.020087905047154034
8.0 0.05044136191677176 0.02063082139977987
9.0 0.056746532156368226 0.01954498869452835
10.0 0.06305170239596469 0.01900207234190237
11.0 0.06935687263556116 0.015744574226147817
12.0 0.07566204287515764 0.014115825168270318
13.0 0.0819672131147541 0.013572908815644635
14.0 0.08827238335435057 0.011944159757767284
15.0 0.09457755359394704 0.01140124340514145
16.0 0.10088272383354352 0.0097724943472641
17.0 0.10718789407313999 0.009229577994638418
18.0 0.11349306431273645 0.008686661642012733
19.0 0.11979823455233292 0.0081437452893869
20.0 0.12610340479192939 0.00814374528938675
21.0 0.13240857503152587 0.00814374528938675
22.0 0.13871374527112232 0.00814374528938675
23.0 0.1450189155107188 0.0076008289367609175
24.0 0.15132408575031528 0.007057912584135234
25.0 0.15762925598991173 0.00814374528938675
26.0 0.1639344262295082 0.00814374528938675
27.0 0.1702395964691047 0.0065149962315094005
28.0 0.17654476670870115 0.0065149962315094005
29.0 0.18284993694829763 0.007057912584135234
30.0 0.18915510718789408 0.0065149962315094005
31.0 0.19546027742749056 0.007057912584135234
32.0 0.20176544766708704 0.0065149962315094005
33.0 0.2080706179066835 0.007057912584135234
34.0 0.21437578814627997 0.005972079878883567
35.0 0.22068095838587642 0.005972079878883567
36.0 0.2269861286254729 0.005972079878883567
37.0 0.23329129886506939 0.0065149962315094005
38.0 0.23959646910466584 0.005972079878883567
39.0 0.24590163934426232 0.005972079878883567
40.0 0.25220680958385877 0.005972079878883567
41.0 0.25851197982345525 0.0054291635262578835
42.0 0.26481715006305173 0.0054291635262578835
43.0 0.2711223203026482 0.0048862471736322
44.0 0.27742749054224464 0.0048862471736322
45.0 0.2837326607818411 0.0048862471736322
46.0 0.2900378310214376 0.0048862471736322
47.0 0.2963430012610341 0.0048862471736322
48.0 0.30264817150063056 0.0048862471736322
49.0 0.30895334174022704 0.0048862471736322
50.0 0.31525851197982346 0.0043433308210063665
51.0 0.32156368221941994 0.0043433308210063665
52.0 0.3278688524590164 0.0043433308210063665
53.0 0.3341740226986129 0.0043433308210063665
54.0 0.3404791929382094 0.0043433308210063665
55.0 0.3467843631778058 0.0043433308210063665
56.0 0.3530895334174023 0.0038004144683805334
57.0 0.35939470365699877 0.0038004144683805334
58.0 0.36569987389659525 0.0038004144683805334
59.0 0.37200504413619173 0.0038004144683805334
60.0 0.37831021437578816 0.0038004144683805334
61.0 0.38461538461538464 0.0038004144683805334
62.0 0.3909205548549811 0.0038004144683805334
63.0 0.3972257250945776 0.0038004144683805334
64.0 0.4035308953341741 0.0038004144683805334
65.0 0.40983606557377056 0.0038004144683805334
66.0 0.416141235813367 0.0032574981157547003
67.0 0.4224464060529634 0.0032574981157547003
68.0 0.42875157629255994 0.0032574981157547003
69.0 0.4350567465321564 0.0032574981157547003
70.0 0.44136191677175285 0.0032574981157547003
71.0 0.4476670870113493 0.0032574981157547003
72.0 0.4539722572509458 0.0032574981157547003
73.0 0.46027742749054235 0.0032574981157547003
74.0 0.46658259773013877 0.0032574981157547003
75.0 0.4728877679697352 0.0032574981157547003
76.0 0.4791929382093317 0.0032574981157547003
77.0 0.4854981084489282 0.0032574981157547003
78.0 0.49180327868852464 0.0032574981157547003
79.0 0.49810844892812106 0.0032574981157547003
80.0 0.5044136191677175 0.0032574981157547003
81.0 0.5107187894073141 0.0032574981157547003
82.0 0.5170239596469105 0.0032574981157547003
83.0 0.5233291298865069 0.0032574981157547003
84.0 0.5296343001261035 0.002714581763128867
85.0 0.5359394703657 0.002714581763128867
86.0 0.5422446406052964 0.002714581763128867
87.0 0.5485498108448928 0.002714581763128867
88.0 0.5548549810844893 0.002714581763128867
89.0 0.5611601513240858 0.0032574981157547003
90.0 0.5674653215636822 0.002714581763128867
91.0 0.5737704918032787 0.002714581763128867
92.0 0.5800756620428752 0.002714581763128867
93.0 0.5863808322824717 0.002714581763128867
94.0 0.5926860025220682 0.002714581763128867
95.0 0.5989911727616646 0.002714581763128867
96.0 0.6052963430012611 0.002714581763128867
97.0 0.6116015132408577 0.002714581763128867
98.0 0.6179066834804541 0.002714581763128867
99.0 0.6242118537200505 0.002714581763128867
100.0 0.6305170239596469 0.002714581763128867
101.0 0.6368221941992435 0.002714581763128867
102.0 0.6431273644388399 0.002714581763128867
103.0 0.6494325346784363 0.002714581763128867
104.0 0.6557377049180328 0.002714581763128867
105.0 0.6620428751576294 0.002714581763128867
106.0 0.6683480453972258 0.002714581763128867
107.0 0.6746532156368222 0.002714581763128867
108.0 0.6809583858764188 0.002714581763128867
109.0 0.6872635561160152 0.002714581763128867
110.0 0.6935687263556116 0.002714581763128867
111.0 0.699873896595208 0.002714581763128867
112.0 0.7061790668348046 0.002714581763128867
113.0 0.7124842370744011 0.002714581763128867
114.0 0.7187894073139975 0.002714581763128867
115.0 0.725094577553594 0.002714581763128867
116.0 0.7313997477931905 0.002714581763128867
117.0 0.737704918032787 0.002714581763128867
118.0 0.7440100882723835 0.002714581763128867
119.0 0.7503152585119799 0.002714581763128867
120.0 0.7566204287515763 0.002714581763128867
121.0 0.7629255989911728 0.002714581763128867
122.0 0.7692307692307693 0.002714581763128867
123.0 0.7755359394703657 0.002714581763128867
124.0 0.7818411097099622 0.002714581763128867
125.0 0.7881462799495588 0.002714581763128867
126.0 0.7944514501891552 0.002714581763128867
127.0 0.8007566204287516 0.002714581763128867
128.0 0.8070617906683482 0.002714581763128867
129.0 0.8133669609079446 0.002714581763128867
130.0 0.8196721311475411 0.002714581763128867
131.0 0.8259773013871374 0.002714581763128867
132.0 0.832282471626734 0.002714581763128867
133.0 0.8385876418663305 0.002714581763128867
134.0 0.8448928121059268 0.002714581763128867
135.0 0.8511979823455234 0.002714581763128867
136.0 0.8575031525851199 0.002714581763128867
137.0 0.8638083228247164 0.002714581763128867
138.0 0.8701134930643128 0.002714581763128867
139.0 0.8764186633039093 0.0021716654105031832
140.0 0.8827238335435057 0.002714581763128867
141.0 0.8890290037831022 0.002714581763128867
142.0 0.8953341740226985 0.002714581763128867
143.0 0.9016393442622951 0.002714581763128867
144.0 0.9079445145018916 0.002714581763128867
145.0 0.9142496847414882 0.002714581763128867
146.0 0.9205548549810847 0.002714581763128867
147.0 0.926860025220681 0.002714581763128867
148.0 0.9331651954602775 0.002714581763128867
149.0 0.939470365699874 0.0021716654105031832
150.0 0.9457755359394704 0.0021716654105031832
151.0 0.9520807061790668 0.0021716654105031832
152.0 0.9583858764186634 0.0021716654105031832
153.0 0.9646910466582599 0.0021716654105031832
154.0 0.9709962168978564 0.0021716654105031832
155.0 0.9773013871374527 0.0021716654105031832
156.0 0.9836065573770493 0.0021716654105031832
157.0 0.9899117276166458 0.0021716654105031832
158.0 0.9962168978562421 0.0021716654105031832
159.0 1.0025220680958387 0.0021716654105031832
160.0 1.008827238335435 0.0021716654105031832
161.0 1.0151324085750317 0.0021716654105031832
162.0 1.0214375788146282 0.0021716654105031832
163.0 1.0277427490542246 0.0021716654105031832
164.0 1.034047919293821 0.0021716654105031832
165.0 1.0403530895334174 0.0021716654105031832
166.0 1.0466582597730139 0.0021716654105031832
167.0 1.0529634300126103 0.0021716654105031832
168.0 1.059268600252207 0.0021716654105031832
169.0 1.0655737704918034 0.0021716654105031832
170.0 1.0718789407314 0.0021716654105031832
171.0 1.0781841109709962 0.0021716654105031832
172.0 1.0844892812105928 0.0021716654105031832
173.0 1.0907944514501893 0.0021716654105031832
174.0 1.0970996216897857 0.0021716654105031832
175.0 1.1034047919293821 0.0021716654105031832
176.0 1.1097099621689785 0.0021716654105031832
177.0 1.1160151324085752 0.0021716654105031832
178.0 1.1223203026481716 0.0021716654105031832
179.0 1.128625472887768 0.002714581763128867
180.0 1.1349306431273645 0.002714581763128867
181.0 1.1412358133669611 0.0021716654105031832
182.0 1.1475409836065573 0.0021716654105031832
183.0 1.153846153846154 0.0021716654105031832
184.0 1.1601513240857504 0.002714581763128867
185.0 1.1664564943253468 0.002714581763128867
186.0 1.1727616645649435 0.002714581763128867
187.0 1.1790668348045397 0.002714581763128867
188.0 1.1853720050441363 0.0021716654105030336
189.0 1.1916771752837327 0.0021716654105031832
190.0 1.1979823455233292 0.0021716654105031832
191.0 1.2042875157629256 0.0021716654105031832
192.0 1.2105926860025222 0.0021716654105031832
193.0 1.2168978562421187 0.0021716654105031832
194.0 1.2232030264817153 0.0021716654105031832
195.0 1.2295081967213115 0.0021716654105031832
196.0 1.2358133669609082 0.0021716654105031832
197.0 1.2421185372005046 0.0021716654105031832
198.0 1.248423707440101 0.0021716654105031832
199.0 1.2547288776796974 0.0021716654105031832
200.0 1.2610340479192939 0.0021716654105031832
201.0 1.2673392181588905 0.0021716654105031832
202.0 1.273644388398487 0.0021716654105031832
203.0 1.2799495586380834 0.0021716654105031832
204.0 1.2862547288776798 0.0021716654105031832
205.0 1.2925598991172764 0.0021716654105031832
206.0 1.2988650693568726 0.0021716654105031832
207.0 1.3051702395964693 0.0021716654105031832
208.0 1.3114754098360657 0.0021716654105031832
209.0 1.3177805800756621 0.0021716654105031832
210.0 1.3240857503152588 0.0021716654105031832
211.0 1.330390920554855 0.0021716654105031832
212.0 1.3366960907944516 0.0021716654105031832
213.0 1.343001261034048 0.0021716654105031832
214.0 1.3493064312736445 0.0021716654105031832
215.0 1.355611601513241 0.0021716654105031832
216.0 1.3619167717528375 0.0021716654105031832
217.0 1.368221941992434 0.0021716654105031832
218.0 1.3745271122320304 0.0021716654105031832
219.0 1.3808322824716268 0.0021716654105031832
220.0 1.3871374527112232 0.0021716654105031832
221.0 1.3934426229508199 0.0021716654105031832
222.0 1.399747793190416 0.0021716654105031832
223.0 1.4060529634300127 0.0021716654105031832
224.0 1.4123581336696092 0.0021716654105031832
225.0 1.4186633039092058 0.0021716654105031832
226.0 1.4249684741488022 0.0021716654105031832
227.0 1.4312736443883987 0.0021716654105031832
228.0 1.437578814627995 0.0021716654105031832
229.0 1.4438839848675915 0.0021716654105031832
230.0 1.450189155107188 0.0021716654105031832
231.0 1.4564943253467844 0.0021716654105031832
232.0 1.462799495586381 0.0021716654105031832
233.0 1.4691046658259774 0.0021716654105031832
234.0 1.475409836065574 0.0021716654105031832
235.0 1.4817150063051703 0.0021716654105031832
236.0 1.488020176544767 0.0021716654105031832
237.0 1.4943253467843634 0.0021716654105031832
238.0 1.5006305170239598 0.0021716654105031832
239.0 1.5069356872635562 0.0021716654105031832
240.0 1.5132408575031526 0.0021716654105031832
241.0 1.5195460277427493 0.0021716654105031832
242.0 1.5258511979823457 0.0021716654105031832
243.0 1.5321563682219421 0.0021716654105031832
244.0 1.5384615384615385 0.0021716654105031832
245.0 1.5447667087011352 0.0021716654105031832
246.0 1.5510718789407314 0.0021716654105031832
247.0 1.557377049180328 0.0021716654105031832
248.0 1.5636822194199245 0.0021716654105031832
249.0 1.569987389659521 0.0021716654105031832
250.0 1.5762925598991175 0.0021716654105031832
251.0 1.5825977301387137 0.0021716654105031832
252.0 1.5889029003783104 0.0021716654105031832
253.0 1.5952080706179068 0.0016287490578773501
254.0 1.6015132408575032 0.0021716654105031832
255.0 1.6078184110970999 0.0021716654105031832
256.0 1.6141235813366963 0.0016287490578773501
257.0 1.6204287515762925 0.0016287490578773501
258.0 1.6267339218158892 0.0016287490578773501
259.0 1.6330390920554856 0.0016287490578773501
260.0 1.6393442622950822 0.0016287490578773501
261.0 1.6456494325346787 0.0016287490578773501
262.0 1.6519546027742749 0.0016287490578773501
263.0 1.6582597730138717 0.0016287490578773501
264.0 1.664564943253468 0.0016287490578773501
265.0 1.6708701134930644 0.0016287490578773501
266.0 1.677175283732661 0.0016287490578773501
267.0 1.6834804539722574 0.0016287490578773501
268.0 1.6897856242118536 0.0016287490578773501
269.0 1.6960907944514503 0.0016287490578773501
270.0 1.7023959646910467 0.0016287490578773501
271.0 1.7087011349306434 0.0016287490578773501
272.0 1.7150063051702398 0.0016287490578773501
273.0 1.721311475409836 0.0016287490578773501
274.0 1.7276166456494328 0.0016287490578773501
275.0 1.733921815889029 0.0016287490578773501
276.0 1.7402269861286257 0.0016287490578773501
277.0 1.7465321563682221 0.0016287490578773501
278.0 1.7528373266078185 0.0016287490578773501
279.0 1.7591424968474152 0.0016287490578773501
280.0 1.7654476670870114 0.0016287490578773501
281.0 1.7717528373266078 0.0016287490578773501
282.0 1.7780580075662045 0.0016287490578773501
283.0 1.784363177805801 0.0016287490578773501
284.0 1.790668348045397 0.0016287490578773501
285.0 1.796973518284994 0.0016287490578773501
286.0 1.8032786885245902 0.0016287490578773501
287.0 1.8095838587641868 0.0016287490578773501
288.0 1.8158890290037832 0.0016287490578773501
289.0 1.8221941992433797 0.0016287490578773501
290.0 1.8284993694829763 0.0016287490578773501
291.0 1.8348045397225725 0.0016287490578773501
292.0 1.8411097099621694 0.0016287490578773501
293.0 1.8474148802017656 0.0016287490578773501
294.0 1.853720050441362 0.0016287490578773501
295.0 1.8600252206809587 0.0016287490578773501
296.0 1.866330390920555 0.0016287490578773501
297.0 1.8726355611601513 0.0016287490578773501
298.0 1.878940731399748 0.0016287490578773501
299.0 1.8852459016393444 0.0016287490578773501
300.0 1.8915510718789408 0.0016287490578773501
301.0 1.8978562421185374 0.0016287490578773501
302.0 1.9041614123581336 0.0016287490578773501
303.0 1.9104665825977305 0.0016287490578773501
304.0 1.9167717528373267 0.0016287490578773501
305.0 1.9230769230769231 0.0016287490578773501
306.0 1.9293820933165198 0.0016287490578773501
307.0 1.9356872635561162 0.0016287490578773501
308.0 1.9419924337957128 0.0016287490578773501
309.0 1.948297604035309 0.0016287490578773501
310.0 1.9546027742749055 0.0016287490578773501
311.0 1.9609079445145021 0.0016287490578773501
312.0 1.9672131147540985 0.0016287490578773501
313.0 1.9735182849936947 0.0016287490578773501
314.0 1.9798234552332916 0.0016287490578773501
315.0 1.9861286254728878 0.0016287490578773501
316.0 1.9924337957124842 0.0016287490578773501
317.0 1.998738965952081 0.0016287490578773501
318.0 2.0050441361916773 0.0016287490578773501
319.0 2.0113493064312737 0.0016287490578773501
320.0 2.01765447667087 0.0016287490578773501
321.0 2.0239596469104666 0.0016287490578773501
322.0 2.0302648171500635 0.0016287490578773501
323.0 2.0365699873896594 0.0016287490578773501
324.0 2.0428751576292563 0.0016287490578773501
325.0 2.0491803278688527 0.0016287490578773501
326.0 2.055485498108449 0.0016287490578773501
327.0 2.0617906683480456 0.0016287490578773501
328.0 2.068095838587642 0.0016287490578773501
329.0 2.0744010088272384 0.0016287490578773501
330.0 2.080706179066835 0.0016287490578773501
331.0 2.0870113493064313 0.0016287490578773501
332.0 2.0933165195460277 0.0016287490578773501
333.0 2.0996216897856246 0.0016287490578773501
334.0 2.1059268600252206 0.0016287490578773501
335.0 2.1122320302648174 0.0016287490578773501
336.0 2.118537200504414 0.0016287490578773501
337.0 2.1248423707440103 0.0016287490578773501
338.0 2.1311475409836067 0.0016287490578773501
339.0 2.137452711223203 0.0016287490578773501
340.0 2.1437578814628 0.0016287490578773501
341.0 2.150063051702396 0.0016287490578773501
342.0 2.1563682219419924 0.0016287490578773501
343.0 2.1626733921815893 0.0016287490578773501
344.0 2.1689785624211857 0.0016287490578773501
345.0 2.1752837326607817 0.0016287490578773501
346.0 2.1815889029003785 0.0016287490578773501
347.0 2.187894073139975 0.0016287490578773501
348.0 2.1941992433795714 0.0016287490578773501
349.0 2.200504413619168 0.0016287490578773501
350.0 2.2068095838587642 0.0016287490578773501
351.0 2.213114754098361 0.0016287490578773501
352.0 2.219419924337957 0.0016287490578773501
353.0 2.2257250945775535 0.0016287490578773501
354.0 2.2320302648171504 0.0016287490578773501
355.0 2.238335435056747 0.0016287490578773501
356.0 2.2446406052963432 0.0016287490578773501
357.0 2.2509457755359397 0.0016287490578773501
358.0 2.257250945775536 0.0016287490578773501
359.0 2.2635561160151325 0.0016287490578773501
360.0 2.269861286254729 0.0016287490578773501
361.0 2.2761664564943254 0.0016287490578773501
362.0 2.2824716267339222 0.0016287490578773501
363.0 2.288776796973518 0.0016287490578773501
364.0 2.2950819672131146 0.0016287490578773501
365.0 2.3013871374527115 0.0016287490578773501
366.0 2.307692307692308 0.0016287490578773501
367.0 2.3139974779319044 0.0010858327052516664
368.0 2.320302648171501 0.0010858327052516664
369.0 2.326607818411097 0.0016287490578773501
370.0 2.3329129886506936 0.0016287490578773501
371.0 2.33921815889029 0.0016287490578773501
372.0 2.345523329129887 0.0016287490578773501
373.0 2.3518284993694833 0.0016287490578773501
374.0 2.3581336696090793 0.0016287490578773501
375.0 2.364438839848676 0.0016287490578773501
376.0 2.3707440100882726 0.0016287490578773501
377.0 2.377049180327869 0.0016287490578773501
378.0 2.3833543505674655 0.0016287490578773501
379.0 2.389659520807062 0.0016287490578773501
380.0 2.3959646910466583 0.0016287490578773501
381.0 2.402269861286255 0.0016287490578773501
382.0 2.408575031525851 0.0016287490578773501
383.0 2.414880201765448 0.0016287490578773501
384.0 2.4211853720050445 0.0010858327052516664
385.0 2.427490542244641 0.0016287490578773501
386.0 2.4337957124842373 0.0016287490578773501
387.0 2.4401008827238337 0.0016287490578773501
388.0 2.4464060529634306 0.0016287490578773501
389.0 2.4527112232030266 0.0016287490578773501
390.0 2.459016393442623 0.0016287490578773501
391.0 2.46532156368222 0.0016287490578773501
392.0 2.4716267339218163 0.0016287490578773501
393.0 2.4779319041614123 0.0016287490578773501
394.0 2.484237074401009 0.0016287490578773501
395.0 2.4905422446406056 0.0016287490578773501
396.0 2.496847414880202 0.0016287490578773501
397.0 2.5031525851197984 0.0016287490578773501
398.0 2.509457755359395 0.0016287490578773501
399.0 2.5157629255989917 0.0016287490578773501
400.0 2.5220680958385877 0.0016287490578773501
401.0 2.528373266078184 0.0016287490578773501
402.0 2.534678436317781 0.0016287490578773501
403.0 2.5409836065573774 0.0016287490578773501
404.0 2.547288776796974 0.0016287490578773501
405.0 2.5535939470365703 0.0016287490578773501
406.0 2.5598991172761667 0.0016287490578773501
407.0 2.566204287515763 0.0016287490578773501
408.0 2.5725094577553596 0.0016287490578773501
409.0 2.578814627994956 0.0016287490578773501
410.0 2.585119798234553 0.0016287490578773501
411.0 2.591424968474149 0.0016287490578773501
412.0 2.5977301387137453 0.0010858327052516664
413.0 2.604035308953342 0.0010858327052516664
414.0 2.6103404791929385 0.0010858327052516664
415.0 2.616645649432535 0.0016287490578773501
416.0 2.6229508196721314 0.0016287490578773501
417.0 2.629255989911728 0.0016287490578773501
418.0 2.6355611601513242 0.0010858327052516664
419.0 2.6418663303909207 0.0016287490578773501
420.0 2.6481715006305175 0.0016287490578773501
421.0 2.654476670870114 0.0016287490578773501
422.0 2.66078184110971 0.0016287490578773501
423.0 2.667087011349307 0.0016287490578773501
424.0 2.6733921815889032 0.0010858327052516664
425.0 2.6796973518284997 0.0010858327052516664
426.0 2.686002522068096 0.0010858327052516664
427.0 2.6923076923076925 0.0010858327052516664
428.0 2.698612862547289 0.0010858327052516664
429.0 2.7049180327868854 0.0010858327052516664
430.0 2.711223203026482 0.0010858327052516664
431.0 2.7175283732660787 0.0010858327052516664
432.0 2.723833543505675 0.0010858327052516664
433.0 2.730138713745271 0.0010858327052516664
434.0 2.736443883984868 0.0010858327052516664
435.0 2.7427490542244644 0.0010858327052516664
436.0 2.749054224464061 0.0010858327052516664
437.0 2.755359394703657 0.0010858327052516664
438.0 2.7616645649432536 0.0010858327052516664
439.0 2.7679697351828505 0.0010858327052516664
440.0 2.7742749054224465 0.0010858327052516664
441.0 2.780580075662043 0.0010858327052516664
442.0 2.7868852459016398 0.0010858327052516664
443.0 2.793190416141236 0.0010858327052516664
444.0 2.799495586380832 0.0010858327052516664
445.0 2.805800756620429 0.0010858327052516664
446.0 2.8121059268600255 0.0010858327052516664
447.0 2.818411097099622 0.0010858327052516664
448.0 2.8247162673392183 0.0010858327052516664
449.0 2.8310214375788147 0.0010858327052516664
450.0 2.8373266078184116 0.0010858327052516664
451.0 2.8436317780580076 0.0010858327052516664
452.0 2.8499369482976045 0.0010858327052516664
453.0 2.856242118537201 0.0010858327052516664
454.0 2.8625472887767973 0.0010858327052516664
455.0 2.8688524590163937 0.0010858327052516664
456.0 2.87515762925599 0.0010858327052516664
457.0 2.8814627994955866 0.0010858327052516664
458.0 2.887767969735183 0.0010858327052516664
459.0 2.8940731399747794 0.0010858327052516664
460.0 2.900378310214376 0.0010858327052516664
461.0 2.9066834804539727 0.0010858327052516664
462.0 2.9129886506935687 0.0010858327052516664
463.0 2.9192938209331656 0.0010858327052516664
464.0 2.925598991172762 0.0010858327052516664
465.0 2.9319041614123584 0.0010858327052516664
466.0 2.938209331651955 0.0010858327052516664
467.0 2.9445145018915513 0.0010858327052516664
468.0 2.950819672131148 0.0010858327052516664
469.0 2.957124842370744 0.0010858327052516664
470.0 2.9634300126103406 0.0010858327052516664
471.0 2.9697351828499374 0.0010858327052516664
472.0 2.976040353089534 0.0010858327052516664
473.0 2.98234552332913 0.0010858327052516664
474.0 2.9886506935687267 0.0010858327052516664
475.0 2.994955863808323 0.0010858327052516664
476.0 3.0012610340479196 0.0010858327052516664
477.0 3.007566204287516 0.0010858327052516664
478.0 3.0138713745271124 0.0010858327052516664
479.0 3.0201765447667093 0.0010858327052516664
480.0 3.0264817150063053 0.0010858327052516664
481.0 3.0327868852459017 0.0010858327052516664
482.0 3.0390920554854985 0.0010858327052516664
483.0 3.045397225725095 0.0010858327052516664
484.0 3.0517023959646914 0.0010858327052516664
485.0 3.058007566204288 0.0010858327052516664
486.0 3.0643127364438842 0.0010858327052516664
487.0 3.0706179066834807 0.0010858327052516664
488.0 3.076923076923077 0.0010858327052516664
489.0 3.0832282471626735 0.0010858327052516664
490.0 3.0895334174022704 0.0010858327052516664
491.0 3.0958385876418664 0.0010858327052516664
492.0 3.102143757881463 0.0010858327052516664
493.0 3.1084489281210597 0.0010858327052516664
494.0 3.114754098360656 0.0010858327052516664
495.0 3.1210592686002525 0.0010858327052516664
496.0 3.127364438839849 0.0010858327052516664
497.0 3.1336696090794454 0.0010858327052516664
498.0 3.139974779319042 0.0010858327052516664
499.0 3.146279949558638 0.0010858327052516664
500.0 3.152585119798235 0.0010858327052516664
501.0 3.1588902900378315 0.0010858327052516664
502.0 3.1651954602774275 0.0010858327052516664
503.0 3.1715006305170244 0.0010858327052516664
504.0 3.177805800756621 0.0010858327052516664
505.0 3.184110970996217 0.0010858327052516664
506.0 3.1904161412358136 0.0010858327052516664
507.0 3.19672131147541 0.0010858327052516664
508.0 3.2030264817150065 0.0010858327052516664
509.0 3.209331651954603 0.0010858327052516664
510.0 3.2156368221941998 0.0010858327052516664
511.0 3.2219419924337958 0.0010858327052516664
512.0 3.2282471626733926 0.0010858327052516664
513.0 3.234552332912989 0.0010858327052516664
514.0 3.240857503152585 0.0010858327052516664
515.0 3.247162673392182 0.0010858327052516664
516.0 3.2534678436317783 0.0010858327052516664
517.0 3.2597730138713743 0.0010858327052516664
518.0 3.266078184110971 0.0010858327052516664
519.0 3.272383354350568 0.0010858327052516664
520.0 3.2786885245901645 0.0010858327052516664
521.0 3.2849936948297604 0.0010858327052516664
522.0 3.2912988650693573 0.0010858327052516664
523.0 3.2976040353089537 0.0010858327052516664
524.0 3.3039092055485497 0.0010858327052516664
525.0 3.3102143757881466 0.0010858327052516664
526.0 3.3165195460277435 0.0010858327052516664
527.0 3.3228247162673394 0.0010858327052516664
528.0 3.329129886506936 0.0010858327052516664
529.0 3.3354350567465327 0.0010858327052516664
530.0 3.3417402269861287 0.0010858327052516664
531.0 3.348045397225725 0.0010858327052516664
532.0 3.354350567465322 0.0010858327052516664
533.0 3.360655737704918 0.0010858327052516664
534.0 3.366960907944515 0.0010858327052516664
535.0 3.3732660781841113 0.0010858327052516664
536.0 3.3795712484237073 0.0010858327052516664
537.0 3.385876418663304 0.0010858327052516664
538.0 3.3921815889029006 0.0010858327052516664
539.0 3.3984867591424974 0.0010858327052516664
540.0 3.4047919293820934 0.0010858327052516664
541.0 3.4110970996216903 0.0010858327052516664
542.0 3.4174022698612867 0.0010858327052516664
543.0 3.4237074401008827 0.0010858327052516664
544.0 3.4300126103404796 0.0010858327052516664
545.0 3.436317780580076 0.0010858327052516664
546.0 3.442622950819672 0.0010858327052516664
547.0 3.448928121059269 0.0010858327052516664
548.0 3.4552332912988657 0.0010858327052516664
549.0 3.4615384615384617 0.0010858327052516664
550.0 3.467843631778058 0.0010858327052516664
551.0 3.474148802017655 0.0010858327052516664
552.0 3.4804539722572514 0.0010858327052516664
553.0 3.4867591424968474 0.0010858327052516664
554.0 3.4930643127364442 0.0010858327052516664
555.0 3.499369482976041 0.0010858327052516664
556.0 3.505674653215637 0.0010858327052516664
557.0 3.5119798234552335 0.0010858327052516664
558.0 3.5182849936948304 0.0010858327052516664
559.0 3.5245901639344264 0.0010858327052516664
560.0 3.530895334174023 0.0010858327052516664
561.0 3.5372005044136197 0.0010858327052516664
562.0 3.5435056746532156 0.0010858327052516664
563.0 3.5498108448928125 0.0010858327052516664
564.0 3.556116015132409 0.0010858327052516664
565.0 3.562421185372005 0.0010858327052516664
566.0 3.568726355611602 0.0010858327052516664
567.0 3.575031525851198 0.0010858327052516664
568.0 3.581336696090794 0.0010858327052516664
569.0 3.587641866330391 0.0010858327052516664
570.0 3.593947036569988 0.0010858327052516664
571.0 3.6002522068095844 0.0010858327052516664
572.0 3.6065573770491803 0.0010858327052516664
573.0 3.612862547288777 0.0010858327052516664
574.0 3.6191677175283736 0.0010858327052516664
575.0 3.6254728877679696 0.0010858327052516664
576.0 3.6317780580075665 0.0010858327052516664
577.0 3.6380832282471633 0.0010858327052516664
578.0 3.6443883984867593 0.0010858327052516664
579.0 3.6506935687263558 0.0010858327052516664
580.0 3.6569987389659526 0.0010858327052516664
581.0 3.6633039092055486 0.0010858327052516664
582.0 3.669609079445145 0.0010858327052516664
583.0 3.675914249684742 0.0010858327052516664
584.0 3.6822194199243388 0.0010858327052516664
585.0 3.6885245901639347 0.0010858327052516664
586.0 3.694829760403531 0.0010858327052516664
587.0 3.701134930643128 0.0010858327052516664
588.0 3.707440100882724 0.0010858327052516664
589.0 3.7137452711223204 0.0010858327052516664
590.0 3.7200504413619173 0.0010858327052516664
591.0 3.7263556116015133 0.0010858327052516664
592.0 3.73266078184111 0.0010858327052516664
593.0 3.7389659520807066 0.0010858327052516664
594.0 3.7452711223203026 0.0010858327052516664
595.0 3.7515762925598994 0.0010858327052516664
596.0 3.757881462799496 0.0010858327052516664
597.0 3.764186633039092 0.0010858327052516664
598.0 3.7704918032786887 0.0010858327052516664
599.0 3.7767969735182856 0.0010858327052516664
600.0 3.7831021437578816 0.0010858327052516664
601.0 3.789407313997478 0.0010858327052516664
602.0 3.795712484237075 0.0010858327052516664
603.0 3.8020176544766713 0.0010858327052516664
604.0 3.8083228247162673 0.0010858327052516664
605.0 3.814627994955864 0.0010858327052516664
606.0 3.820933165195461 0.0010858327052516664
607.0 3.827238335435057 0.0010858327052516664
608.0 3.8335435056746534 0.0010858327052516664
609.0 3.8398486759142503 0.0010858327052516664
610.0 3.8461538461538463 0.0010858327052516664
611.0 3.8524590163934427 0.0010858327052516664
612.0 3.8587641866330396 0.0010858327052516664
613.0 3.8650693568726355 0.0010858327052516664
614.0 3.8713745271122324 0.0010858327052516664
615.0 3.877679697351829 0.0010858327052516664
616.0 3.8839848675914257 0.0010858327052516664
617.0 3.8902900378310217 0.0010858327052516664
618.0 3.896595208070618 0.0010858327052516664
619.0 3.902900378310215 0.0010858327052516664
620.0 3.909205548549811 0.0010858327052516664
621.0 3.915510718789408 0.0010858327052516664
622.0 3.9218158890290042 0.0010858327052516664
623.0 3.9281210592686002 0.0010858327052516664
624.0 3.934426229508197 0.0010858327052516664
625.0 3.9407313997477935 0.0010858327052516664
626.0 3.9470365699873895 0.0010858327052516664
627.0 3.9533417402269864 0.0010858327052516664
628.0 3.9596469104665832 0.0010858327052516664
629.0 3.965952080706179 0.0010858327052516664
630.0 3.9722572509457756 0.0010858327052516664
631.0 3.9785624211853725 0.0010858327052516664
632.0 3.9848675914249685 0.0010858327052516664
633.0 3.991172761664565 0.0010858327052516664
634.0 3.997477931904162 0.0010858327052516664
635.0 4.003783102143759 0.0010858327052516664
636.0 4.010088272383355 0.0010858327052516664
637.0 4.0163934426229515 0.0010858327052516664
638.0 4.0226986128625475 0.0010858327052516664
639.0 4.0290037831021435 0.0010858327052516664
640.0 4.03530895334174 0.0010858327052516664
641.0 4.041614123581337 0.0010858327052516664
642.0 4.047919293820933 0.0010858327052516664
643.0 4.05422446406053 0.0010858327052516664
644.0 4.060529634300127 0.0010858327052516664
645.0 4.066834804539723 0.0010858327052516664
646.0 4.073139974779319 0.0010858327052516664
647.0 4.079445145018916 0.0010858327052516664
648.0 4.085750315258513 0.0010858327052516664
649.0 4.092055485498109 0.0010858327052516664
650.0 4.0983606557377055 0.0010858327052516664
651.0 4.104665825977302 0.0010858327052516664
652.0 4.110970996216898 0.0010858327052516664
653.0 4.117276166456494 0.0010858327052516664
654.0 4.123581336696091 0.0010858327052516664
655.0 4.129886506935687 0.0010858327052516664
656.0 4.136191677175284 0.0010858327052516664
657.0 4.142496847414881 0.0010858327052516664
658.0 4.148802017654477 0.0010858327052516664
659.0 4.155107187894074 0.0010858327052516664
660.0 4.16141235813367 0.0010858327052516664
661.0 4.167717528373266 0.0010858327052516664
662.0 4.174022698612863 0.0010858327052516664
663.0 4.180327868852459 0.0010858327052516664
664.0 4.186633039092055 0.0010858327052516664
665.0 4.192938209331652 0.0010858327052516664
666.0 4.199243379571249 0.0010858327052516664
667.0 4.205548549810845 0.0010858327052516664
668.0 4.211853720050441 0.0010858327052516664
669.0 4.218158890290038 0.0010858327052516664
670.0 4.224464060529635 0.0010858327052516664
671.0 4.230769230769231 0.0010858327052516664
672.0 4.237074401008828 0.0010858327052516664
673.0 4.243379571248425 0.0010858327052516664
674.0 4.249684741488021 0.0010858327052516664
675.0 4.2559899117276165 0.0010858327052516664
676.0 4.262295081967213 0.0010858327052516664
677.0 4.268600252206809 0.0010858327052516664
678.0 4.274905422446406 0.0010858327052516664
679.0 4.281210592686003 0.0010858327052516664
680.0 4.2875157629256 0.0010858327052516664
681.0 4.293820933165196 0.0010858327052516664
682.0 4.300126103404792 0.0010858327052516664
683.0 4.306431273644389 0.0010858327052516664
684.0 4.312736443883985 0.0010858327052516664
685.0 4.319041614123582 0.0010858327052516664
686.0 4.3253467843631785 0.0010858327052516664
687.0 4.3316519546027745 0.0010858327052516664
688.0 4.337957124842371 0.0010858327052516664
689.0 4.344262295081967 0.0010858327052516664
690.0 4.350567465321563 0.0010858327052516664
691.0 4.35687263556116 0.0010858327052516664
692.0 4.363177805800757 0.0010858327052516664
693.0 4.369482976040353 0.0010858327052516664
694.0 4.37578814627995 0.0010858327052516664
695.0 4.382093316519547 0.0010858327052516664
696.0 4.388398486759143 0.0010858327052516664
697.0 4.394703656998739 0.0010858327052516664
698.0 4.401008827238336 0.0010858327052516664
699.0 4.4073139974779325 0.0010858327052516664
700.0 4.4136191677175285 0.0010858327052516664
701.0 4.419924337957125 0.0010858327052516664
702.0 4.426229508196722 0.0010858327052516664
703.0 4.432534678436318 0.0010858327052516664
704.0 4.438839848675914 0.0010858327052516664
705.0 4.445145018915511 0.0010858327052516664
706.0 4.451450189155107 0.0010858327052516664
707.0 4.457755359394704 0.0010858327052516664
708.0 4.464060529634301 0.0010858327052516664
709.0 4.470365699873897 0.0010858327052516664
710.0 4.476670870113494 0.0010858327052516664
711.0 4.48297604035309 0.0010858327052516664
712.0 4.4892812105926865 0.0010858327052516664
713.0 4.4955863808322825 0.0010858327052516664
714.0 4.501891551071879 0.0010858327052516664
715.0 4.508196721311476 0.0010858327052516664
716.0 4.514501891551072 0.0010858327052516664
717.0 4.520807061790669 0.0010858327052516664
718.0 4.527112232030265 0.0010858327052516664
719.0 4.533417402269861 0.0010858327052516664
720.0 4.539722572509458 0.0010858327052516664
721.0 4.546027742749055 0.0010858327052516664
722.0 4.552332912988651 0.0010858327052516664
723.0 4.558638083228248 0.0010858327052516664
724.0 4.5649432534678445 0.0010858327052516664
725.0 4.5712484237074404 0.0010858327052516664
726.0 4.577553593947036 0.0010858327052516664
727.0 4.583858764186633 0.0010858327052516664
728.0 4.590163934426229 0.0010858327052516664
729.0 4.596469104665826 0.0010858327052516664
730.0 4.602774274905423 0.0010858327052516664
731.0 4.60907944514502 0.0010858327052516664
732.0 4.615384615384616 0.0010858327052516664
733.0 4.621689785624212 0.0010858327052516664
734.0 4.627994955863809 0.0010858327052516664
735.0 4.634300126103405 0.0010858327052516664
736.0 4.640605296343002 0.0010858327052516664
737.0 4.646910466582598 0.0010858327052516664
738.0 4.653215636822194 0.0010858327052516664
739.0 4.659520807061791 0.0010858327052516664
740.0 4.665825977301387 0.0010858327052516664
741.0 4.672131147540983 0.0010858327052516664
742.0 4.67843631778058 0.0010858327052516664
743.0 4.684741488020177 0.0010858327052516664
744.0 4.691046658259774 0.0010858327052516664
745.0 4.69735182849937 0.0010858327052516664
746.0 4.703656998738967 0.0010858327052516664
747.0 4.709962168978563 0.0010858327052516664
748.0 4.716267339218159 0.0010858327052516664
749.0 4.7225725094577555 0.0010858327052516664
750.0 4.728877679697352 0.0010858327052516664
751.0 4.735182849936948 0.0010858327052516664
752.0 4.741488020176545 0.0010858327052516664
753.0 4.747793190416142 0.0010858327052516664
754.0 4.754098360655738 0.0010858327052516664
755.0 4.760403530895334 0.0010858327052516664
756.0 4.766708701134931 0.0010858327052516664
757.0 4.773013871374527 0.0010858327052516664
758.0 4.779319041614124 0.0010858327052516664
759.0 4.785624211853721 0.0010858327052516664
760.0 4.791929382093317 0.0010858327052516664
761.0 4.7982345523329135 0.0010858327052516664
762.0 4.80453972257251 0.0010858327052516664
763.0 4.810844892812106 0.0010858327052516664
764.0 4.817150063051702 0.0010858327052516664
765.0 4.823455233291299 0.0010858327052516664
766.0 4.829760403530896 0.0010858327052516664
767.0 4.836065573770492 0.0010858327052516664
768.0 4.842370744010089 0.0010858327052516664
769.0 4.848675914249686 0.0010858327052516664
770.0 4.854981084489282 0.0010858327052516664
771.0 4.861286254728878 0.0010858327052516664
772.0 4.867591424968475 0.0010858327052516664
773.0 4.873896595208071 0.0010858327052516664
774.0 4.8802017654476675 0.0010858327052516664
775.0 4.886506935687264 0.0010858327052516664
776.0 4.892812105926861 0.0010858327052516664
777.0 4.899117276166457 0.0010858327052516664
778.0 4.905422446406053 0.0010858327052516664
779.0 4.91172761664565 0.0010858327052516664
780.0 4.918032786885246 0.0010858327052516664
781.0 4.924337957124843 0.0010858327052516664
782.0 4.93064312736444 0.0010858327052516664
783.0 4.936948297604036 0.0010858327052516664
784.0 4.943253467843633 0.0010858327052516664
785.0 4.949558638083229 0.0010858327052516664
786.0 4.955863808322825 0.0010858327052516664
787.0 4.9621689785624215 0.0010858327052516664
788.0 4.968474148802018 0.0010858327052516664
789.0 4.974779319041614 0.0010858327052516664
790.0 4.981084489281211 0.0010858327052516664
791.0 4.987389659520808 0.0010858327052516664
792.0 4.993694829760404 0.0010858327052516664
793.0 5.0 0.0010858327052516664
794.0 5.006305170239597 0.0010858327052516664
795.0 5.012610340479194 0.0010858327052516664
796.0 5.01891551071879 0.0010858327052516664
797.0 5.025220680958387 0.0010858327052516664
798.0 5.0315258511979835 0.0010858327052516664
799.0 5.037831021437579 0.0010858327052516664
800.0 5.044136191677175 0.0010858327052516664
801.0 5.050441361916772 0.0010858327052516664
802.0 5.056746532156368 0.0010858327052516664
803.0 5.063051702395965 0.0010858327052516664
804.0 5.069356872635562 0.0010858327052516664
805.0 5.075662042875158 0.0010858327052516664
806.0 5.081967213114755 0.0010858327052516664
807.0 5.088272383354351 0.0010858327052516664
808.0 5.094577553593948 0.0010858327052516664
809.0 5.100882723833544 0.0010858327052516664
810.0 5.1071878940731406 0.0010858327052516664
811.0 5.113493064312737 0.0010858327052516664
812.0 5.119798234552333 0.0010858327052516664
813.0 5.12610340479193 0.0010858327052516664
814.0 5.132408575031526 0.0010858327052516664
815.0 5.138713745271122 0.0010858327052516664
816.0 5.145018915510719 0.0010858327052516664
817.0 5.151324085750316 0.0010858327052516664
818.0 5.157629255989912 0.0010858327052516664
819.0 5.163934426229509 0.0010858327052516664
820.0 5.170239596469106 0.0010858327052516664
821.0 5.176544766708702 0.0010858327052516664
822.0 5.182849936948298 0.0010858327052516664
823.0 5.1891551071878945 0.0010858327052516664
824.0 5.1954602774274905 0.0010858327052516664
825.0 5.201765447667087 0.0005429163526258332
826.0 5.208070617906684 0.0005429163526258332
827.0 5.214375788146281 0.0005429163526258332
828.0 5.220680958385877 0.0005429163526258332
829.0 5.226986128625473 0.0005429163526258332
830.0 5.23329129886507 0.0005429163526258332
831.0 5.239596469104666 0.0005429163526258332
832.0 5.245901639344263 0.0005429163526258332
833.0 5.25220680958386 0.0005429163526258332
834.0 5.258511979823456 0.0005429163526258332
835.0 5.2648171500630525 0.0005429163526258332
836.0 5.2711223203026485 0.0010858327052516664
837.0 5.2774274905422445 0.0005429163526258332
838.0 5.283732660781841 0.0005429163526258332
839.0 5.290037831021438 0.0005429163526258332
840.0 5.296343001261035 0.0005429163526258332
841.0 5.302648171500631 0.0005429163526258332
842.0 5.308953341740228 0.0005429163526258332
843.0 5.315258511979824 0.0005429163526258332
844.0 5.32156368221942 0.0005429163526258332
845.0 5.327868852459017 0.0005429163526258332
846.0 5.334174022698614 0.0005429163526258332
847.0 5.34047919293821 0.0005429163526258332
848.0 5.3467843631778065 0.0005429163526258332
849.0 5.353089533417403 0.0005429163526258332
850.0 5.359394703656999 0.0005429163526258332
851.0 5.365699873896595 0.0005429163526258332
852.0 5.372005044136192 0.0005429163526258332
853.0 5.378310214375788 0.0005429163526258332
854.0 5.384615384615385 0.0005429163526258332
855.0 5.390920554854982 0.0005429163526258332
856.0 5.397225725094578 0.0005429163526258332
857.0 5.403530895334175 0.0010858327052516664
858.0 5.409836065573771 0.0010858327052516664
859.0 5.416141235813368 0.0005429163526258332
860.0 5.422446406052964 0.0010858327052516664
861.0 5.42875157629256 0.0010858327052516664
862.0 5.435056746532157 0.0010858327052516664
863.0 5.441361916771753 0.0010858327052516664
864.0 5.44766708701135 0.0010858327052516664
865.0 5.453972257250946 0.0010858327052516664
866.0 5.460277427490542 0.0010858327052516664
867.0 5.466582597730139 0.0010858327052516664
868.0 5.472887767969736 0.0010858327052516664
869.0 5.479192938209332 0.0010858327052516664
870.0 5.485498108448929 0.0010858327052516664
871.0 5.491803278688526 0.0010858327052516664
872.0 5.498108448928122 0.0010858327052516664
873.0 5.5044136191677175 0.0010858327052516664
874.0 5.510718789407314 0.0010858327052516664
875.0 5.517023959646911 0.0010858327052516664
876.0 5.523329129886507 0.0010858327052516664
877.0 5.529634300126104 0.0010858327052516664
878.0 5.535939470365701 0.0010858327052516664
879.0 5.542244640605297 0.0010858327052516664
880.0 5.548549810844893 0.0010858327052516664
881.0 5.55485498108449 0.0010858327052516664
882.0 5.561160151324086 0.0010858327052516664
883.0 5.567465321563683 0.0010858327052516664
884.0 5.5737704918032795 0.0010858327052516664
885.0 5.5800756620428755 0.0010858327052516664
886.0 5.586380832282472 0.0010858327052516664
887.0 5.592686002522068 0.0010858327052516664
888.0 5.598991172761664 0.0010858327052516664
889.0 5.605296343001261 0.0010858327052516664
890.0 5.611601513240858 0.0010858327052516664
891.0 5.617906683480455 0.0010858327052516664
892.0 5.624211853720051 0.0010858327052516664
893.0 5.630517023959648 0.0010858327052516664
894.0 5.636822194199244 0.0010858327052516664
895.0 5.64312736443884 0.0010858327052516664
896.0 5.649432534678437 0.0010858327052516664
897.0 5.6557377049180335 0.0010858327052516664
898.0 5.6620428751576295 0.0010858327052516664
899.0 5.668348045397226 0.0010858327052516664
900.0 5.674653215636823 0.0010858327052516664
901.0 5.680958385876419 0.0010858327052516664
902.0 5.687263556116015 0.0010858327052516664
903.0 5.693568726355612 0.0010858327052516664
904.0 5.699873896595209 0.0010858327052516664
905.0 5.706179066834805 0.0010858327052516664
906.0 5.712484237074402 0.0010858327052516664
907.0 5.718789407313999 0.0010858327052516664
908.0 5.725094577553595 0.0010858327052516664
909.0 5.731399747793191 0.0010858327052516664
910.0 5.7377049180327875 0.0010858327052516664
911.0 5.7440100882723835 0.0010858327052516664
912.0 5.75031525851198 0.0010858327052516664
913.0 5.756620428751577 0.0010858327052516664
914.0 5.762925598991173 0.0010858327052516664
915.0 5.76923076923077 0.0010858327052516664
916.0 5.775535939470366 0.0010858327052516664
917.0 5.781841109709962 0.0010858327052516664
918.0 5.788146279949559 0.0010858327052516664
919.0 5.794451450189156 0.0010858327052516664
920.0 5.800756620428752 0.0010858327052516664
921.0 5.807061790668349 0.0010858327052516664
922.0 5.8133669609079455 0.0010858327052516664
923.0 5.8196721311475414 0.0010858327052516664
924.0 5.825977301387137 0.0010858327052516664
925.0 5.832282471626734 0.0010858327052516664
926.0 5.838587641866331 0.0010858327052516664
927.0 5.844892812105927 0.0010858327052516664
928.0 5.851197982345524 0.0010858327052516664
929.0 5.857503152585121 0.0010858327052516664
930.0 5.863808322824717 0.0010858327052516664
931.0 5.870113493064313 0.0010858327052516664
932.0 5.87641866330391 0.0010858327052516664
933.0 5.882723833543506 0.0010858327052516664
934.0 5.889029003783103 0.0010858327052516664
935.0 5.895334174022699 0.0010858327052516664
936.0 5.901639344262296 0.0010858327052516664
937.0 5.907944514501892 0.0010858327052516664
938.0 5.914249684741488 0.0010858327052516664
939.0 5.920554854981085 0.0010858327052516664
940.0 5.926860025220681 0.0010858327052516664
941.0 5.933165195460278 0.0010858327052516664
942.0 5.939470365699875 0.0010858327052516664
943.0 5.945775535939471 0.0010858327052516664
944.0 5.952080706179068 0.0010858327052516664
945.0 5.958385876418664 0.0010858327052516664
946.0 5.96469104665826 0.0010858327052516664
947.0 5.9709962168978565 0.0010858327052516664
948.0 5.977301387137453 0.0010858327052516664
949.0 5.983606557377049 0.0010858327052516664
950.0 5.989911727616646 0.0010858327052516664
951.0 5.996216897856243 0.0010858327052516664
952.0 6.002522068095839 0.0010858327052516664
953.0 6.008827238335435 0.0010858327052516664
954.0 6.015132408575032 0.0010858327052516664
955.0 6.021437578814629 0.0010858327052516664
956.0 6.027742749054225 0.0010858327052516664
957.0 6.034047919293822 0.0010858327052516664
958.0 6.0403530895334185 0.0010858327052516664
959.0 6.0466582597730145 0.0010858327052516664
960.0 6.0529634300126105 0.0010858327052516664
961.0 6.059268600252207 0.0010858327052516664
962.0 6.065573770491803 0.0010858327052516664
963.0 6.0718789407314 0.0010858327052516664
964.0 6.078184110970997 0.0010858327052516664
965.0 6.084489281210593 0.0010858327052516664
966.0 6.09079445145019 0.0010858327052516664
967.0 6.097099621689786 0.0010858327052516664
968.0 6.103404791929383 0.0010858327052516664
969.0 6.109709962168979 0.0010858327052516664
970.0 6.116015132408576 0.0010858327052516664
971.0 6.1223203026481725 0.0010858327052516664
972.0 6.1286254728877685 0.0010858327052516664
973.0 6.134930643127365 0.0010858327052516664
974.0 6.141235813366961 0.0010858327052516664
975.0 6.147540983606557 0.0010858327052516664
976.0 6.153846153846154 0.0010858327052516664
977.0 6.160151324085751 0.0010858327052516664
978.0 6.166456494325347 0.0010858327052516664
979.0 6.172761664564944 0.0010858327052516664
980.0 6.179066834804541 0.0010858327052516664
981.0 6.185372005044137 0.0010858327052516664
982.0 6.191677175283733 0.0010858327052516664
983.0 6.19798234552333 0.0010858327052516664
984.0 6.204287515762926 0.0010858327052516664
985.0 6.2105926860025225 0.0010858327052516664
986.0 6.216897856242119 0.0010858327052516664
987.0 6.223203026481716 0.0010858327052516664
988.0 6.229508196721312 0.0010858327052516664
989.0 6.235813366960908 0.0010858327052516664
990.0 6.242118537200505 0.0010858327052516664
991.0 6.248423707440101 0.0010858327052516664
992.0 6.254728877679698 0.0010858327052516664
993.0 6.261034047919295 0.0010858327052516664
994.0 6.267339218158891 0.0010858327052516664
995.0 6.273644388398488 0.0010858327052516664
996.0 6.279949558638084 0.0010858327052516664
997.0 6.2862547288776796 0.0010858327052516664
998.0 6.292559899117276 0.0010858327052516664
999.0 6.298865069356873 0.0010858327052516664
1000.0 6.30517023959647 0.0010858327052516664
1001.0 6.311475409836066 0.0010858327052516664
1002.0 6.317780580075663 0.0010858327052516664
1003.0 6.324085750315259 0.0010858327052516664
1004.0 6.330390920554855 0.0010858327052516664
1005.0 6.336696090794452 0.0010858327052516664
1006.0 6.343001261034049 0.0010858327052516664
1007.0 6.349306431273645 0.0010858327052516664
1008.0 6.355611601513242 0.0010858327052516664
1009.0 6.361916771752838 0.0010858327052516664
1010.0 6.368221941992434 0.0010858327052516664
1011.0 6.37452711223203 0.0010858327052516664
1012.0 6.380832282471627 0.0010858327052516664
1013.0 6.387137452711223 0.0010858327052516664
1014.0 6.39344262295082 0.0010858327052516664
1015.0 6.399747793190417 0.0010858327052516664
1016.0 6.406052963430013 0.0010858327052516664
1017.0 6.41235813366961 0.0010858327052516664
1018.0 6.418663303909206 0.0010858327052516664
1019.0 6.424968474148803 0.0010858327052516664
1020.0 6.4312736443883995 0.0010858327052516664
1021.0 6.437578814627995 0.0010858327052516664
1022.0 6.4438839848675915 0.0010858327052516664
1023.0 6.450189155107188 0.0010858327052516664
1024.0 6.456494325346785 0.0010858327052516664
1025.0 6.462799495586381 0.0010858327052516664
1026.0 6.469104665825978 0.0010858327052516664
1027.0 6.475409836065575 0.0010858327052516664
1028.0 6.48171500630517 0.0010858327052516664
1029.0 6.488020176544767 0.0010858327052516664
1030.0 6.494325346784364 0.0010858327052516664
1031.0 6.500630517023961 0.0010858327052516664
1032.0 6.506935687263557 0.0010858327052516664
1033.0 6.5132408575031535 0.0010858327052516664
1034.0 6.519546027742749 0.0010858327052516664
1035.0 6.5258511979823455 0.0010858327052516664
1036.0 6.532156368221942 0.0010858327052516664
1037.0 6.538461538461539 0.0010858327052516664
1038.0 6.544766708701136 0.0010858327052516664
1039.0 6.551071878940732 0.0010858327052516664
1040.0 6.557377049180329 0.0010858327052516664
1041.0 6.563682219419924 0.0010858327052516664
1042.0 6.569987389659521 0.0010858327052516664
1043.0 6.576292559899118 0.0010858327052516664
1044.0 6.582597730138715 0.0010858327052516664
1045.0 6.5889029003783115 0.0010858327052516664
1046.0 6.5952080706179075 0.0010858327052516664
1047.0 6.6015132408575035 0.0010858327052516664
1048.0 6.607818411097099 0.0010858327052516664
1049.0 6.614123581336696 0.0010858327052516664
1050.0 6.620428751576293 0.0010858327052516664
1051.0 6.62673392181589 0.0010858327052516664
1052.0 6.633039092055487 0.0010858327052516664
1053.0 6.639344262295082 0.0010858327052516664
1054.0 6.645649432534679 0.0010858327052516664
1055.0 6.651954602774275 0.0010858327052516664
1056.0 6.658259773013872 0.0010858327052516664
1057.0 6.664564943253469 0.0010858327052516664
1058.0 6.6708701134930655 0.0010858327052516664
1059.0 6.677175283732662 0.0010858327052516664
1060.0 6.683480453972257 0.0010858327052516664
1061.0 6.689785624211854 0.0010858327052516664
1062.0 6.69609079445145 0.0010858327052516664
1063.0 6.702395964691047 0.0010858327052516664
1064.0 6.708701134930644 0.0005429163526258332
1065.0 6.715006305170241 0.0005429163526258332
1066.0 6.721311475409836 0.0005429163526258332
1067.0 6.727616645649433 0.0005429163526258332
1068.0 6.73392181588903 0.0005429163526258332
1069.0 6.740226986128626 0.0005429163526258332
1070.0 6.746532156368223 0.0005429163526258332
1071.0 6.752837326607819 0.0005429163526258332
1072.0 6.7591424968474145 0.0005429163526258332
1073.0 6.765447667087011 0.0005429163526258332
1074.0 6.771752837326608 0.0005429163526258332
1075.0 6.778058007566205 0.0005429163526258332
1076.0 6.784363177805801 0.0005429163526258332
1077.0 6.790668348045398 0.0005429163526258332
1078.0 6.796973518284995 0.0005429163526258332
1079.0 6.80327868852459 0.0005429163526258332
1080.0 6.809583858764187 0.0005429163526258332
1081.0 6.815889029003784 0.0005429163526258332
1082.0 6.8221941992433806 0.0005429163526258332
1083.0 6.8284993694829765 0.0005429163526258332
1084.0 6.834804539722573 0.0005429163526258332
1085.0 6.8411097099621685 0.0005429163526258332
1086.0 6.847414880201765 0.0005429163526258332
1087.0 6.853720050441362 0.0005429163526258332
1088.0 6.860025220680959 0.0005429163526258332
1089.0 6.866330390920556 0.0005429163526258332
1090.0 6.872635561160152 0.0005429163526258332
1091.0 6.878940731399749 0.0005429163526258332
1092.0 6.885245901639344 0.0005429163526258332
1093.0 6.891551071878941 0.0005429163526258332
1094.0 6.897856242118538 0.0005429163526258332
1095.0 6.9041614123581345 0.0010858327052516664
1096.0 6.910466582597731 0.0010858327052516664
1097.0 6.916771752837327 0.0010858327052516664
1098.0 6.923076923076923 0.0005429163526258332
1099.0 6.929382093316519 0.0005429163526258332
1100.0 6.935687263556116 0.0005429163526258332
1101.0 6.941992433795713 0.0005429163526258332
1102.0 6.94829760403531 0.0010858327052516664
1103.0 6.954602774274907 0.0010858327052516664
1104.0 6.960907944514503 0.0010858327052516664
1105.0 6.967213114754099 0.0010858327052516664
1106.0 6.973518284993695 0.0010858327052516664
1107.0 6.979823455233292 0.0010858327052516664
1108.0 6.9861286254728885 0.0010858327052516664
1109.0 6.992433795712485 0.0010858327052516664
1110.0 6.998738965952082 0.0010858327052516664
1111.0 7.005044136191677 0.0010858327052516664
1112.0 7.011349306431274 0.0010858327052516664
1113.0 7.01765447667087 0.0010858327052516664
1114.0 7.023959646910467 0.0010858327052516664
1115.0 7.030264817150064 0.0010858327052516664
1116.0 7.036569987389661 0.0010858327052516664
1117.0 7.042875157629256 0.0010858327052516664
1118.0 7.049180327868853 0.0010858327052516664
1119.0 7.05548549810845 0.0010858327052516664
1120.0 7.061790668348046 0.0010858327052516664
1121.0 7.0680958385876425 0.0010858327052516664
1122.0 7.074401008827239 0.0010858327052516664
1123.0 7.080706179066836 0.0010858327052516664
1124.0 7.087011349306431 0.0010858327052516664
1125.0 7.093316519546028 0.0010858327052516664
1126.0 7.099621689785625 0.0010858327052516664
1127.0 7.105926860025221 0.0010858327052516664
1128.0 7.112232030264818 0.0010858327052516664
1129.0 7.118537200504415 0.0010858327052516664
1130.0 7.12484237074401 0.0010858327052516664
1131.0 7.131147540983607 0.0010858327052516664
1132.0 7.137452711223204 0.0010858327052516664
1133.0 7.1437578814628 0.0010858327052516664
1134.0 7.150063051702396 0.0010858327052516664
1135.0 7.156368221941993 0.0010858327052516664
1136.0 7.162673392181588 0.0010858327052516664
1137.0 7.168978562421185 0.0010858327052516664
1138.0 7.175283732660782 0.0010858327052516664
1139.0 7.181588902900379 0.0010858327052516664
1140.0 7.187894073139976 0.0010858327052516664
1141.0 7.194199243379572 0.0010858327052516664
1142.0 7.200504413619169 0.0010858327052516664
1143.0 7.206809583858764 0.0010858327052516664
1144.0 7.213114754098361 0.0010858327052516664
1145.0 7.2194199243379575 0.0010858327052516664
1146.0 7.225725094577554 0.0010858327052516664
1147.0 7.232030264817151 0.0010858327052516664
1148.0 7.238335435056747 0.0010858327052516664
1149.0 7.244640605296343 0.0010858327052516664
1150.0 7.250945775535939 0.0010858327052516664
1151.0 7.257250945775536 0.0010858327052516664
1152.0 7.263556116015133 0.0010858327052516664
1153.0 7.26986128625473 0.0010858327052516664
1154.0 7.276166456494327 0.0010858327052516664
1155.0 7.282471626733923 0.0010858327052516664
1156.0 7.288776796973519 0.0010858327052516664
1157.0 7.295081967213115 0.0010858327052516664
1158.0 7.3013871374527115 0.0010858327052516664
1159.0 7.307692307692308 0.0010858327052516664
1160.0 7.313997477931905 0.0010858327052516664
1161.0 7.320302648171502 0.0010858327052516664
1162.0 7.326607818411097 0.0010858327052516664
1163.0 7.332912988650694 0.0010858327052516664
1164.0 7.33921815889029 0.0010858327052516664
1165.0 7.345523329129887 0.0010858327052516664
1166.0 7.351828499369484 0.0010858327052516664
1167.0 7.358133669609081 0.0010858327052516664
1168.0 7.3644388398486775 0.0010858327052516664
1169.0 7.370744010088273 0.0010858327052516664
1170.0 7.3770491803278695 0.0010858327052516664
1171.0 7.3833543505674655 0.0010858327052516664
1172.0 7.389659520807062 0.0010858327052516664
1173.0 7.395964691046659 0.0010858327052516664
1174.0 7.402269861286256 0.0010858327052516664
1175.0 7.408575031525851 0.0010858327052516664
1176.0 7.414880201765448 0.0010858327052516664
1177.0 7.421185372005045 0.0010858327052516664
1178.0 7.427490542244641 0.0010858327052516664
1179.0 7.433795712484238 0.0010858327052516664
1180.0 7.440100882723835 0.0010858327052516664
1181.0 7.44640605296343 0.0010858327052516664
1182.0 7.452711223203027 0.0010858327052516664
1183.0 7.4590163934426235 0.0010858327052516664
1184.0 7.46532156368222 0.0010858327052516664
1185.0 7.471626733921816 0.0010858327052516664
1186.0 7.477931904161413 0.0010858327052516664
1187.0 7.48423707440101 0.0010858327052516664
1188.0 7.490542244640605 0.0010858327052516664
1189.0 7.496847414880202 0.0010858327052516664
1190.0 7.503152585119799 0.0010858327052516664
1191.0 7.509457755359396 0.0010858327052516664
1192.0 7.515762925598992 0.0010858327052516664
1193.0 7.522068095838589 0.0010858327052516664
1194.0 7.528373266078184 0.0010858327052516664
1195.0 7.534678436317781 0.0010858327052516664
1196.0 7.540983606557377 0.0010858327052516664
1197.0 7.547288776796974 0.0010858327052516664
1198.0 7.553593947036571 0.0010858327052516664
1199.0 7.559899117276167 0.0010858327052516664
1200.0 7.566204287515763 0.0010858327052516664
1201.0 7.572509457755359 0.0010858327052516664
1202.0 7.578814627994956 0.0010858327052516664
1203.0 7.585119798234553 0.0010858327052516664
1204.0 7.59142496847415 0.0010858327052516664
1205.0 7.597730138713747 0.0010858327052516664
1206.0 7.604035308953343 0.0010858327052516664
1207.0 7.6103404791929385 0.0010858327052516664
1208.0 7.6166456494325345 0.0010858327052516664
1209.0 7.622950819672131 0.0010858327052516664
1210.0 7.629255989911728 0.0010858327052516664
1211.0 7.635561160151325 0.0010858327052516664
1212.0 7.641866330390922 0.0010858327052516664
1213.0 7.648171500630517 0.0010858327052516664
1214.0 7.654476670870114 0.0010858327052516664
1215.0 7.66078184110971 0.0010858327052516664
1216.0 7.667087011349307 0.0010858327052516664
1217.0 7.673392181588904 0.0010858327052516664
1218.0 7.6796973518285006 0.0010858327052516664
1219.0 7.686002522068097 0.0010858327052516664
1220.0 7.6923076923076925 0.0010858327052516664
1221.0 7.698612862547289 0.0010858327052516664
1222.0 7.704918032786885 0.0010858327052516664
1223.0 7.711223203026482 0.0010858327052516664
1224.0 7.717528373266079 0.0010858327052516664
1225.0 7.723833543505676 0.0010858327052516664
1226.0 7.730138713745271 0.0010858327052516664
1227.0 7.736443883984868 0.0010858327052516664
1228.0 7.742749054224465 0.0010858327052516664
1229.0 7.749054224464061 0.0010858327052516664
1230.0 7.755359394703658 0.0010858327052516664
1231.0 7.7616645649432545 0.0010858327052516664
1232.0 7.767969735182851 0.0010858327052516664
1233.0 7.7742749054224465 0.0010858327052516664
1234.0 7.780580075662043 0.0010858327052516664
1235.0 7.78688524590164 0.0010858327052516664
1236.0 7.793190416141236 0.0010858327052516664
1237.0 7.799495586380833 0.0010858327052516664
1238.0 7.80580075662043 0.0010858327052516664
1239.0 7.812105926860025 0.0010858327052516664
1240.0 7.818411097099622 0.0010858327052516664
1241.0 7.824716267339219 0.0010858327052516664
1242.0 7.831021437578816 0.0010858327052516664
1243.0 7.837326607818412 0.0010858327052516664
1244.0 7.8436317780580085 0.0010858327052516664
1245.0 7.849936948297604 0.0010858327052516664
1246.0 7.8562421185372004 0.0010858327052516664
1247.0 7.862547288776797 0.0010858327052516664
1248.0 7.868852459016394 0.0010858327052516664
1249.0 7.875157629255991 0.0010858327052516664
1250.0 7.881462799495587 0.0010858327052516664
1251.0 7.887767969735184 0.0010858327052516664
1252.0 7.894073139974779 0.0010858327052516664
1253.0 7.900378310214376 0.0010858327052516664
1254.0 7.906683480453973 0.0010858327052516664
1255.0 7.91298865069357 0.0010858327052516664
1256.0 7.9192938209331665 0.0010858327052516664
1257.0 7.9255989911727625 0.0010858327052516664
1258.0 7.931904161412358 0.0010858327052516664
1259.0 7.938209331651954 0.0010858327052516664
1260.0 7.944514501891551 0.0010858327052516664
1261.0 7.950819672131148 0.0010858327052516664
1262.0 7.957124842370745 0.0010858327052516664
1263.0 7.963430012610342 0.0010858327052516664
1264.0 7.969735182849937 0.0010858327052516664
1265.0 7.976040353089534 0.0010858327052516664
1266.0 7.98234552332913 0.0010858327052516664
1267.0 7.988650693568727 0.0010858327052516664
1268.0 7.994955863808324 0.0010858327052516664
1269.0 8.00126103404792 0.0010858327052516664
1270.0 8.007566204287517 0.0010858327052516664
1271.0 8.013871374527112 0.0010858327052516664
1272.0 8.02017654476671 0.0010858327052516664
1273.0 8.026481715006305 0.0010858327052516664
1274.0 8.032786885245903 0.0010858327052516664
1275.0 8.039092055485499 0.0010858327052516664
1276.0 8.045397225725095 0.0010858327052516664
1277.0 8.051702395964691 0.0010858327052516664
1278.0 8.058007566204287 0.0010858327052516664
1279.0 8.064312736443885 0.0010858327052516664
1280.0 8.07061790668348 0.0010858327052516664
1281.0 8.076923076923078 0.0010858327052516664
1282.0 8.083228247162674 0.0010858327052516664
1283.0 8.08953341740227 0.0010858327052516664
1284.0 8.095838587641866 0.0010858327052516664
1285.0 8.102143757881462 0.0010858327052516664
1286.0 8.10844892812106 0.0010858327052516664
1287.0 8.114754098360656 0.0010858327052516664
1288.0 8.121059268600254 0.0010858327052516664
1289.0 8.12736443883985 0.0010858327052516664
1290.0 8.133669609079446 0.0010858327052516664
1291.0 8.139974779319042 0.0010858327052516664
1292.0 8.146279949558638 0.0010858327052516664
1293.0 8.152585119798236 0.0010858327052516664
1294.0 8.158890290037832 0.0010858327052516664
1295.0 8.16519546027743 0.0010858327052516664
1296.0 8.171500630517025 0.0010858327052516664
1297.0 8.177805800756621 0.0010858327052516664
1298.0 8.184110970996217 0.0010858327052516664
1299.0 8.190416141235813 0.0010858327052516664
1300.0 8.196721311475411 0.0010858327052516664
1301.0 8.203026481715007 0.0010858327052516664
1302.0 8.209331651954605 0.0010858327052516664
1303.0 8.215636822194199 0.0010858327052516664
1304.0 8.221941992433797 0.0010858327052516664
1305.0 8.228247162673393 0.0010858327052516664
1306.0 8.234552332912989 0.0010858327052516664
1307.0 8.240857503152586 0.0010858327052516664
1308.0 8.247162673392182 0.0010858327052516664
1309.0 8.253467843631778 0.0010858327052516664
1310.0 8.259773013871374 0.0010858327052516664
1311.0 8.266078184110972 0.0010858327052516664
1312.0 8.272383354350568 0.0010858327052516664
1313.0 8.278688524590164 0.0010858327052516664
1314.0 8.284993694829762 0.0010858327052516664
1315.0 8.291298865069358 0.0010858327052516664
1316.0 8.297604035308954 0.0010858327052516664
1317.0 8.30390920554855 0.0010858327052516664
1318.0 8.310214375788147 0.0010858327052516664
1319.0 8.316519546027743 0.0010858327052516664
1320.0 8.32282471626734 0.0010858327052516664
1321.0 8.329129886506937 0.0010858327052516664
1322.0 8.335435056746531 0.0010858327052516664
1323.0 8.34174022698613 0.0010858327052516664
1324.0 8.348045397225725 0.0010858327052516664
1325.0 8.354350567465323 0.0010858327052516664
1326.0 8.360655737704919 0.0010858327052516664
1327.0 8.366960907944515 0.0010858327052516664
1328.0 8.37326607818411 0.0010858327052516664
1329.0 8.379571248423707 0.0010858327052516664
1330.0 8.385876418663305 0.0010858327052516664
1331.0 8.3921815889029 0.0010858327052516664
1332.0 8.398486759142498 0.0010858327052516664
1333.0 8.404791929382094 0.0010858327052516664
1334.0 8.41109709962169 0.0010858327052516664
1335.0 8.417402269861286 0.0010858327052516664
1336.0 8.423707440100882 0.0010858327052516664
1337.0 8.43001261034048 0.0010858327052516664
1338.0 8.436317780580076 0.0010858327052516664
1339.0 8.442622950819674 0.0010858327052516664
1340.0 8.44892812105927 0.0010858327052516664
1341.0 8.455233291298866 0.0010858327052516664
1342.0 8.461538461538462 0.0010858327052516664
1343.0 8.467843631778058 0.0010858327052516664
1344.0 8.474148802017655 0.0010858327052516664
1345.0 8.480453972257251 0.0010858327052516664
1346.0 8.48675914249685 0.0010858327052516664
1347.0 8.493064312736445 0.0010858327052516664
1348.0 8.499369482976041 0.0010858327052516664
1349.0 8.505674653215637 0.0010858327052516664
1350.0 8.511979823455233 0.0010858327052516664
1351.0 8.51828499369483 0.0010858327052516664
1352.0 8.524590163934427 0.0010858327052516664
1353.0 8.530895334174025 0.0010858327052516664
1354.0 8.537200504413619 0.0010858327052516664
1355.0 8.543505674653217 0.0010858327052516664
1356.0 8.549810844892813 0.0010858327052516664
1357.0 8.556116015132408 0.0010858327052516664
1358.0 8.562421185372006 0.0010858327052516664
1359.0 8.568726355611602 0.0010858327052516664
1360.0 8.5750315258512 0.0010858327052516664
1361.0 8.581336696090794 0.0010858327052516664
1362.0 8.587641866330392 0.0010858327052516664
1363.0 8.593947036569988 0.0010858327052516664
1364.0 8.600252206809584 0.0010858327052516664
1365.0 8.606557377049182 0.0010858327052516664
1366.0 8.612862547288778 0.0010858327052516664
1367.0 8.619167717528374 0.0010858327052516664
1368.0 8.62547288776797 0.0010858327052516664
1369.0 8.631778058007567 0.0010858327052516664
1370.0 8.638083228247163 0.0010858327052516664
1371.0 8.64438839848676 0.0010858327052516664
1372.0 8.650693568726357 0.0010858327052516664
1373.0 8.656998738965951 0.0010858327052516664
1374.0 8.663303909205549 0.0010858327052516664
1375.0 8.669609079445145 0.0010858327052516664
1376.0 8.675914249684743 0.0010858327052516664
1377.0 8.682219419924339 0.0010858327052516664
1378.0 8.688524590163935 0.0010858327052516664
1379.0 8.694829760403533 0.0010858327052516664
1380.0 8.701134930643127 0.0010858327052516664
1381.0 8.707440100882724 0.0010858327052516664
1382.0 8.71374527112232 0.0010858327052516664
1383.0 8.720050441361918 0.0010858327052516664
1384.0 8.726355611601514 0.0010858327052516664
1385.0 8.73266078184111 0.0010858327052516664
1386.0 8.738965952080706 0.0010858327052516664
1387.0 8.745271122320302 0.0010858327052516664
1388.0 8.7515762925599 0.0010858327052516664
1389.0 8.757881462799496 0.0010858327052516664
1390.0 8.764186633039094 0.0010858327052516664
1391.0 8.77049180327869 0.0010858327052516664
1392.0 8.776796973518286 0.0010858327052516664
1393.0 8.783102143757882 0.0010858327052516664
1394.0 8.789407313997478 0.0010858327052516664
1395.0 8.795712484237075 0.0010858327052516664
1396.0 8.802017654476671 0.0010858327052516664
1397.0 8.808322824716269 0.0010858327052516664
1398.0 8.814627994955865 0.0010858327052516664
1399.0 8.820933165195461 0.0010858327052516664
1400.0 8.827238335435057 0.0010858327052516664
1401.0 8.833543505674653 0.0010858327052516664
1402.0 8.83984867591425 0.0010858327052516664
1403.0 8.846153846153847 0.0005429163526258332
1404.0 8.852459016393444 0.0005429163526258332
1405.0 8.858764186633039 0.0005429163526258332
1406.0 8.865069356872636 0.0005429163526258332
1407.0 8.871374527112232 0.0005429163526258332
1408.0 8.877679697351828 0.0005429163526258332
1409.0 8.883984867591426 0.0005429163526258332
1410.0 8.890290037831022 0.0005429163526258332
1411.0 8.89659520807062 0.0005429163526258332
1412.0 8.902900378310214 0.0005429163526258332
1413.0 8.909205548549812 0.0005429163526258332
1414.0 8.915510718789408 0.0005429163526258332
1415.0 8.921815889029004 0.0005429163526258332
1416.0 8.928121059268602 0.0005429163526258332
1417.0 8.934426229508198 0.0005429163526258332
1418.0 8.940731399747794 0.0005429163526258332
1419.0 8.94703656998739 0.0005429163526258332
1420.0 8.953341740226987 0.0005429163526258332
1421.0 8.959646910466583 0.0005429163526258332
1422.0 8.96595208070618 0.0005429163526258332
1423.0 8.972257250945777 0.0005429163526258332
1424.0 8.978562421185373 0.0005429163526258332
1425.0 8.984867591424969 0.0005429163526258332
1426.0 8.991172761664565 0.0005429163526258332
1427.0 8.997477931904163 0.0005429163526258332
1428.0 9.003783102143759 0.0005429163526258332
1429.0 9.010088272383355 0.0005429163526258332
1430.0 9.016393442622952 0.0005429163526258332
1431.0 9.022698612862547 0.0005429163526258332
1432.0 9.029003783102144 0.0005429163526258332
1433.0 9.03530895334174 0.0005429163526258332
1434.0 9.041614123581338 0.0005429163526258332
1435.0 9.047919293820934 0.0005429163526258332
1436.0 9.05422446406053 0.0005429163526258332
1437.0 9.060529634300126 0.0005429163526258332
1438.0 9.066834804539722 0.0005429163526258332
1439.0 9.07313997477932 0.0005429163526258332
1440.0 9.079445145018916 0.0005429163526258332
1441.0 9.085750315258514 0.0005429163526258332
1442.0 9.09205548549811 0.0005429163526258332
1443.0 9.098360655737705 0.0005429163526258332
1444.0 9.104665825977301 0.0005429163526258332
1445.0 9.110970996216897 0.0005429163526258332
1446.0 9.117276166456495 0.0005429163526258332
1447.0 9.123581336696091 0.0005429163526258332
1448.0 9.129886506935689 0.0005429163526258332
1449.0 9.136191677175285 0.0005429163526258332
1450.0 9.142496847414881 0.0005429163526258332
1451.0 9.148802017654477 0.0005429163526258332
1452.0 9.155107187894073 0.0005429163526258332
1453.0 9.16141235813367 0.0005429163526258332
1454.0 9.167717528373267 0.0005429163526258332
1455.0 9.174022698612864 0.0005429163526258332
1456.0 9.180327868852459 0.0005429163526258332
1457.0 9.186633039092056 0.0005429163526258332
1458.0 9.192938209331652 0.0005429163526258332
1459.0 9.199243379571248 0.0005429163526258332
1460.0 9.205548549810846 0.0005429163526258332
1461.0 9.211853720050442 0.0005429163526258332
1462.0 9.21815889029004 0.0005429163526258332
1463.0 9.224464060529634 0.0005429163526258332
1464.0 9.230769230769232 0.0005429163526258332
1465.0 9.237074401008828 0.0005429163526258332
1466.0 9.243379571248424 0.0005429163526258332
1467.0 9.249684741488021 0.0005429163526258332
1468.0 9.255989911727617 0.0005429163526258332
1469.0 9.262295081967213 0.0005429163526258332
1470.0 9.26860025220681 0.0005429163526258332
1471.0 9.274905422446407 0.0005429163526258332
1472.0 9.281210592686003 0.0005429163526258332
1473.0 9.287515762925599 0.0005429163526258332
1474.0 9.293820933165197 0.0005429163526258332
1475.0 9.300126103404793 0.0005429163526258332
1476.0 9.306431273644389 0.0005429163526258332
1477.0 9.312736443883985 0.0005429163526258332
1478.0 9.319041614123583 0.0005429163526258332
1479.0 9.325346784363179 0.0005429163526258332
1480.0 9.331651954602775 0.0005429163526258332
1481.0 9.337957124842372 0.0005429163526258332
1482.0 9.344262295081966 0.0005429163526258332
1483.0 9.350567465321564 0.0005429163526258332
1484.0 9.35687263556116 0.0005429163526258332
1485.0 9.363177805800758 0.0005429163526258332
1486.0 9.369482976040354 0.0005429163526258332
1487.0 9.37578814627995 0.0005429163526258332
1488.0 9.382093316519548 0.0005429163526258332
1489.0 9.388398486759142 0.0005429163526258332
1490.0 9.39470365699874 0.0005429163526258332
1491.0 9.401008827238336 0.0005429163526258332
1492.0 9.407313997477933 0.0005429163526258332
1493.0 9.41361916771753 0.0005429163526258332
1494.0 9.419924337957125 0.0005429163526258332
1495.0 9.426229508196721 0.0005429163526258332
1496.0 9.432534678436317 0.0005429163526258332
1497.0 9.438839848675915 0.0005429163526258332
1498.0 9.445145018915511 0.0005429163526258332
1499.0 9.451450189155109 0.0005429163526258332
1500.0 9.457755359394705 0.0005429163526258332
1501.0 9.4640605296343 0.0005429163526258332
1502.0 9.470365699873897 0.0005429163526258332
1503.0 9.476670870113493 0.0005429163526258332
1504.0 9.48297604035309 0.0005429163526258332
1505.0 9.489281210592686 0.0005429163526258332
1506.0 9.495586380832284 0.0005429163526258332
1507.0 9.50189155107188 0.0005429163526258332
1508.0 9.508196721311476 0.0005429163526258332
1509.0 9.514501891551072 0.0005429163526258332
1510.0 9.520807061790668 0.0005429163526258332
1511.0 9.527112232030266 0.0005429163526258332
1512.0 9.533417402269862 0.0005429163526258332
1513.0 9.53972257250946 0.0005429163526258332
1514.0 9.546027742749054 0.0005429163526258332
1515.0 9.552332912988652 0.0005429163526258332
1516.0 9.558638083228248 0.0005429163526258332
1517.0 9.564943253467844 0.0005429163526258332
1518.0 9.571248423707441 0.0005429163526258332
1519.0 9.577553593947037 0.0005429163526258332
1520.0 9.583858764186633 0.0005429163526258332
1521.0 9.59016393442623 0.0005429163526258332
1522.0 9.596469104665827 0.0005429163526258332
1523.0 9.602774274905423 0.0005429163526258332
1524.0 9.60907944514502 0.0005429163526258332
1525.0 9.615384615384617 0.0005429163526258332
1526.0 9.621689785624213 0.0005429163526258332
1527.0 9.627994955863809 0.0005429163526258332
1528.0 9.634300126103405 0.0005429163526258332
1529.0 9.640605296343002 0.0005429163526258332
1530.0 9.646910466582598 0.0005429163526258332
1531.0 9.653215636822196 0.0005429163526258332
1532.0 9.659520807061792 0.0005429163526258332
1533.0 9.665825977301388 0.0005429163526258332
1534.0 9.672131147540984 0.0005429163526258332
1535.0 9.67843631778058 0.0005429163526258332
1536.0 9.684741488020178 0.0005429163526258332
1537.0 9.691046658259774 0.0005429163526258332
1538.0 9.697351828499372 0.0005429163526258332
1539.0 9.703656998738968 0.0005429163526258332
1540.0 9.709962168978564 0.0005429163526258332
1541.0 9.71626733921816 0.0005429163526258332
1542.0 9.722572509457756 0.0005429163526258332
1543.0 9.728877679697353 0.0005429163526258332
1544.0 9.73518284993695 0.0005429163526258332
1545.0 9.741488020176547 0.0005429163526258332
1546.0 9.747793190416141 0.0005429163526258332
1547.0 9.754098360655739 0.0005429163526258332
1548.0 9.760403530895335 0.0005429163526258332
1549.0 9.766708701134931 0.0005429163526258332
1550.0 9.773013871374529 0.0005429163526258332
1551.0 9.779319041614125 0.0005429163526258332
1552.0 9.785624211853722 0.0005429163526258332
1553.0 9.791929382093317 0.0005429163526258332
1554.0 9.798234552332914 0.0005429163526258332
1555.0 9.80453972257251 0.0005429163526258332
1556.0 9.810844892812106 0.0005429163526258332
1557.0 9.817150063051704 0.0005429163526258332
1558.0 9.8234552332913 0.0005429163526258332
1559.0 9.829760403530896 0.0005429163526258332
1560.0 9.836065573770492 0.0005429163526258332
1561.0 9.84237074401009 0.0005429163526258332
1562.0 9.848675914249686 0.0005429163526258332
1563.0 9.854981084489282 0.0005429163526258332
1564.0 9.86128625472888 0.0005429163526258332
1565.0 9.867591424968474 0.0005429163526258332
1566.0 9.873896595208072 0.0005429163526258332
1567.0 9.880201765447667 0.0005429163526258332
1568.0 9.886506935687265 0.0005429163526258332
1569.0 9.892812105926861 0.0005429163526258332
1570.0 9.899117276166457 0.0005429163526258332
1571.0 9.905422446406055 0.0005429163526258332
1572.0 9.91172761664565 0.0005429163526258332
1573.0 9.918032786885247 0.0005429163526258332
1574.0 9.924337957124843 0.0005429163526258332
1575.0 9.93064312736444 0.0005429163526258332
1576.0 9.936948297604037 0.0005429163526258332
1577.0 9.943253467843633 0.0005429163526258332
1578.0 9.949558638083229 0.0005429163526258332
1579.0 9.955863808322825 0.0005429163526258332
1580.0 9.962168978562422 0.0005429163526258332
1581.0 9.968474148802018 0.0005429163526258332
1582.0 9.974779319041616 0.0005429163526258332
1583.0 9.981084489281212 0.0005429163526258332
1584.0 9.987389659520808 0.0005429163526258332
1585.0 9.993694829760404 0.0005429163526258332
1586.0 10.0 0.0005429163526258332
