1.0 0.0058445353594389245 0.04017581009430807
2.0 0.011689070718877849 0.026059984926037602
3.0 0.017533606078316773 0.024974152220786236
4.0 0.023378141437755698 0.017373323284025168
5.0 0.029222676797194626 0.016287490578773652
6.0 0.03506721215663355 0.013572908815644784
7.0 0.040911747516072475 0.013029992463018801
8.0 0.046756282875511396 0.012487076110392967
9.0 0.052600818234950324 0.011944159757767284
10.0 0.05844535359438925 0.01140124340514145
11.0 0.06428988895382817 0.010315410699889935
12.0 0.0701344243132671 0.0097724943472641
13.0 0.07597895967270601 0.009229577994638267
14.0 0.08182349503214495 0.0097724943472641
15.0 0.08766803039158387 0.00814374528938675
16.0 0.09351256575102279 0.007600828936761067
17.0 0.09935710111046173 0.007057912584135234
18.0 0.10520163646990065 0.0065149962315094005
19.0 0.11104617182933957 0.005972079878883717
20.0 0.1168907071887785 0.005972079878883717
21.0 0.12273524254821742 0.005972079878883717
22.0 0.12857977790765635 0.00651499623150955
23.0 0.13442431326709525 0.005972079878883717
24.0 0.1402688486265342 0.005972079878883717
25.0 0.14611338398597312 0.0054291635262578835
26.0 0.15195791934541203 0.0054291635262578835
27.0 0.157802454704851 0.0054291635262578835
28.0 0.1636469900642899 0.0054291635262578835
29.0 0.1694915254237288 0.00488624717363205
30.0 0.17533606078316774 0.00488624717363205
31.0 0.18118059614260668 0.004343330821006217
32.0 0.18702513150204558 0.004343330821006217
33.0 0.19286966686148452 0.004343330821006217
34.0 0.19871420222092345 0.0038004144683803837
35.0 0.20455873758036236 0.004343330821006217
36.0 0.2104032729398013 0.0038004144683803837
37.0 0.2162478082992402 0.0038004144683803837
38.0 0.22209234365867914 0.0038004144683803837
39.0 0.22793687901811804 0.0038004144683803837
40.0 0.233781414377557 0.0038004144683803837
41.0 0.2396259497369959 0.0038004144683803837
42.0 0.24547048509643485 0.0038004144683803837
43.0 0.2513150204558738 0.0038004144683803837
44.0 0.2571595558153127 0.0038004144683803837
45.0 0.2630040911747516 0.0032574981157547003
46.0 0.2688486265341905 0.0032574981157547003
47.0 0.27469316189362947 0.0032574981157547003
48.0 0.2805376972530684 0.0032574981157547003
49.0 0.28638223261250734 0.0032574981157547003
50.0 0.29222676797194624 0.0032574981157547003
51.0 0.29807130333138515 0.0032574981157547003
52.0 0.30391583869082406 0.0032574981157547003
53.0 0.309760374050263 0.0032574981157547003
54.0 0.315604909409702 0.0027145817631290168
55.0 0.3214494447691409 0.0027145817631290168
56.0 0.3272939801285798 0.0027145817631290168
57.0 0.3331385154880187 0.0027145817631290168
58.0 0.3389830508474576 0.0027145817631290168
59.0 0.3448275862068966 0.0027145817631290168
60.0 0.3506721215663355 0.0027145817631290168
61.0 0.35651665692577444 0.0027145817631290168
62.0 0.36236119228521335 0.0027145817631290168
63.0 0.36820572764465226 0.0027145817631290168
64.0 0.37405026300409117 0.0027145817631290168
65.0 0.37989479836353013 0.0027145817631290168
66.0 0.38573933372296904 0.0027145817631290168
67.0 0.39158386908240794 0.0027145817631290168
68.0 0.3974284044418469 0.0027145817631290168
69.0 0.4032729398012858 0.0027145817631290168
70.0 0.4091174751607247 0.0027145817631290168
71.0 0.4149620105201637 0.0027145817631290168
72.0 0.4208065458796026 0.0027145817631290168
73.0 0.4266510812390415 0.0027145817631290168
74.0 0.4324956165984804 0.0027145817631290168
75.0 0.4383401519579193 0.0027145817631290168
76.0 0.4441846873173583 0.0027145817631290168
77.0 0.4500292226767972 0.0027145817631290168
78.0 0.4558737580362361 0.0027145817631290168
79.0 0.4617182933956751 0.0027145817631290168
80.0 0.467562828755114 0.0027145817631290168
81.0 0.4734073641145529 0.0027145817631290168
82.0 0.4792518994739918 0.0027145817631290168
83.0 0.4850964348334308 0.0027145817631290168
84.0 0.4909409701928697 0.0027145817631290168
85.0 0.4967855055523086 0.0027145817631290168
86.0 0.5026300409117476 0.0027145817631290168
87.0 0.5084745762711864 0.0027145817631290168
88.0 0.5143191116306254 0.0027145817631290168
89.0 0.5201636469900642 0.0027145817631290168
90.0 0.5260081823495032 0.0027145817631290168
91.0 0.5318527177089422 0.0027145817631290168
92.0 0.537697253068381 0.0027145817631290168
93.0 0.5435417884278201 0.0027145817631290168
94.0 0.5493863237872589 0.0027145817631290168
95.0 0.5552308591466979 0.0027145817631290168
96.0 0.5610753945061367 0.0027145817631290168
97.0 0.5669199298655757 0.0027145817631290168
98.0 0.5727644652250147 0.0027145817631290168
99.0 0.5786090005844535 0.0027145817631290168
100.0 0.5844535359438925 0.0027145817631290168
101.0 0.5902980713033313 0.0027145817631290168
102.0 0.5961426066627703 0.0027145817631290168
103.0 0.6019871420222093 0.0027145817631290168
104.0 0.6078316773816481 0.0027145817631290168
105.0 0.6136762127410871 0.0027145817631290168
106.0 0.619520748100526 0.0027145817631290168
107.0 0.625365283459965 0.0027145817631290168
108.0 0.631209818819404 0.0027145817631290168
109.0 0.6370543541788428 0.0027145817631290168
110.0 0.6428988895382818 0.0021716654105031832
111.0 0.6487434248977206 0.0027145817631290168
112.0 0.6545879602571596 0.0021716654105031832
113.0 0.6604324956165986 0.0021716654105031832
114.0 0.6662770309760374 0.0021716654105031832
115.0 0.6721215663354764 0.0021716654105031832
116.0 0.6779661016949152 0.0021716654105031832
117.0 0.6838106370543542 0.0021716654105031832
118.0 0.6896551724137931 0.0021716654105031832
119.0 0.695499707773232 0.0021716654105031832
120.0 0.701344243132671 0.0021716654105031832
121.0 0.7071887784921099 0.0021716654105031832
122.0 0.7130333138515489 0.0021716654105031832
123.0 0.7188778492109877 0.0021716654105031832
124.0 0.7247223845704267 0.0021716654105031832
125.0 0.7305669199298657 0.0021716654105031832
126.0 0.7364114552893045 0.0021716654105031832
127.0 0.7422559906487435 0.0021716654105031832
128.0 0.7481005260081823 0.0021716654105031832
129.0 0.7539450613676213 0.0021716654105031832
130.0 0.7597895967270603 0.0021716654105031832
131.0 0.7656341320864991 0.0021716654105031832
132.0 0.7714786674459381 0.0021716654105031832
133.0 0.7773232028053769 0.0021716654105031832
134.0 0.7831677381648159 0.0021716654105031832
135.0 0.7890122735242548 0.0021716654105031832
136.0 0.7948568088836938 0.0021716654105031832
137.0 0.8007013442431327 0.0021716654105031832
138.0 0.8065458796025716 0.0021716654105031832
139.0 0.8123904149620105 0.0021716654105031832
140.0 0.8182349503214494 0.0021716654105031832
141.0 0.8240794856808883 0.0021716654105031832
142.0 0.8299240210403274 0.0021716654105031832
143.0 0.8357685563997663 0.0021716654105031832
144.0 0.8416130917592052 0.0021716654105031832
145.0 0.8474576271186441 0.0021716654105031832
146.0 0.853302162478083 0.0021716654105031832
147.0 0.859146697837522 0.0021716654105031832
148.0 0.8649912331969608 0.0021716654105031832
149.0 0.8708357685563999 0.0021716654105031832
150.0 0.8766803039158386 0.0021716654105031832
151.0 0.8825248392752777 0.0021716654105031832
152.0 0.8883693746347165 0.0021716654105031832
153.0 0.8942139099941555 0.0021716654105031832
154.0 0.9000584453535944 0.0021716654105031832
155.0 0.9059029807130333 0.0021716654105031832
156.0 0.9117475160724722 0.0021716654105031832
157.0 0.9175920514319111 0.0021716654105031832
158.0 0.9234365867913502 0.0021716654105031832
159.0 0.9292811221507891 0.0021716654105031832
160.0 0.935125657510228 0.0021716654105031832
161.0 0.9409701928696669 0.0021716654105031832
162.0 0.9468147282291058 0.0021716654105031832
163.0 0.9526592635885447 0.0021716654105031832
164.0 0.9585037989479837 0.0021716654105031832
165.0 0.9643483343074225 0.0021716654105031832
166.0 0.9701928696668616 0.0021716654105031832
167.0 0.9760374050263003 0.0021716654105031832
168.0 0.9818819403857394 0.0021716654105031832
169.0 0.9877264757451782 0.0021716654105031832
170.0 0.9935710111046172 0.0021716654105031832
171.0 0.9994155464640562 0.0021716654105031832
172.0 1.0052600818234951 0.0021716654105031832
173.0 1.011104617182934 0.0021716654105031832
174.0 1.0169491525423728 0.0021716654105031832
175.0 1.0227936879018118 0.0021716654105031832
176.0 1.0286382232612508 0.0016287490578773501
177.0 1.0344827586206897 0.0016287490578773501
178.0 1.0403272939801285 0.0021716654105031832
179.0 1.0461718293395676 0.0021716654105031832
180.0 1.0520163646990064 0.0021716654105031832
181.0 1.0578609000584454 0.0021716654105031832
182.0 1.0637054354178843 0.0021716654105031832
183.0 1.0695499707773233 0.0021716654105031832
184.0 1.075394506136762 0.0021716654105031832
185.0 1.081239041496201 0.0016287490578773501
186.0 1.0870835768556402 0.0016287490578774998
187.0 1.092928112215079 0.0016287490578773501
188.0 1.0987726475745179 0.0016287490578773501
189.0 1.1046171829339568 0.0016287490578773501
190.0 1.1104617182933958 0.0016287490578773501
191.0 1.1163062536528345 0.0016287490578773501
192.0 1.1221507890122735 0.0016287490578773501
193.0 1.1279953243717125 0.0016287490578773501
194.0 1.1338398597311514 0.0010858327052516664
195.0 1.1396843950905902 0.0010858327052516664
196.0 1.1455289304500293 0.0016287490578773501
197.0 1.151373465809468 0.0016287490578773501
198.0 1.157218001168907 0.0016287490578773501
199.0 1.163062536528346 0.0016287490578773501
200.0 1.168907071887785 0.0010858327052516664
201.0 1.174751607247224 0.0016287490578773501
202.0 1.1805961426066627 0.0010858327052516664
203.0 1.1864406779661019 0.0016287490578773501
204.0 1.1922852133255406 0.0010858327052516664
205.0 1.1981297486849796 0.0010858327052516664
206.0 1.2039742840444185 0.0010858327052516664
207.0 1.2098188194038575 0.0010858327052516664
208.0 1.2156633547632962 0.0010858327052516664
209.0 1.2215078901227354 0.0010858327052516664
210.0 1.2273524254821742 0.0010858327052516664
211.0 1.2331969608416131 0.0010858327052516664
212.0 1.239041496201052 0.0010858327052516664
213.0 1.244886031560491 0.0016287490578773501
214.0 1.25073056691993 0.0016287490578773501
215.0 1.2565751022793687 0.0016287490578773501
216.0 1.262419637638808 0.0016287490578773501
217.0 1.2682641729982467 0.0010858327052516664
218.0 1.2741087083576856 0.0016287490578773501
219.0 1.2799532437171246 0.0016287490578773501
220.0 1.2857977790765636 0.0016287490578773501
221.0 1.2916423144360023 0.0016287490578773501
222.0 1.2974868497954413 0.0016287490578773501
223.0 1.3033313851548802 0.0016287490578773501
224.0 1.3091759205143192 0.0016287490578773501
225.0 1.315020455873758 0.0016287490578773501
226.0 1.3208649912331971 0.0016287490578773501
227.0 1.3267095265926359 0.0016287490578773501
228.0 1.3325540619520748 0.0016287490578773501
229.0 1.3383985973115138 0.0016287490578773501
230.0 1.3442431326709527 0.0016287490578773501
231.0 1.3500876680303917 0.0016287490578773501
232.0 1.3559322033898304 0.0016287490578773501
233.0 1.3617767387492696 0.0016287490578773501
234.0 1.3676212741087084 0.0016287490578773501
235.0 1.3734658094681473 0.0016287490578773501
236.0 1.3793103448275863 0.0016287490578773501
237.0 1.3851548801870253 0.0016287490578773501
238.0 1.390999415546464 0.0016287490578773501
239.0 1.396843950905903 0.0016287490578773501
240.0 1.402688486265342 0.0016287490578773501
241.0 1.408533021624781 0.0016287490578773501
242.0 1.4143775569842199 0.0016287490578773501
243.0 1.4202220923436588 0.0016287490578773501
244.0 1.4260666277030978 0.0016287490578773501
245.0 1.4319111630625365 0.0016287490578773501
246.0 1.4377556984219755 0.0016287490578773501
247.0 1.4436002337814144 0.0016287490578773501
248.0 1.4494447691408534 0.0016287490578773501
249.0 1.4552893045002921 0.0016287490578773501
250.0 1.4611338398597313 0.0016287490578773501
251.0 1.46697837521917 0.0016287490578773501
252.0 1.472822910578609 0.0016287490578773501
253.0 1.478667445938048 0.0016287490578773501
254.0 1.484511981297487 0.0016287490578773501
255.0 1.4903565166569257 0.0016287490578773501
256.0 1.4962010520163647 0.0016287490578773501
257.0 1.5020455873758038 0.0016287490578773501
258.0 1.5078901227352426 0.0016287490578773501
259.0 1.5137346580946816 0.0010858327052516664
260.0 1.5195791934541205 0.0016287490578773501
261.0 1.5254237288135595 0.0010858327052516664
262.0 1.5312682641729982 0.0010858327052516664
263.0 1.5371127995324372 0.0010858327052516664
264.0 1.5429573348918761 0.0010858327052516664
265.0 1.548801870251315 0.0010858327052516664
266.0 1.5546464056107538 0.0010858327052516664
267.0 1.560490940970193 0.0016287490578773501
268.0 1.5663354763296318 0.0016287490578773501
269.0 1.5721800116890707 0.0010858327052516664
270.0 1.5780245470485097 0.0010858327052516664
271.0 1.5838690824079487 0.0010858327052516664
272.0 1.5897136177673876 0.0010858327052516664
273.0 1.5955581531268264 0.0010858327052516664
274.0 1.6014026884862653 0.0010858327052516664
275.0 1.6072472238457043 0.0010858327052516664
276.0 1.6130917592051432 0.0010858327052516664
277.0 1.6189362945645822 0.0010858327052516664
278.0 1.624780829924021 0.0010858327052516664
279.0 1.63062536528346 0.0010858327052516664
280.0 1.6364699006428989 0.0010858327052516664
281.0 1.642314436002338 0.0010858327052516664
282.0 1.6481589713617766 0.0010858327052516664
283.0 1.6540035067212155 0.0010858327052516664
284.0 1.6598480420806547 0.0010858327052516664
285.0 1.6656925774400937 0.0010858327052516664
286.0 1.6715371127995327 0.0010858327052516664
287.0 1.6773816481589714 0.0010858327052516664
288.0 1.6832261835184104 0.0010858327052516664
289.0 1.6890707188778493 0.0010858327052516664
290.0 1.6949152542372883 0.0010858327052516664
291.0 1.700759789596727 0.0010858327052516664
292.0 1.706604324956166 0.0010858327052516664
293.0 1.712448860315605 0.0010858327052516664
294.0 1.718293395675044 0.0010858327052516664
295.0 1.7241379310344827 0.0010858327052516664
296.0 1.7299824663939216 0.0010858327052516664
297.0 1.7358270017533606 0.0010858327052516664
298.0 1.7416715371127998 0.0010858327052516664
299.0 1.7475160724722387 0.0010858327052516664
300.0 1.7533606078316772 0.0010858327052516664
301.0 1.7592051431911164 0.0010858327052516664
302.0 1.7650496785505554 0.0010858327052516664
303.0 1.7708942139099944 0.0010858327052516664
304.0 1.776738749269433 0.0010858327052516664
305.0 1.782583284628872 0.0010858327052516664
306.0 1.788427819988311 0.0010858327052516664
307.0 1.79427235534775 0.0010858327052516664
308.0 1.8001168907071887 0.0010858327052516664
309.0 1.8059614260666277 0.0010858327052516664
310.0 1.8118059614260666 0.0010858327052516664
311.0 1.8176504967855056 0.0010858327052516664
312.0 1.8234950321449443 0.0010858327052516664
313.0 1.8293395675043833 0.0010858327052516664
314.0 1.8351841028638223 0.0010858327052516664
315.0 1.8410286382232615 0.0010858327052516664
316.0 1.8468731735827004 0.0010858327052516664
317.0 1.852717708942139 0.0010858327052516664
318.0 1.8585622443015781 0.0010858327052516664
319.0 1.864406779661017 0.0010858327052516664
320.0 1.870251315020456 0.0010858327052516664
321.0 1.8760958503798948 0.0010858327052516664
322.0 1.8819403857393338 0.0010858327052516664
323.0 1.8877849210987727 0.0010858327052516664
324.0 1.8936294564582117 0.0010858327052516664
325.0 1.8994739918176504 0.0010858327052516664
326.0 1.9053185271770894 0.0010858327052516664
327.0 1.9111630625365283 0.0010858327052516664
328.0 1.9170075978959673 0.0010858327052516664
329.0 1.9228521332554065 0.0010858327052516664
330.0 1.928696668614845 0.0010858327052516664
331.0 1.934541203974284 0.0010858327052516664
332.0 1.9403857393337232 0.0010858327052516664
333.0 1.9462302746931621 0.0010858327052516664
334.0 1.9520748100526006 0.0010858327052516664
335.0 1.9579193454120398 0.0010858327052516664
336.0 1.9637638807714788 0.0010858327052516664
337.0 1.9696084161309177 0.0010858327052516664
338.0 1.9754529514903565 0.0010858327052516664
339.0 1.9812974868497955 0.0010858327052516664
340.0 1.9871420222092344 0.0010858327052516664
341.0 1.9929865575686734 0.0010858327052516664
342.0 1.9988310929281123 0.0010858327052516664
343.0 2.004675628287551 0.0010858327052516664
344.0 2.0105201636469903 0.0010858327052516664
345.0 2.016364699006429 0.0010858327052516664
346.0 2.022209234365868 0.0010858327052516664
347.0 2.028053769725307 0.0010858327052516664
348.0 2.0338983050847457 0.0010858327052516664
349.0 2.039742840444185 0.0010858327052516664
350.0 2.0455873758036236 0.0010858327052516664
351.0 2.0514319111630623 0.0010858327052516664
352.0 2.0572764465225015 0.0010858327052516664
353.0 2.0631209818819403 0.0010858327052516664
354.0 2.0689655172413794 0.0010858327052516664
355.0 2.074810052600818 0.0010858327052516664
356.0 2.080654587960257 0.0010858327052516664
357.0 2.086499123319696 0.0010858327052516664
358.0 2.0923436586791353 0.0010858327052516664
359.0 2.098188194038574 0.0010858327052516664
360.0 2.104032729398013 0.0010858327052516664
361.0 2.109877264757452 0.0010858327052516664
362.0 2.1157218001168907 0.0010858327052516664
363.0 2.12156633547633 0.0010858327052516664
364.0 2.1274108708357686 0.0010858327052516664
365.0 2.1332554061952074 0.0010858327052516664
366.0 2.1390999415546466 0.0010858327052516664
367.0 2.1449444769140853 0.0010858327052516664
368.0 2.150789012273524 0.0010858327052516664
369.0 2.156633547632963 0.0010858327052516664
370.0 2.162478082992402 0.0010858327052516664
371.0 2.168322618351841 0.0010858327052516664
372.0 2.1741671537112803 0.0010858327052516664
373.0 2.1800116890707186 0.0010858327052516664
374.0 2.185856224430158 0.0010858327052516664
375.0 2.191700759789597 0.0010858327052516664
376.0 2.1975452951490357 0.0010858327052516664
377.0 2.2033898305084745 0.0010858327052516664
378.0 2.2092343658679137 0.0010858327052516664
379.0 2.2150789012273524 0.0010858327052516664
380.0 2.2209234365867916 0.0010858327052516664
381.0 2.2267679719462303 0.0010858327052516664
382.0 2.232612507305669 0.0010858327052516664
383.0 2.2384570426651083 0.0010858327052516664
384.0 2.244301578024547 0.0010858327052516664
385.0 2.250146113383986 0.0010858327052516664
386.0 2.255990648743425 0.0010858327052516664
387.0 2.2618351841028637 0.0010858327052516664
388.0 2.267679719462303 0.0010858327052516664
389.0 2.273524254821742 0.0010858327052516664
390.0 2.2793687901811803 0.0010858327052516664
391.0 2.2852133255406195 0.0010858327052516664
392.0 2.2910578609000587 0.0010858327052516664
393.0 2.2969023962594974 0.0010858327052516664
394.0 2.302746931618936 0.0010858327052516664
395.0 2.3085914669783754 0.0010858327052516664
396.0 2.314436002337814 0.0010858327052516664
397.0 2.3202805376972533 0.0010858327052516664
398.0 2.326125073056692 0.0010858327052516664
399.0 2.3319696084161308 0.0010858327052516664
400.0 2.33781414377557 0.0010858327052516664
401.0 2.3436586791350087 0.0010858327052516664
402.0 2.349503214494448 0.0010858327052516664
403.0 2.3553477498538866 0.0010858327052516664
404.0 2.3611922852133254 0.0010858327052516664
405.0 2.3670368205727645 0.0010858327052516664
406.0 2.3728813559322037 0.0010858327052516664
407.0 2.378725891291642 0.0010858327052516664
408.0 2.384570426651081 0.0010858327052516664
409.0 2.3904149620105204 0.0010858327052516664
410.0 2.396259497369959 0.0010858327052516664
411.0 2.402104032729398 0.0010858327052516664
412.0 2.407948568088837 0.0010858327052516664
413.0 2.413793103448276 0.0010858327052516664
414.0 2.419637638807715 0.0010858327052516664
415.0 2.425482174167154 0.0010858327052516664
416.0 2.4313267095265925 0.0010858327052516664
417.0 2.4371712448860317 0.0010858327052516664
418.0 2.443015780245471 0.0010858327052516664
419.0 2.4488603156049096 0.0010858327052516664
420.0 2.4547048509643483 0.0010858327052516664
421.0 2.4605493863237875 0.0010858327052516664
422.0 2.4663939216832262 0.0010858327052516664
423.0 2.4722384570426654 0.0010858327052516664
424.0 2.478082992402104 0.0010858327052516664
425.0 2.483927527761543 0.0010858327052516664
426.0 2.489772063120982 0.0010858327052516664
427.0 2.495616598480421 0.0010858327052516664
428.0 2.50146113383986 0.0010858327052516664
429.0 2.5073056691992988 0.0010858327052516664
430.0 2.5131502045587375 0.0010858327052516664
431.0 2.5189947399181767 0.0010858327052516664
432.0 2.524839275277616 0.0010858327052516664
433.0 2.530683810637054 0.0010858327052516664
434.0 2.5365283459964933 0.0010858327052516664
435.0 2.5423728813559325 0.0010858327052516664
436.0 2.5482174167153713 0.0010858327052516664
437.0 2.55406195207481 0.0010858327052516664
438.0 2.559906487434249 0.0010858327052516664
439.0 2.565751022793688 0.0010858327052516664
440.0 2.571595558153127 0.0010858327052516664
441.0 2.577440093512566 0.0010858327052516664
442.0 2.5832846288720046 0.0010858327052516664
443.0 2.589129164231444 0.0010858327052516664
444.0 2.5949736995908825 0.0010858327052516664
445.0 2.6008182349503217 0.0010858327052516664
446.0 2.6066627703097605 0.0010858327052516664
447.0 2.612507305669199 0.0010858327052516664
448.0 2.6183518410286384 0.0010858327052516664
449.0 2.6241963763880776 0.0010858327052516664
450.0 2.630040911747516 0.0010858327052516664
451.0 2.635885447106955 0.0010858327052516664
452.0 2.6417299824663942 0.0010858327052516664
453.0 2.647574517825833 0.0010858327052516664
454.0 2.6534190531852717 0.0010858327052516664
455.0 2.659263588544711 0.0010858327052516664
456.0 2.6651081239041496 0.0010858327052516664
457.0 2.670952659263589 0.0010858327052516664
458.0 2.6767971946230276 0.0010858327052516664
459.0 2.6826417299824663 0.0010858327052516664
460.0 2.6884862653419055 0.0010858327052516664
461.0 2.6943308007013442 0.0010858327052516664
462.0 2.7001753360607834 0.0010858327052516664
463.0 2.706019871420222 0.0010858327052516664
464.0 2.711864406779661 0.0010858327052516664
465.0 2.7177089421391 0.0010858327052516664
466.0 2.7235534774985393 0.0010858327052516664
467.0 2.7293980128579776 0.0010858327052516664
468.0 2.7352425482174167 0.0010858327052516664
469.0 2.741087083576856 0.0010858327052516664
470.0 2.7469316189362947 0.0010858327052516664
471.0 2.752776154295734 0.0010858327052516664
472.0 2.7586206896551726 0.0010858327052516664
473.0 2.7644652250146113 0.0010858327052516664
474.0 2.7703097603740505 0.0010858327052516664
475.0 2.7761542957334893 0.0010858327052516664
476.0 2.781998831092928 0.0010858327052516664
477.0 2.787843366452367 0.0010858327052516664
478.0 2.793687901811806 0.0010858327052516664
479.0 2.799532437171245 0.0010858327052516664
480.0 2.805376972530684 0.0010858327052516664
481.0 2.8112215078901226 0.0010858327052516664
482.0 2.817066043249562 0.0010858327052516664
483.0 2.822910578609001 0.0010858327052516664
484.0 2.8287551139684397 0.0010858327052516664
485.0 2.8345996493278784 0.0010858327052516664
486.0 2.8404441846873176 0.0010858327052516664
487.0 2.8462887200467564 0.0010858327052516664
488.0 2.8521332554061956 0.0010858327052516664
489.0 2.8579777907656343 0.0010858327052516664
490.0 2.863822326125073 0.0010858327052516664
491.0 2.869666861484512 0.0010858327052516664
492.0 2.875511396843951 0.0010858327052516664
493.0 2.8813559322033897 0.0010858327052516664
494.0 2.887200467562829 0.0010858327052516664
495.0 2.8930450029222676 0.0010858327052516664
496.0 2.898889538281707 0.0010858327052516664
497.0 2.9047340736411456 0.0010858327052516664
498.0 2.9105786090005843 0.0010858327052516664
499.0 2.9164231443600235 0.0010858327052516664
500.0 2.9222676797194627 0.0010858327052516664
501.0 2.9281122150789014 0.0010858327052516664
502.0 2.93395675043834 0.0010858327052516664
503.0 2.9398012857977793 0.0010858327052516664
504.0 2.945645821157218 0.0010858327052516664
505.0 2.9514903565166573 0.0010858327052516664
506.0 2.957334891876096 0.0010858327052516664
507.0 2.9631794272355347 0.0010858327052516664
508.0 2.969023962594974 0.0010858327052516664
509.0 2.9748684979544127 0.0010858327052516664
510.0 2.9807130333138514 0.0010858327052516664
511.0 2.9865575686732906 0.0010858327052516664
512.0 2.9924021040327293 0.0010858327052516664
513.0 2.9982466393921685 0.0010858327052516664
514.0 3.0040911747516077 0.0010858327052516664
515.0 3.009935710111046 0.0010858327052516664
516.0 3.015780245470485 0.0010858327052516664
517.0 3.0216247808299244 0.0010858327052516664
518.0 3.027469316189363 0.0010858327052516664
519.0 3.033313851548802 0.0010858327052516664
520.0 3.039158386908241 0.0010858327052516664
521.0 3.0450029222676798 0.0010858327052516664
522.0 3.050847457627119 0.0010858327052516664
523.0 3.0566919929865577 0.0010858327052516664
524.0 3.0625365283459964 0.0010858327052516664
525.0 3.0683810637054356 0.0010858327052516664
526.0 3.0742255990648744 0.0010858327052516664
527.0 3.0800701344243135 0.0010858327052516664
528.0 3.0859146697837523 0.0010858327052516664
529.0 3.091759205143191 0.0010858327052516664
530.0 3.09760374050263 0.0010858327052516664
531.0 3.1034482758620694 0.0010858327052516664
532.0 3.1092928112215077 0.0010858327052516664
533.0 3.115137346580947 0.0010858327052516664
534.0 3.120981881940386 0.0010858327052516664
535.0 3.126826417299825 0.0010858327052516664
536.0 3.1326709526592635 0.0010858327052516664
537.0 3.1385154880187027 0.0010858327052516664
538.0 3.1443600233781415 0.0010858327052516664
539.0 3.1502045587375807 0.0010858327052516664
540.0 3.1560490940970194 0.0010858327052516664
541.0 3.161893629456458 0.0010858327052516664
542.0 3.1677381648158973 0.0010858327052516664
543.0 3.173582700175336 0.0010858327052516664
544.0 3.1794272355347752 0.0010858327052516664
545.0 3.185271770894214 0.0010858327052516664
546.0 3.1911163062536527 0.0010858327052516664
547.0 3.196960841613092 0.0010858327052516664
548.0 3.2028053769725306 0.0010858327052516664
549.0 3.20864991233197 0.0010858327052516664
550.0 3.2144944476914086 0.0010858327052516664
551.0 3.2203389830508473 0.0010858327052516664
552.0 3.2261835184102865 0.0010858327052516664
553.0 3.2320280537697252 0.0010858327052516664
554.0 3.2378725891291644 0.0010858327052516664
555.0 3.243717124488603 0.0010858327052516664
556.0 3.249561659848042 0.0010858327052516664
557.0 3.255406195207481 0.0010858327052516664
558.0 3.26125073056692 0.0010858327052516664
559.0 3.2670952659263595 0.0010858327052516664
560.0 3.2729398012857978 0.0010858327052516664
561.0 3.2787843366452365 0.0010858327052516664
562.0 3.284628872004676 0.0010858327052516664
563.0 3.2904734073641144 0.0010858327052516664
564.0 3.296317942723553 0.0010858327052516664
565.0 3.302162478082993 0.0010858327052516664
566.0 3.308007013442431 0.0010858327052516664
567.0 3.3138515488018707 0.0010858327052516664
568.0 3.3196960841613095 0.0010858327052516664
569.0 3.3255406195207478 0.0010858327052516664
570.0 3.3313851548801874 0.0010858327052516664
571.0 3.337229690239626 0.0010858327052516664
572.0 3.3430742255990653 0.0010858327052516664
573.0 3.348918760958504 0.0010858327052516664
574.0 3.354763296317943 0.0010858327052516664
575.0 3.360607831677382 0.0010858327052516664
576.0 3.3664523670368207 0.0010858327052516664
577.0 3.3722969023962595 0.0010858327052516664
578.0 3.3781414377556986 0.0010858327052516664
579.0 3.3839859731151374 0.0010858327052516664
580.0 3.3898305084745766 0.0010858327052516664
581.0 3.3956750438340153 0.0010858327052516664
582.0 3.401519579193454 0.0010858327052516664
583.0 3.4073641145528932 0.0010858327052516664
584.0 3.413208649912332 0.0010858327052516664
585.0 3.419053185271771 0.0010858327052516664
586.0 3.42489772063121 0.0010858327052516664
587.0 3.4307422559906486 0.0010858327052516664
588.0 3.436586791350088 0.0010858327052516664
589.0 3.4424313267095266 0.0010858327052516664
590.0 3.4482758620689653 0.0010858327052516664
591.0 3.4541203974284045 0.0010858327052516664
592.0 3.4599649327878432 0.0010858327052516664
593.0 3.465809468147283 0.0010858327052516664
594.0 3.471654003506721 0.0010858327052516664
595.0 3.47749853886616 0.0010858327052516664
596.0 3.4833430742255995 0.0010858327052516664
597.0 3.489187609585038 0.0010858327052516664
598.0 3.4950321449444774 0.0010858327052516664
599.0 3.500876680303916 0.0010858327052516664
600.0 3.5067212156633545 0.0010858327052516664
601.0 3.512565751022794 0.0010858327052516664
602.0 3.518410286382233 0.0010858327052516664
603.0 3.524254821741671 0.0010858327052516664
604.0 3.530099357101111 0.0010858327052516664
605.0 3.5359438924605495 0.0010858327052516664
606.0 3.5417884278199887 0.0010858327052516664
607.0 3.5476329631794274 0.0010858327052516664
608.0 3.553477498538866 0.0010858327052516664
609.0 3.5593220338983054 0.0010858327052516664
610.0 3.565166569257744 0.0010858327052516664
611.0 3.571011104617183 0.0010858327052516664
612.0 3.576855639976622 0.0010858327052516664
613.0 3.5827001753360608 0.0010858327052516664
614.0 3.5885447106955 0.0010858327052516664
615.0 3.5943892460549387 0.0010858327052516664
616.0 3.6002337814143774 0.0010858327052516664
617.0 3.6060783167738166 0.0010858327052516664
618.0 3.6119228521332554 0.0010858327052516664
619.0 3.6177673874926946 0.0010858327052516664
620.0 3.6236119228521333 0.0010858327052516664
621.0 3.629456458211572 0.0010858327052516664
622.0 3.635300993571011 0.0010858327052516664
623.0 3.64114552893045 0.0010858327052516664
624.0 3.6469900642898887 0.0010858327052516664
625.0 3.652834599649328 0.0010858327052516664
626.0 3.6586791350087666 0.0010858327052516664
627.0 3.6645236703682063 0.0010858327052516664
628.0 3.6703682057276446 0.0010858327052516664
629.0 3.6762127410870833 0.0010858327052516664
630.0 3.682057276446523 0.0010858327052516664
631.0 3.687901811805961 0.0010858327052516664
632.0 3.693746347165401 0.0010858327052516664
633.0 3.6995908825248396 0.0010858327052516664
634.0 3.705435417884278 0.0010858327052516664
635.0 3.7112799532437175 0.0010858327052516664
636.0 3.7171244886031563 0.0010858327052516664
637.0 3.7229690239625945 0.0010858327052516664
638.0 3.728813559322034 0.0010858327052516664
639.0 3.734658094681473 0.0010858327052516664
640.0 3.740502630040912 0.0010858327052516664
641.0 3.746347165400351 0.0010858327052516664
642.0 3.7521917007597896 0.0010858327052516664
643.0 3.7580362361192288 0.0010858327052516664
644.0 3.7638807714786675 0.0010858327052516664
645.0 3.7697253068381067 0.0010858327052516664
646.0 3.7755698421975454 0.0010858327052516664
647.0 3.781414377556984 0.0010858327052516664
648.0 3.7872589129164234 0.0010858327052516664
649.0 3.793103448275862 0.0010858327052516664
650.0 3.798947983635301 0.0010858327052516664
651.0 3.80479251899474 0.0010858327052516664
652.0 3.8106370543541788 0.0010858327052516664
653.0 3.816481589713618 0.0010858327052516664
654.0 3.8223261250730567 0.0010858327052516664
655.0 3.8281706604324954 0.0010858327052516664
656.0 3.8340151957919346 0.0010858327052516664
657.0 3.8398597311513734 0.0010858327052516664
658.0 3.845704266510813 0.0010858327052516664
659.0 3.8515488018702513 0.0010858327052516664
660.0 3.85739333722969 0.0010858327052516664
661.0 3.8632378725891297 0.0010858327052516664
662.0 3.869082407948568 0.0010858327052516664
663.0 3.8749269433080067 0.0010858327052516664
664.0 3.8807714786674463 0.0010858327052516664
665.0 3.8866160140268846 0.0010858327052516664
666.0 3.8924605493863242 0.0010858327052516664
667.0 3.898305084745763 0.0010858327052516664
668.0 3.9041496201052013 0.0010858327052516664
669.0 3.909994155464641 0.0010858327052516664
670.0 3.9158386908240796 0.0010858327052516664
671.0 3.921683226183519 0.0010858327052516664
672.0 3.9275277615429576 0.0010858327052516664
673.0 3.9333722969023963 0.0010858327052516664
674.0 3.9392168322618355 0.0010858327052516664
675.0 3.9450613676212742 0.0010858327052516664
676.0 3.950905902980713 0.0010858327052516664
677.0 3.956750438340152 0.0010858327052516664
678.0 3.962594973699591 0.0010858327052516664
679.0 3.96843950905903 0.0010858327052516664
680.0 3.974284044418469 0.0010858327052516664
681.0 3.9801285797779076 0.0010858327052516664
682.0 3.9859731151373468 0.0010858327052516664
683.0 3.9918176504967855 0.0010858327052516664
684.0 3.9976621858562247 0.0010858327052516664
685.0 4.003506721215664 0.0010858327052516664
686.0 4.009351256575102 0.0010858327052516664
687.0 4.015195791934541 0.0010858327052516664
688.0 4.0210403272939805 0.0010858327052516664
689.0 4.026884862653419 0.0010858327052516664
690.0 4.032729398012858 0.0010858327052516664
691.0 4.038573933372297 0.0010858327052516664
692.0 4.044418468731736 0.0010858327052516664
693.0 4.050263004091175 0.0010858327052516664
694.0 4.056107539450614 0.0010858327052516664
695.0 4.061952074810053 0.0010858327052516664
696.0 4.067796610169491 0.0010858327052516664
697.0 4.0736411455289305 0.0010858327052516664
698.0 4.07948568088837 0.0010858327052516664
699.0 4.085330216247808 0.0010858327052516664
700.0 4.091174751607247 0.0010858327052516664
701.0 4.097019286966686 0.0010858327052516664
702.0 4.102863822326125 0.0010858327052516664
703.0 4.108708357685564 0.0010858327052516664
704.0 4.114552893045003 0.0010858327052516664
705.0 4.120397428404442 0.0010858327052516664
706.0 4.1262419637638805 0.0010858327052516664
707.0 4.13208649912332 0.0010858327052516664
708.0 4.137931034482759 0.0010858327052516664
709.0 4.143775569842197 0.0010858327052516664
710.0 4.149620105201636 0.0010858327052516664
711.0 4.155464640561076 0.0010858327052516664
712.0 4.161309175920514 0.0010858327052516664
713.0 4.167153711279954 0.0010858327052516664
714.0 4.172998246639392 0.0010858327052516664
715.0 4.1788427819988305 0.0010858327052516664
716.0 4.184687317358271 0.0010858327052516664
717.0 4.190531852717709 0.0010858327052516664
718.0 4.196376388077148 0.0010858327052516664
719.0 4.202220923436587 0.0010858327052516664
720.0 4.208065458796026 0.0010858327052516664
721.0 4.213909994155465 0.0010858327052516664
722.0 4.219754529514904 0.0010858327052516664
723.0 4.225599064874342 0.0010858327052516664
724.0 4.231443600233781 0.0010858327052516664
725.0 4.237288135593221 0.0010858327052516664
726.0 4.24313267095266 0.0010858327052516664
727.0 4.248977206312098 0.0010858327052516664
728.0 4.254821741671537 0.0010858327052516664
729.0 4.2606662770309764 0.0010858327052516664
730.0 4.266510812390415 0.0010858327052516664
731.0 4.272355347749854 0.0010858327052516664
732.0 4.278199883109293 0.0010858327052516664
733.0 4.284044418468731 0.0010858327052516664
734.0 4.289888953828171 0.0010858327052516664
735.0 4.29573348918761 0.0010858327052516664
736.0 4.301578024547048 0.0010858327052516664
737.0 4.307422559906487 0.0010858327052516664
738.0 4.313267095265926 0.0010858327052516664
739.0 4.319111630625366 0.0010858327052516664
740.0 4.324956165984804 0.0010858327052516664
741.0 4.330800701344243 0.0010858327052516664
742.0 4.336645236703682 0.0010858327052516664
743.0 4.342489772063121 0.0010858327052516664
744.0 4.348334307422561 0.0010858327052516664
745.0 4.354178842781999 0.0010858327052516664
746.0 4.360023378141437 0.0010858327052516664
747.0 4.365867913500877 0.0010858327052516664
748.0 4.371712448860316 0.0010858327052516664
749.0 4.377556984219754 0.0010858327052516664
750.0 4.383401519579194 0.0010858327052516664
751.0 4.389246054938632 0.0010858327052516664
752.0 4.3950905902980715 0.0010858327052516664
753.0 4.400935125657511 0.0010858327052516664
754.0 4.406779661016949 0.0010858327052516664
755.0 4.412624196376388 0.0010858327052516664
756.0 4.418468731735827 0.0010858327052516664
757.0 4.4243132670952665 0.0010858327052516664
758.0 4.430157802454705 0.0010858327052516664
759.0 4.436002337814144 0.0010858327052516664
760.0 4.441846873173583 0.0010858327052516664
761.0 4.4476914085330215 0.0010858327052516664
762.0 4.453535943892461 0.0010858327052516664
763.0 4.4593804792519 0.0010858327052516664
764.0 4.465225014611338 0.0010858327052516664
765.0 4.471069549970777 0.0010858327052516664
766.0 4.4769140853302165 0.0010858327052516664
767.0 4.482758620689655 0.0010858327052516664
768.0 4.488603156049094 0.0010858327052516664
769.0 4.494447691408533 0.0010858327052516664
770.0 4.500292226767972 0.0010858327052516664
771.0 4.506136762127411 0.0010858327052516664
772.0 4.51198129748685 0.0010858327052516664
773.0 4.517825832846289 0.0010858327052516664
774.0 4.523670368205727 0.0010858327052516664
775.0 4.5295149035651665 0.0010858327052516664
776.0 4.535359438924606 0.0010858327052516664
777.0 4.541203974284044 0.0010858327052516664
778.0 4.547048509643484 0.0010858327052516664
779.0 4.552893045002922 0.0010858327052516664
780.0 4.558737580362361 0.0010858327052516664
781.0 4.564582115721801 0.0010858327052516664
782.0 4.570426651081239 0.0010858327052516664
783.0 4.576271186440678 0.0010858327052516664
784.0 4.582115721800117 0.0010858327052516664
785.0 4.587960257159556 0.0010858327052516664
786.0 4.593804792518995 0.0010858327052516664
787.0 4.599649327878434 0.0010858327052516664
788.0 4.605493863237872 0.0010858327052516664
789.0 4.6113383985973115 0.0010858327052516664
790.0 4.617182933956751 0.0010858327052516664
791.0 4.62302746931619 0.0010858327052516664
792.0 4.628872004675628 0.0010858327052516664
793.0 4.634716540035067 0.0010858327052516664
794.0 4.640561075394507 0.0010858327052516664
795.0 4.646405610753945 0.0010858327052516664
796.0 4.652250146113384 0.0010858327052516664
797.0 4.658094681472823 0.0010858327052516664
798.0 4.6639392168322615 0.0010858327052516664
799.0 4.669783752191701 0.0010858327052516664
800.0 4.67562828755114 0.0010858327052516664
801.0 4.681472822910578 0.0010858327052516664
802.0 4.687317358270017 0.0010858327052516664
803.0 4.693161893629457 0.0010858327052516664
804.0 4.699006428988896 0.0010858327052516664
805.0 4.704850964348334 0.0010858327052516664
806.0 4.710695499707773 0.0010858327052516664
807.0 4.716540035067212 0.0010858327052516664
808.0 4.722384570426651 0.0010858327052516664
809.0 4.72822910578609 0.0010858327052516664
810.0 4.734073641145529 0.0010858327052516664
811.0 4.739918176504967 0.0010858327052516664
812.0 4.7457627118644075 0.0010858327052516664
813.0 4.751607247223846 0.0010858327052516664
814.0 4.757451782583284 0.0010858327052516664
815.0 4.763296317942724 0.0010858327052516664
816.0 4.769140853302162 0.0010858327052516664
817.0 4.774985388661602 0.0010858327052516664
818.0 4.780829924021041 0.0010858327052516664
819.0 4.786674459380479 0.0010858327052516664
820.0 4.792518994739918 0.0010858327052516664
821.0 4.7983635300993575 0.0010858327052516664
822.0 4.804208065458796 0.0010858327052516664
823.0 4.810052600818235 0.0010858327052516664
824.0 4.815897136177674 0.0010858327052516664
825.0 4.821741671537113 0.0010858327052516664
826.0 4.827586206896552 0.0010858327052516664
827.0 4.833430742255991 0.0010858327052516664
828.0 4.83927527761543 0.0010858327052516664
829.0 4.845119812974868 0.0010858327052516664
830.0 4.850964348334308 0.0010858327052516664
831.0 4.856808883693747 0.0010858327052516664
832.0 4.862653419053185 0.0010858327052516664
833.0 4.868497954412625 0.0010858327052516664
834.0 4.874342489772063 0.0010858327052516664
835.0 4.880187025131502 0.0010858327052516664
836.0 4.886031560490942 0.0010858327052516664
837.0 4.89187609585038 0.0010858327052516664
838.0 4.897720631209819 0.0010858327052516664
839.0 4.903565166569258 0.0010858327052516664
840.0 4.909409701928697 0.0010858327052516664
841.0 4.915254237288136 0.0010858327052516664
842.0 4.921098772647575 0.0010858327052516664
843.0 4.926943308007014 0.0010858327052516664
844.0 4.9327878433664525 0.0010858327052516664
845.0 4.938632378725892 0.0010858327052516664
846.0 4.944476914085331 0.0010858327052516664
847.0 4.950321449444769 0.0010858327052516664
848.0 4.956165984804208 0.0010858327052516664
849.0 4.9620105201636475 0.0010858327052516664
850.0 4.967855055523086 0.0010858327052516664
851.0 4.973699590882525 0.0010858327052516664
852.0 4.979544126241964 0.0010858327052516664
853.0 4.9853886616014025 0.0010858327052516664
854.0 4.991233196960842 0.0010858327052516664
855.0 4.997077732320281 0.0010858327052516664
856.0 5.00292226767972 0.0010858327052516664
857.0 5.008766803039158 0.0010858327052516664
858.0 5.0146113383985975 0.0010858327052516664
859.0 5.020455873758037 0.0010858327052516664
860.0 5.026300409117475 0.0010858327052516664
861.0 5.032144944476914 0.0010858327052516664
862.0 5.037989479836353 0.0010858327052516664
863.0 5.043834015195792 0.0010858327052516664
864.0 5.049678550555232 0.0010858327052516664
865.0 5.05552308591467 0.0010858327052516664
866.0 5.061367621274108 0.0010858327052516664
867.0 5.067212156633548 0.0010858327052516664
868.0 5.073056691992987 0.0010858327052516664
869.0 5.078901227352426 0.0010858327052516664
870.0 5.084745762711865 0.0010858327052516664
871.0 5.090590298071303 0.0010858327052516664
872.0 5.0964348334307426 0.0010858327052516664
873.0 5.102279368790182 0.0010858327052516664
874.0 5.10812390414962 0.0010858327052516664
875.0 5.113968439509059 0.0010858327052516664
876.0 5.119812974868498 0.0010858327052516664
877.0 5.125657510227938 0.0010858327052516664
878.0 5.131502045587376 0.0010858327052516664
879.0 5.137346580946815 0.0010858327052516664
880.0 5.143191116306254 0.0010858327052516664
881.0 5.1490356516656925 0.0010858327052516664
882.0 5.154880187025132 0.0010858327052516664
883.0 5.160724722384571 0.0010858327052516664
884.0 5.166569257744009 0.0010858327052516664
885.0 5.172413793103448 0.0010858327052516664
886.0 5.178258328462888 0.0010858327052516664
887.0 5.184102863822326 0.0010858327052516664
888.0 5.189947399181765 0.0010858327052516664
889.0 5.195791934541204 0.0010858327052516664
890.0 5.201636469900643 0.0010858327052516664
891.0 5.207481005260082 0.0010858327052516664
892.0 5.213325540619521 0.0010858327052516664
893.0 5.21917007597896 0.0010858327052516664
894.0 5.225014611338398 0.0010858327052516664
895.0 5.230859146697838 0.0010858327052516664
896.0 5.236703682057277 0.0010858327052516664
897.0 5.242548217416715 0.0010858327052516664
898.0 5.248392752776155 0.0010858327052516664
899.0 5.254237288135593 0.0010858327052516664
900.0 5.260081823495032 0.0010858327052516664
901.0 5.265926358854472 0.0010858327052516664
902.0 5.27177089421391 0.0010858327052516664
903.0 5.277615429573349 0.0010858327052516664
904.0 5.2834599649327885 0.0010858327052516664
905.0 5.289304500292227 0.0010858327052516664
906.0 5.295149035651666 0.0010858327052516664
907.0 5.300993571011105 0.0010858327052516664
908.0 5.306838106370543 0.0010858327052516664
909.0 5.312682641729983 0.0010858327052516664
910.0 5.318527177089422 0.0010858327052516664
911.0 5.324371712448861 0.0010858327052516664
912.0 5.330216247808299 0.0010858327052516664
913.0 5.3360607831677385 0.0010858327052516664
914.0 5.341905318527178 0.0010858327052516664
915.0 5.347749853886616 0.0010858327052516664
916.0 5.353594389246055 0.0010858327052516664
917.0 5.359438924605494 0.0010858327052516664
918.0 5.365283459964933 0.0010858327052516664
919.0 5.371127995324372 0.0010858327052516664
920.0 5.376972530683811 0.0010858327052516664
921.0 5.382817066043249 0.0010858327052516664
922.0 5.3886616014026885 0.0010858327052516664
923.0 5.394506136762128 0.0010858327052516664
924.0 5.400350672121567 0.0010858327052516664
925.0 5.406195207481005 0.0010858327052516664
926.0 5.412039742840444 0.0010858327052516664
927.0 5.4178842781998835 0.0010858327052516664
928.0 5.423728813559322 0.0010858327052516664
929.0 5.429573348918762 0.0010858327052516664
930.0 5.4354178842782 0.0010858327052516664
931.0 5.4412624196376385 0.0010858327052516664
932.0 5.4471069549970785 0.0010858327052516664
933.0 5.452951490356517 0.0010858327052516664
934.0 5.458796025715955 0.0010858327052516664
935.0 5.464640561075395 0.0010858327052516664
936.0 5.4704850964348335 0.0010858327052516664
937.0 5.476329631794273 0.0010858327052516664
938.0 5.482174167153712 0.0010858327052516664
939.0 5.48801870251315 0.0010858327052516664
940.0 5.493863237872589 0.0010858327052516664
941.0 5.4997077732320285 0.0010858327052516664
942.0 5.505552308591468 0.0010858327052516664
943.0 5.511396843950906 0.0010858327052516664
944.0 5.517241379310345 0.0010858327052516664
945.0 5.523085914669784 0.0010858327052516664
946.0 5.528930450029223 0.0010858327052516664
947.0 5.534774985388662 0.0010858327052516664
948.0 5.540619520748101 0.0010858327052516664
949.0 5.546464056107539 0.0010858327052516664
950.0 5.5523085914669785 0.0010858327052516664
951.0 5.558153126826418 0.0010858327052516664
952.0 5.563997662185856 0.0010858327052516664
953.0 5.569842197545295 0.0010858327052516664
954.0 5.575686732904734 0.0010858327052516664
955.0 5.581531268264174 0.0010858327052516664
956.0 5.587375803623612 0.0010858327052516664
957.0 5.593220338983051 0.0010858327052516664
958.0 5.59906487434249 0.0010858327052516664
959.0 5.6049094097019285 0.0010858327052516664
960.0 5.610753945061368 0.0010858327052516664
961.0 5.616598480420807 0.0010858327052516664
962.0 5.622443015780245 0.0010858327052516664
963.0 5.628287551139685 0.0010858327052516664
964.0 5.634132086499124 0.0010858327052516664
965.0 5.639976621858562 0.0010858327052516664
966.0 5.645821157218002 0.0010858327052516664
967.0 5.65166569257744 0.0010858327052516664
968.0 5.657510227936879 0.0010858327052516664
969.0 5.663354763296319 0.0010858327052516664
970.0 5.669199298655757 0.0010858327052516664
971.0 5.675043834015196 0.0010858327052516664
972.0 5.680888369374635 0.0010858327052516664
973.0 5.686732904734074 0.0010858327052516664
974.0 5.692577440093513 0.0010858327052516664
975.0 5.698421975452952 0.0010858327052516664
976.0 5.704266510812391 0.0010858327052516664
977.0 5.710111046171829 0.0010858327052516664
978.0 5.715955581531269 0.0010858327052516664
979.0 5.721800116890708 0.0010858327052516664
980.0 5.727644652250146 0.0010858327052516664
981.0 5.733489187609585 0.0010858327052516664
982.0 5.739333722969024 0.0010858327052516664
983.0 5.745178258328463 0.0010858327052516664
984.0 5.751022793687902 0.0010858327052516664
985.0 5.756867329047341 0.0010858327052516664
986.0 5.762711864406779 0.0010858327052516664
987.0 5.768556399766219 0.0010858327052516664
988.0 5.774400935125658 0.0010858327052516664
989.0 5.780245470485097 0.0010858327052516664
990.0 5.786090005844535 0.0010858327052516664
991.0 5.791934541203974 0.0010858327052516664
992.0 5.797779076563414 0.0010858327052516664
993.0 5.803623611922852 0.0010858327052516664
994.0 5.809468147282291 0.0010858327052516664
995.0 5.81531268264173 0.0010858327052516664
996.0 5.821157218001169 0.0010858327052516664
997.0 5.827001753360609 0.0010858327052516664
998.0 5.832846288720047 0.0010858327052516664
999.0 5.838690824079485 0.0010858327052516664
1000.0 5.844535359438925 0.0010858327052516664
1001.0 5.850379894798364 0.0010858327052516664
1002.0 5.856224430157803 0.0010858327052516664
1003.0 5.862068965517242 0.0010858327052516664
1004.0 5.86791350087668 0.0010858327052516664
1005.0 5.8737580362361195 0.0010858327052516664
1006.0 5.879602571595559 0.0010858327052516664
1007.0 5.885447106954997 0.0010858327052516664
1008.0 5.891291642314436 0.0010858327052516664
1009.0 5.897136177673875 0.0010858327052516664
1010.0 5.9029807130333145 0.0010858327052516664
1011.0 5.908825248392753 0.0010858327052516664
1012.0 5.914669783752192 0.0010858327052516664
1013.0 5.920514319111631 0.0010858327052516664
1014.0 5.9263588544710695 0.0010858327052516664
1015.0 5.932203389830509 0.0010858327052516664
1016.0 5.938047925189948 0.0010858327052516664
1017.0 5.943892460549386 0.0010858327052516664
1018.0 5.949736995908825 0.0010858327052516664
1019.0 5.9555815312682645 0.0010858327052516664
1020.0 5.961426066627703 0.0010858327052516664
1021.0 5.967270601987142 0.0010858327052516664
1022.0 5.973115137346581 0.0010858327052516664
1023.0 5.97895967270602 0.0010858327052516664
1024.0 5.984804208065459 0.0010858327052516664
1025.0 5.990648743424898 0.0010858327052516664
1026.0 5.996493278784337 0.0010858327052516664
1027.0 6.002337814143775 0.0010858327052516664
1028.0 6.008182349503215 0.0010858327052516664
1029.0 6.014026884862654 0.0010858327052516664
1030.0 6.019871420222092 0.0010858327052516664
1031.0 6.025715955581532 0.0010858327052516664
1032.0 6.03156049094097 0.0010858327052516664
1033.0 6.037405026300409 0.0010858327052516664
1034.0 6.043249561659849 0.0010858327052516664
1035.0 6.049094097019287 0.0010858327052516664
1036.0 6.054938632378726 0.0010858327052516664
1037.0 6.060783167738165 0.0010858327052516664
1038.0 6.066627703097604 0.0010858327052516664
1039.0 6.072472238457043 0.0010858327052516664
1040.0 6.078316773816482 0.0010858327052516664
1041.0 6.084161309175921 0.0010858327052516664
1042.0 6.0900058445353595 0.0010858327052516664
1043.0 6.095850379894799 0.0010858327052516664
1044.0 6.101694915254238 0.0010858327052516664
1045.0 6.107539450613676 0.0010858327052516664
1046.0 6.113383985973115 0.0010858327052516664
1047.0 6.119228521332555 0.0010858327052516664
1048.0 6.125073056691993 0.0010858327052516664
1049.0 6.130917592051432 0.0010858327052516664
1050.0 6.136762127410871 0.0010858327052516664
1051.0 6.1426066627703095 0.0010858327052516664
1052.0 6.148451198129749 0.0010858327052516664
1053.0 6.154295733489188 0.0010858327052516664
1054.0 6.160140268848627 0.0010858327052516664
1055.0 6.165984804208065 0.0010858327052516664
1056.0 6.171829339567505 0.0010858327052516664
1057.0 6.177673874926944 0.0010858327052516664
1058.0 6.183518410286382 0.0010858327052516664
1059.0 6.189362945645821 0.0010858327052516664
1060.0 6.19520748100526 0.0010858327052516664
1061.0 6.201052016364699 0.0010858327052516664
1062.0 6.206896551724139 0.0010858327052516664
1063.0 6.212741087083577 0.0010858327052516664
1064.0 6.218585622443015 0.0010858327052516664
1065.0 6.2244301578024555 0.0010858327052516664
1066.0 6.230274693161894 0.0010858327052516664
1067.0 6.236119228521333 0.0010858327052516664
1068.0 6.241963763880772 0.0010858327052516664
1069.0 6.24780829924021 0.0010858327052516664
1070.0 6.25365283459965 0.0010858327052516664
1071.0 6.259497369959089 0.0010858327052516664
1072.0 6.265341905318527 0.0010858327052516664
1073.0 6.271186440677966 0.0010858327052516664
1074.0 6.2770309760374055 0.0010858327052516664
1075.0 6.282875511396845 0.0010858327052516664
1076.0 6.288720046756283 0.0010858327052516664
1077.0 6.294564582115722 0.0010858327052516664
1078.0 6.300409117475161 0.0010858327052516664
1079.0 6.3062536528346 0.0010858327052516664
1080.0 6.312098188194039 0.0010858327052516664
1081.0 6.317942723553478 0.0010858327052516664
1082.0 6.323787258912916 0.0010858327052516664
1083.0 6.3296317942723554 0.0010858327052516664
1084.0 6.335476329631795 0.0010858327052516664
1085.0 6.341320864991233 0.0010858327052516664
1086.0 6.347165400350672 0.0010858327052516664
1087.0 6.353009935710111 0.0010858327052516664
1088.0 6.3588544710695505 0.0010858327052516664
1089.0 6.364699006428989 0.0010858327052516664
1090.0 6.370543541788428 0.0010858327052516664
1091.0 6.376388077147867 0.0010858327052516664
1092.0 6.3822326125073054 0.0010858327052516664
1093.0 6.388077147866745 0.0010858327052516664
1094.0 6.393921683226184 0.0010858327052516664
1095.0 6.399766218585622 0.0010858327052516664
1096.0 6.405610753945061 0.0010858327052516664
1097.0 6.4114552893045005 0.0010858327052516664
1098.0 6.41729982466394 0.0010858327052516664
1099.0 6.423144360023378 0.0010858327052516664
1100.0 6.428988895382817 0.0010858327052516664
1101.0 6.434833430742256 0.0010858327052516664
1102.0 6.440677966101695 0.0010858327052516664
1103.0 6.446522501461134 0.0010858327052516664
1104.0 6.452367036820573 0.0010858327052516664
1105.0 6.458211572180012 0.0010858327052516664
1106.0 6.4640561075394505 0.0010858327052516664
1107.0 6.46990064289889 0.0010858327052516664
1108.0 6.475745178258329 0.0010858327052516664
1109.0 6.481589713617767 0.0010858327052516664
1110.0 6.487434248977206 0.0010858327052516664
1111.0 6.4932787843366455 0.0010858327052516664
1112.0 6.499123319696084 0.0010858327052516664
1113.0 6.504967855055523 0.0010858327052516664
1114.0 6.510812390414962 0.0010858327052516664
1115.0 6.5166569257744005 0.0010858327052516664
1116.0 6.52250146113384 0.0010858327052516664
1117.0 6.528345996493279 0.0010858327052516664
1118.0 6.534190531852719 0.0010858327052516664
1119.0 6.540035067212156 0.0010858327052516664
1120.0 6.5458796025715955 0.0010858327052516664
1121.0 6.551724137931036 0.0010858327052516664
1122.0 6.557568673290473 0.0010858327052516664
1123.0 6.563413208649912 0.0010858327052516664
1124.0 6.569257744009352 0.0010858327052516664
1125.0 6.57510227936879 0.0010858327052516664
1126.0 6.580946814728229 0.0010858327052516664
1127.0 6.586791350087669 0.0010858327052516664
1128.0 6.592635885447106 0.0010858327052516664
1129.0 6.5984804208065455 0.0010858327052516664
1130.0 6.604324956165986 0.0010858327052516664
1131.0 6.610169491525425 0.0010858327052516664
1132.0 6.616014026884862 0.0010858327052516664
1133.0 6.621858562244302 0.0010858327052516664
1134.0 6.627703097603741 0.0010858327052516664
1135.0 6.633547632963179 0.0010858327052516664
1136.0 6.639392168322619 0.0010858327052516664
1137.0 6.645236703682058 0.0010858327052516664
1138.0 6.6510812390414955 0.0010858327052516664
1139.0 6.656925774400936 0.0010858327052516664
1140.0 6.662770309760375 0.0010858327052516664
1141.0 6.668614845119812 0.0010858327052516664
1142.0 6.674459380479252 0.0010858327052516664
1143.0 6.680303915838691 0.0010858327052516664
1144.0 6.686148451198131 0.0010858327052516664
1145.0 6.691992986557569 0.0010858327052516664
1146.0 6.697837521917008 0.0010858327052516664
1147.0 6.703682057276447 0.0010858327052516664
1148.0 6.709526592635886 0.0010858327052516664
1149.0 6.715371127995325 0.0010858327052516664
1150.0 6.721215663354764 0.0010858327052516664
1151.0 6.727060198714202 0.0010858327052516664
1152.0 6.732904734073641 0.0010858327052516664
1153.0 6.738749269433081 0.0010858327052516664
1154.0 6.744593804792519 0.0010858327052516664
1155.0 6.750438340151958 0.0010858327052516664
1156.0 6.756282875511397 0.0010858327052516664
1157.0 6.7621274108708365 0.0010858327052516664
1158.0 6.767971946230275 0.0010858327052516664
1159.0 6.773816481589714 0.0010858327052516664
1160.0 6.779661016949153 0.0010858327052516664
1161.0 6.785505552308591 0.0010858327052516664
1162.0 6.791350087668031 0.0010858327052516664
1163.0 6.79719462302747 0.0010858327052516664
1164.0 6.803039158386908 0.0010858327052516664
1165.0 6.808883693746347 0.0010858327052516664
1166.0 6.8147282291057865 0.0010858327052516664
1167.0 6.820572764465225 0.0010858327052516664
1168.0 6.826417299824664 0.0010858327052516664
1169.0 6.832261835184103 0.0010858327052516664
1170.0 6.838106370543542 0.0010858327052516664
1171.0 6.843950905902981 0.0010858327052516664
1172.0 6.84979544126242 0.0010858327052516664
1173.0 6.855639976621859 0.0010858327052516664
1174.0 6.861484511981297 0.0010858327052516664
1175.0 6.8673290473407365 0.0010858327052516664
1176.0 6.873173582700176 0.0010858327052516664
1177.0 6.879018118059614 0.0010858327052516664
1178.0 6.884862653419053 0.0010858327052516664
1179.0 6.890707188778492 0.0010858327052516664
1180.0 6.896551724137931 0.0010858327052516664
1181.0 6.90239625949737 0.0010858327052516664
1182.0 6.908240794856809 0.0010858327052516664
1183.0 6.914085330216249 0.0010858327052516664
1184.0 6.9199298655756865 0.0010858327052516664
1185.0 6.925774400935126 0.0010858327052516664
1186.0 6.931618936294566 0.0010858327052516664
1187.0 6.937463471654003 0.0010858327052516664
1188.0 6.943308007013442 0.0010858327052516664
1189.0 6.949152542372882 0.0010858327052516664
1190.0 6.95499707773232 0.0010858327052516664
1191.0 6.960841613091759 0.0010858327052516664
1192.0 6.966686148451199 0.0010858327052516664
1193.0 6.9725306838106365 0.0010858327052516664
1194.0 6.978375219170076 0.0010858327052516664
1195.0 6.984219754529516 0.0010858327052516664
1196.0 6.990064289888955 0.0010858327052516664
1197.0 6.995908825248392 0.0010858327052516664
1198.0 7.001753360607832 0.0010858327052516664
1199.0 7.007597895967272 0.0010858327052516664
1200.0 7.013442431326709 0.0010858327052516664
1201.0 7.019286966686149 0.0010858327052516664
1202.0 7.025131502045588 0.0010858327052516664
1203.0 7.030976037405026 0.0010858327052516664
1204.0 7.036820572764466 0.0010858327052516664
1205.0 7.042665108123905 0.0010858327052516664
1206.0 7.048509643483342 0.0010858327052516664
1207.0 7.054354178842782 0.0010858327052516664
1208.0 7.060198714202222 0.0010858327052516664
1209.0 7.066043249561661 0.0010858327052516664
1210.0 7.071887784921099 0.0010858327052516664
1211.0 7.077732320280538 0.0010858327052516664
1212.0 7.083576855639977 0.0010858327052516664
1213.0 7.089421390999416 0.0010858327052516664
1214.0 7.095265926358855 0.0010858327052516664
1215.0 7.101110461718294 0.0010858327052516664
1216.0 7.106954997077732 0.0010858327052516664
1217.0 7.112799532437172 0.0010858327052516664
1218.0 7.118644067796611 0.0010858327052516664
1219.0 7.124488603156049 0.0010858327052516664
1220.0 7.130333138515488 0.0010858327052516664
1221.0 7.136177673874927 0.0010858327052516664
1222.0 7.142022209234366 0.0010858327052516664
1223.0 7.147866744593805 0.0010858327052516664
1224.0 7.153711279953244 0.0010858327052516664
1225.0 7.159555815312683 0.0010858327052516664
1226.0 7.1654003506721216 0.0010858327052516664
1227.0 7.171244886031561 0.0010858327052516664
1228.0 7.177089421391 0.0010858327052516664
1229.0 7.182933956750438 0.0010858327052516664
1230.0 7.188778492109877 0.0010858327052516664
1231.0 7.194623027469317 0.0010858327052516664
1232.0 7.200467562828755 0.0010858327052516664
1233.0 7.206312098188194 0.0010858327052516664
1234.0 7.212156633547633 0.0010858327052516664
1235.0 7.2180011689070716 0.0010858327052516664
1236.0 7.223845704266511 0.0010858327052516664
1237.0 7.22969023962595 0.0010858327052516664
1238.0 7.235534774985389 0.0010858327052516664
1239.0 7.241379310344827 0.0010858327052516664
1240.0 7.247223845704267 0.0010858327052516664
1241.0 7.253068381063706 0.0010858327052516664
1242.0 7.258912916423144 0.0010858327052516664
1243.0 7.264757451782583 0.0010858327052516664
1244.0 7.270601987142022 0.0010858327052516664
1245.0 7.276446522501461 0.0010858327052516664
1246.0 7.2822910578609 0.0010858327052516664
1247.0 7.288135593220339 0.0010858327052516664
1248.0 7.293980128579777 0.0010858327052516664
1249.0 7.299824663939217 0.0010858327052516664
1250.0 7.305669199298656 0.0010858327052516664
1251.0 7.311513734658096 0.0010858327052516664
1252.0 7.317358270017533 0.0010858327052516664
1253.0 7.323202805376972 0.0010858327052516664
1254.0 7.3290473407364125 0.0010858327052516664
1255.0 7.33489187609585 0.0010858327052516664
1256.0 7.340736411455289 0.0010858327052516664
1257.0 7.346580946814729 0.0010858327052516664
1258.0 7.352425482174167 0.0010858327052516664
1259.0 7.358270017533606 0.0010858327052516664
1260.0 7.364114552893046 0.0010858327052516664
1261.0 7.369959088252483 0.0010858327052516664
1262.0 7.375803623611922 0.0010858327052516664
1263.0 7.3816481589713625 0.0010858327052516664
1264.0 7.387492694330802 0.0010858327052516664
1265.0 7.393337229690239 0.0010858327052516664
1266.0 7.399181765049679 0.0010858327052516664
1267.0 7.405026300409118 0.0010858327052516664
1268.0 7.410870835768556 0.0010858327052516664
1269.0 7.416715371127996 0.0010858327052516664
1270.0 7.422559906487435 0.0010858327052516664
1271.0 7.428404441846872 0.0010858327052516664
1272.0 7.4342489772063125 0.0010858327052516664
1273.0 7.440093512565752 0.0010858327052516664
1274.0 7.445938047925189 0.0010858327052516664
1275.0 7.451782583284629 0.0010858327052516664
1276.0 7.457627118644068 0.0010858327052516664
1277.0 7.4634716540035075 0.0010858327052516664
1278.0 7.469316189362946 0.0010858327052516664
1279.0 7.475160724722385 0.0010858327052516664
1280.0 7.481005260081824 0.0010858327052516664
1281.0 7.4868497954412625 0.0010858327052516664
1282.0 7.492694330800702 0.0010858327052516664
1283.0 7.498538866160141 0.0010858327052516664
1284.0 7.504383401519579 0.0010858327052516664
1285.0 7.510227936879018 0.0010858327052516664
1286.0 7.5160724722384575 0.0010858327052516664
1287.0 7.521917007597896 0.0010858327052516664
1288.0 7.527761542957335 0.0010858327052516664
1289.0 7.533606078316774 0.0010858327052516664
1290.0 7.539450613676213 0.0010858327052516664
1291.0 7.545295149035652 0.0010858327052516664
1292.0 7.551139684395091 0.0010858327052516664
1293.0 7.55698421975453 0.0010858327052516664
1294.0 7.562828755113968 0.0010858327052516664
1295.0 7.5686732904734075 0.0010858327052516664
1296.0 7.574517825832847 0.0010858327052516664
1297.0 7.580362361192285 0.0010858327052516664
1298.0 7.586206896551724 0.0010858327052516664
1299.0 7.592051431911163 0.0010858327052516664
1300.0 7.597895967270602 0.0010858327052516664
1301.0 7.603740502630041 0.0010858327052516664
1302.0 7.60958503798948 0.0010858327052516664
1303.0 7.615429573348919 0.0010858327052516664
1304.0 7.6212741087083575 0.0010858327052516664
1305.0 7.627118644067797 0.0010858327052516664
1306.0 7.632963179427236 0.0010858327052516664
1307.0 7.638807714786674 0.0010858327052516664
1308.0 7.644652250146113 0.0010858327052516664
1309.0 7.650496785505553 0.0010858327052516664
1310.0 7.656341320864991 0.0010858327052516664
1311.0 7.66218585622443 0.0010858327052516664
1312.0 7.668030391583869 0.0010858327052516664
1313.0 7.6738749269433075 0.0010858327052516664
1314.0 7.679719462302747 0.0010858327052516664
1315.0 7.685563997662186 0.0010858327052516664
1316.0 7.691408533021626 0.0010858327052516664
1317.0 7.697253068381063 0.0010858327052516664
1318.0 7.703097603740503 0.0010858327052516664
1319.0 7.708942139099943 0.0010858327052516664
1320.0 7.71478667445938 0.0010858327052516664
1321.0 7.720631209818819 0.0010858327052516664
1322.0 7.726475745178259 0.0010858327052516664
1323.0 7.732320280537697 0.0010858327052516664
1324.0 7.738164815897136 0.0010858327052516664
1325.0 7.744009351256576 0.0010858327052516664
1326.0 7.749853886616013 0.0010858327052516664
1327.0 7.755698421975453 0.0005429163526258332
1328.0 7.761542957334893 0.0005429163526258332
1329.0 7.767387492694332 0.0005429163526258332
1330.0 7.773232028053769 0.0005429163526258332
1331.0 7.779076563413209 0.0010858327052516664
1332.0 7.7849210987726485 0.0010858327052516664
1333.0 7.790765634132086 0.0010858327052516664
1334.0 7.796610169491526 0.0010858327052516664
1335.0 7.802454704850965 0.0010858327052516664
1336.0 7.808299240210403 0.0005429163526258332
1337.0 7.814143775569843 0.0005429163526258332
1338.0 7.819988310929282 0.0005429163526258332
1339.0 7.825832846288719 0.0005429163526258332
1340.0 7.831677381648159 0.0005429163526258332
1341.0 7.8375219170075985 0.0005429163526258332
1342.0 7.843366452367038 0.0005429163526258332
1343.0 7.849210987726476 0.0005429163526258332
1344.0 7.855055523085915 0.0005429163526258332
1345.0 7.860900058445354 0.0010858327052516664
1346.0 7.866744593804793 0.0005429163526258332
1347.0 7.872589129164232 0.0005429163526258332
1348.0 7.878433664523671 0.0005429163526258332
1349.0 7.884278199883109 0.0005429163526258332
1350.0 7.8901227352425485 0.0005429163526258332
1351.0 7.895967270601988 0.0005429163526258332
1352.0 7.901811805961426 0.0005429163526258332
1353.0 7.907656341320865 0.0005429163526258332
1354.0 7.913500876680304 0.0005429163526258332
1355.0 7.9193454120397435 0.0005429163526258332
1356.0 7.925189947399182 0.0005429163526258332
1357.0 7.931034482758621 0.0005429163526258332
1358.0 7.93687901811806 0.0005429163526258332
1359.0 7.9427235534774985 0.0005429163526258332
1360.0 7.948568088836938 0.0005429163526258332
1361.0 7.954412624196377 0.0005429163526258332
1362.0 7.960257159555815 0.0005429163526258332
1363.0 7.966101694915254 0.0005429163526258332
1364.0 7.9719462302746935 0.0005429163526258332
1365.0 7.977790765634132 0.0005429163526258332
1366.0 7.983635300993571 0.0005429163526258332
1367.0 7.98947983635301 0.0005429163526258332
1368.0 7.995324371712449 0.0005429163526258332
1369.0 8.001168907071888 0.0005429163526258332
1370.0 8.007013442431328 0.0005429163526258332
1371.0 8.012857977790766 0.0005429163526258332
1372.0 8.018702513150204 0.0005429163526258332
1373.0 8.024547048509644 0.0005429163526258332
1374.0 8.030391583869083 0.0005429163526258332
1375.0 8.036236119228521 0.0005429163526258332
1376.0 8.042080654587961 0.0005429163526258332
1377.0 8.0479251899474 0.0005429163526258332
1378.0 8.053769725306838 0.0005429163526258332
1379.0 8.059614260666278 0.0005429163526258332
1380.0 8.065458796025716 0.0005429163526258332
1381.0 8.071303331385156 0.0005429163526258332
1382.0 8.077147866744594 0.0005429163526258332
1383.0 8.082992402104033 0.0005429163526258332
1384.0 8.088836937463473 0.0005429163526258332
1385.0 8.094681472822911 0.0005429163526258332
1386.0 8.10052600818235 0.0005429163526258332
1387.0 8.10637054354179 0.0005429163526258332
1388.0 8.112215078901228 0.0005429163526258332
1389.0 8.118059614260666 0.0005429163526258332
1390.0 8.123904149620106 0.0005429163526258332
1391.0 8.129748684979544 0.0005429163526258332
1392.0 8.135593220338983 0.0005429163526258332
1393.0 8.141437755698423 0.0005429163526258332
1394.0 8.147282291057861 0.0005429163526258332
1395.0 8.1531268264173 0.0005429163526258332
1396.0 8.15897136177674 0.0005429163526258332
1397.0 8.164815897136178 0.0005429163526258332
1398.0 8.170660432495616 0.0005429163526258332
1399.0 8.176504967855056 0.0005429163526258332
1400.0 8.182349503214494 0.0005429163526258332
1401.0 8.188194038573933 0.0005429163526258332
1402.0 8.194038573933373 0.0005429163526258332
1403.0 8.199883109292811 0.0005429163526258332
1404.0 8.20572764465225 0.0005429163526258332
1405.0 8.21157218001169 0.0005429163526258332
1406.0 8.217416715371128 0.0005429163526258332
1407.0 8.223261250730566 0.0005429163526258332
1408.0 8.229105786090006 0.0005429163526258332
1409.0 8.234950321449444 0.0005429163526258332
1410.0 8.240794856808884 0.0005429163526258332
1411.0 8.246639392168323 0.0005429163526258332
1412.0 8.252483927527761 0.0005429163526258332
1413.0 8.258328462887201 0.0005429163526258332
1414.0 8.26417299824664 0.0005429163526258332
1415.0 8.270017533606078 0.0005429163526258332
1416.0 8.275862068965518 0.0005429163526258332
1417.0 8.281706604324956 0.0005429163526258332
1418.0 8.287551139684394 0.0005429163526258332
1419.0 8.293395675043834 0.0005429163526258332
1420.0 8.299240210403273 0.0005429163526258332
1421.0 8.305084745762711 0.0005429163526258332
1422.0 8.310929281122151 0.0005429163526258332
1423.0 8.316773816481591 0.0005429163526258332
1424.0 8.322618351841028 0.0005429163526258332
1425.0 8.328462887200468 0.0005429163526258332
1426.0 8.334307422559908 0.0005429163526258332
1427.0 8.340151957919344 0.0005429163526258332
1428.0 8.345996493278784 0.0005429163526258332
1429.0 8.351841028638225 0.0005429163526258332
1430.0 8.357685563997661 0.0005429163526258332
1431.0 8.363530099357101 0.0005429163526258332
1432.0 8.369374634716541 0.0005429163526258332
1433.0 8.375219170075978 0.0005429163526258332
1434.0 8.381063705435418 0.0005429163526258332
1435.0 8.386908240794858 0.0005429163526258332
1436.0 8.392752776154296 0.0005429163526258332
1437.0 8.398597311513734 0.0005429163526258332
1438.0 8.404441846873175 0.0005429163526258332
1439.0 8.410286382232613 0.0005429163526258332
1440.0 8.416130917592051 0.0005429163526258332
1441.0 8.421975452951491 0.0005429163526258332
1442.0 8.42781998831093 0.0005429163526258332
1443.0 8.433664523670368 0.0005429163526258332
1444.0 8.439509059029808 0.0005429163526258332
1445.0 8.445353594389246 0.0005429163526258332
1446.0 8.451198129748684 0.0005429163526258332
1447.0 8.457042665108125 0.0005429163526258332
1448.0 8.462887200467563 0.0005429163526258332
1449.0 8.468731735827003 0.0005429163526258332
1450.0 8.474576271186441 0.0005429163526258332
1451.0 8.48042080654588 0.0005429163526258332
1452.0 8.48626534190532 0.0005429163526258332
1453.0 8.492109877264758 0.0005429163526258332
1454.0 8.497954412624196 0.0005429163526258332
1455.0 8.503798947983636 0.0005429163526258332
1456.0 8.509643483343075 0.0005429163526258332
1457.0 8.515488018702513 0.0005429163526258332
1458.0 8.521332554061953 0.0005429163526258332
1459.0 8.527177089421391 0.0005429163526258332
1460.0 8.53302162478083 0.0005429163526258332
1461.0 8.53886616014027 0.0005429163526258332
1462.0 8.544710695499708 0.0005429163526258332
1463.0 8.550555230859146 0.0005429163526258332
1464.0 8.556399766218586 0.0005429163526258332
1465.0 8.562244301578025 0.0005429163526258332
1466.0 8.568088836937463 0.0005429163526258332
1467.0 8.573933372296903 0.0005429163526258332
1468.0 8.579777907656341 0.0005429163526258332
1469.0 8.58562244301578 0.0005429163526258332
1470.0 8.59146697837522 0.0005429163526258332
1471.0 8.597311513734658 0.0005429163526258332
1472.0 8.603156049094096 0.0005429163526258332
1473.0 8.609000584453536 0.0005429163526258332
1474.0 8.614845119812975 0.0005429163526258332
1475.0 8.620689655172415 0.0005429163526258332
1476.0 8.626534190531853 0.0005429163526258332
1477.0 8.632378725891291 0.0005429163526258332
1478.0 8.638223261250731 0.0005429163526258332
1479.0 8.64406779661017 0.0005429163526258332
1480.0 8.649912331969608 0.0005429163526258332
1481.0 8.655756867329048 0.0005429163526258332
1482.0 8.661601402688486 0.0005429163526258332
1483.0 8.667445938047925 0.0005429163526258332
1484.0 8.673290473407365 0.0005429163526258332
1485.0 8.679135008766803 0.0005429163526258332
1486.0 8.684979544126241 0.0005429163526258332
1487.0 8.690824079485681 0.0005429163526258332
1488.0 8.696668614845121 0.0005429163526258332
1489.0 8.702513150204558 0.0005429163526258332
1490.0 8.708357685563998 0.0005429163526258332
1491.0 8.714202220923438 0.0005429163526258332
1492.0 8.720046756282875 0.0005429163526258332
1493.0 8.725891291642315 0.0005429163526258332
1494.0 8.731735827001755 0.0005429163526258332
1495.0 8.737580362361191 0.0005429163526258332
1496.0 8.743424897720631 0.0005429163526258332
1497.0 8.749269433080071 0.0005429163526258332
1498.0 8.755113968439508 0.0005429163526258332
1499.0 8.760958503798948 0.0005429163526258332
1500.0 8.766803039158388 0.0005429163526258332
1501.0 8.772647574517826 0.0005429163526258332
1502.0 8.778492109877265 0.0005429163526258332
1503.0 8.784336645236705 0.0005429163526258332
1504.0 8.790181180596143 0.0005429163526258332
1505.0 8.796025715955581 0.0005429163526258332
1506.0 8.801870251315021 0.0005429163526258332
1507.0 8.80771478667446 0.0005429163526258332
1508.0 8.813559322033898 0.0005429163526258332
1509.0 8.819403857393338 0.0005429163526258332
1510.0 8.825248392752776 0.0005429163526258332
1511.0 8.831092928112215 0.0005429163526258332
1512.0 8.836937463471655 0.0005429163526258332
1513.0 8.842781998831093 0.0005429163526258332
1514.0 8.848626534190533 0.0005429163526258332
1515.0 8.854471069549971 0.0005429163526258332
1516.0 8.86031560490941 0.0005429163526258332
1517.0 8.86616014026885 0.0005429163526258332
1518.0 8.872004675628288 0.0005429163526258332
1519.0 8.877849210987726 0.0005429163526258332
1520.0 8.883693746347166 0.0005429163526258332
1521.0 8.889538281706605 0.0005429163526258332
1522.0 8.895382817066043 0.0005429163526258332
1523.0 8.901227352425483 0.0005429163526258332
1524.0 8.907071887784921 0.0005429163526258332
1525.0 8.91291642314436 0.0005429163526258332
1526.0 8.9187609585038 0.0005429163526258332
1527.0 8.924605493863238 0.0005429163526258332
1528.0 8.930450029222676 0.0005429163526258332
1529.0 8.936294564582116 0.0005429163526258332
1530.0 8.942139099941555 0.0005429163526258332
1531.0 8.947983635300993 0.0005429163526258332
1532.0 8.953828170660433 0.0005429163526258332
1533.0 8.959672706019871 0.0005429163526258332
1534.0 8.96551724137931 0.0005429163526258332
1535.0 8.97136177673875 0.0005429163526258332
1536.0 8.977206312098188 0.0005429163526258332
1537.0 8.983050847457626 0.0005429163526258332
1538.0 8.988895382817066 0.0005429163526258332
1539.0 8.994739918176505 0.0005429163526258332
1540.0 9.000584453535945 0.0005429163526258332
1541.0 9.006428988895383 0.0005429163526258332
1542.0 9.012273524254821 0.0005429163526258332
1543.0 9.018118059614261 0.0005429163526258332
1544.0 9.0239625949737 0.0005429163526258332
1545.0 9.029807130333138 0.0005429163526258332
1546.0 9.035651665692578 0.0005429163526258332
1547.0 9.041496201052016 0.0005429163526258332
1548.0 9.047340736411455 0.0005429163526258332
1549.0 9.053185271770895 0.0005429163526258332
1550.0 9.059029807130333 0.0005429163526258332
1551.0 9.064874342489771 0.0005429163526258332
1552.0 9.070718877849211 0.0005429163526258332
1553.0 9.076563413208651 0.0005429163526258332
1554.0 9.082407948568088 0.0005429163526258332
1555.0 9.088252483927528 0.0005429163526258332
1556.0 9.094097019286968 0.0005429163526258332
1557.0 9.099941554646405 0.0005429163526258332
1558.0 9.105786090005845 0.0005429163526258332
1559.0 9.111630625365285 0.0005429163526258332
1560.0 9.117475160724721 0.0005429163526258332
1561.0 9.123319696084161 0.0005429163526258332
1562.0 9.129164231443601 0.0005429163526258332
1563.0 9.135008766803038 0.0005429163526258332
1564.0 9.140853302162478 0.0005429163526258332
1565.0 9.146697837521918 0.0005429163526258332
1566.0 9.152542372881356 0.0005429163526258332
1567.0 9.158386908240795 0.0005429163526258332
1568.0 9.164231443600235 0.0005429163526258332
1569.0 9.170075978959673 0.0005429163526258332
1570.0 9.175920514319111 0.0005429163526258332
1571.0 9.181765049678551 0.0005429163526258332
1572.0 9.18760958503799 0.0005429163526258332
1573.0 9.193454120397428 0.0005429163526258332
1574.0 9.199298655756868 0.0005429163526258332
1575.0 9.205143191116306 0.0005429163526258332
1576.0 9.210987726475745 0.0005429163526258332
1577.0 9.216832261835185 0.0005429163526258332
1578.0 9.222676797194623 0.0005429163526258332
1579.0 9.228521332554063 0.0005429163526258332
1580.0 9.234365867913501 0.0005429163526258332
1581.0 9.24021040327294 0.0005429163526258332
1582.0 9.24605493863238 0.0005429163526258332
1583.0 9.251899473991818 0.0005429163526258332
1584.0 9.257744009351256 0.0005429163526258332
1585.0 9.263588544710696 0.0005429163526258332
1586.0 9.269433080070135 0.0005429163526258332
1587.0 9.275277615429573 0.0005429163526258332
1588.0 9.281122150789013 0.0005429163526258332
1589.0 9.286966686148451 0.0005429163526258332
1590.0 9.29281122150789 0.0005429163526258332
1591.0 9.29865575686733 0.0005429163526258332
1592.0 9.304500292226768 0.0005429163526258332
1593.0 9.310344827586206 0.0005429163526258332
1594.0 9.316189362945646 0.0005429163526258332
1595.0 9.322033898305085 0.0005429163526258332
1596.0 9.327878433664523 0.0005429163526258332
1597.0 9.333722969023963 0.0005429163526258332
1598.0 9.339567504383401 0.0005429163526258332
1599.0 9.34541203974284 0.0005429163526258332
1600.0 9.35125657510228 0.0005429163526258332
1601.0 9.357101110461718 0.0005429163526258332
1602.0 9.362945645821156 0.0005429163526258332
1603.0 9.368790181180596 0.0005429163526258332
1604.0 9.374634716540035 0.0005429163526258332
1605.0 9.380479251899473 0.0005429163526258332
1606.0 9.386323787258913 0.0005429163526258332
1607.0 9.392168322618351 0.0005429163526258332
1608.0 9.398012857977792 0.0005429163526258332
1609.0 9.40385739333723 0.0005429163526258332
1610.0 9.409701928696668 0.0005429163526258332
1611.0 9.415546464056108 0.0005429163526258332
1612.0 9.421390999415546 0.0005429163526258332
1613.0 9.427235534774985 0.0005429163526258332
1614.0 9.433080070134425 0.0005429163526258332
1615.0 9.438924605493863 0.0005429163526258332
1616.0 9.444769140853301 0.0005429163526258332
1617.0 9.450613676212742 0.0005429163526258332
1618.0 9.45645821157218 0.0005429163526258332
1619.0 9.462302746931618 0.0005429163526258332
1620.0 9.468147282291058 0.0005429163526258332
1621.0 9.473991817650498 0.0005429163526258332
1622.0 9.479836353009935 0.0005429163526258332
1623.0 9.485680888369375 0.0005429163526258332
1624.0 9.491525423728815 0.0005429163526258332
1625.0 9.497369959088251 0.0005429163526258332
1626.0 9.503214494447692 0.0005429163526258332
1627.0 9.509059029807132 0.0005429163526258332
1628.0 9.514903565166568 0.0005429163526258332
1629.0 9.520748100526008 0.0005429163526258332
1630.0 9.526592635885448 0.0005429163526258332
1631.0 9.532437171244885 0.0005429163526258332
1632.0 9.538281706604325 0.0005429163526258332
1633.0 9.544126241963765 0.0005429163526258332
1634.0 9.549970777323203 0.0005429163526258332
1635.0 9.555815312682642 0.0005429163526258332
1636.0 9.561659848042082 0.0005429163526258332
1637.0 9.56750438340152 0.0005429163526258332
1638.0 9.573348918760958 0.0005429163526258332
1639.0 9.579193454120398 0.0005429163526258332
1640.0 9.585037989479837 0.0005429163526258332
1641.0 9.590882524839275 0.0005429163526258332
1642.0 9.596727060198715 0.0005429163526258332
1643.0 9.602571595558153 0.0005429163526258332
1644.0 9.608416130917592 0.0005429163526258332
1645.0 9.614260666277032 0.0005429163526258332
1646.0 9.62010520163647 0.0005429163526258332
1647.0 9.62594973699591 0.0005429163526258332
1648.0 9.631794272355348 0.0005429163526258332
1649.0 9.637638807714787 0.0005429163526258332
1650.0 9.643483343074227 0.0005429163526258332
1651.0 9.649327878433665 0.0005429163526258332
1652.0 9.655172413793103 0.0005429163526258332
1653.0 9.661016949152543 0.0005429163526258332
1654.0 9.666861484511982 0.0005429163526258332
1655.0 9.67270601987142 0.0005429163526258332
1656.0 9.67855055523086 0.0005429163526258332
1657.0 9.684395090590298 0.0005429163526258332
1658.0 9.690239625949737 0.0005429163526258332
1659.0 9.696084161309177 0.0005429163526258332
1660.0 9.701928696668617 0.0005429163526258332
1661.0 9.707773232028053 0.0005429163526258332
1662.0 9.713617767387493 0.0005429163526258332
1663.0 9.719462302746933 0.0005429163526258332
1664.0 9.72530683810637 0.0005429163526258332
1665.0 9.73115137346581 0.0005429163526258332
1666.0 9.73699590882525 0.0005429163526258332
1667.0 9.742840444184687 0.0005429163526258332
1668.0 9.748684979544127 0.0005429163526258332
1669.0 9.754529514903567 0.0005429163526258332
1670.0 9.760374050263003 0.0005429163526258332
1671.0 9.766218585622443 0.0005429163526258332
1672.0 9.772063120981883 0.0005429163526258332
1673.0 9.777907656341322 0.0005429163526258332
1674.0 9.78375219170076 0.0005429163526258332
1675.0 9.7895967270602 0.0005429163526258332
1676.0 9.795441262419638 0.0005429163526258332
1677.0 9.801285797779077 0.0005429163526258332
1678.0 9.807130333138517 0.0005429163526258332
1679.0 9.812974868497955 0.0005429163526258332
1680.0 9.818819403857393 0.0005429163526258332
1681.0 9.824663939216833 0.0005429163526258332
1682.0 9.830508474576272 0.0005429163526258332
1683.0 9.83635300993571 0.0005429163526258332
1684.0 9.84219754529515 0.0005429163526258332
1685.0 9.848042080654588 0.0005429163526258332
1686.0 9.853886616014028 0.0005429163526258332
1687.0 9.859731151373467 0.0005429163526258332
1688.0 9.865575686732905 0.0005429163526258332
1689.0 9.871420222092345 0.0005429163526258332
1690.0 9.877264757451783 0.0005429163526258332
1691.0 9.883109292811222 0.0005429163526258332
1692.0 9.888953828170662 0.0005429163526258332
1693.0 9.8947983635301 0.0005429163526258332
1694.0 9.900642898889538 0.0005429163526258332
1695.0 9.906487434248978 0.0005429163526258332
1696.0 9.912331969608417 0.0005429163526258332
1697.0 9.918176504967855 0.0005429163526258332
1698.0 9.924021040327295 0.0005429163526258332
1699.0 9.929865575686733 0.0005429163526258332
1700.0 9.935710111046172 0.0005429163526258332
1701.0 9.941554646405612 0.0005429163526258332
1702.0 9.94739918176505 0.0005429163526258332
1703.0 9.953243717124488 0.0005429163526258332
1704.0 9.959088252483928 0.0005429163526258332
1705.0 9.964932787843367 0.0005429163526258332
1706.0 9.970777323202805 0.0005429163526258332
1707.0 9.976621858562245 0.0005429163526258332
1708.0 9.982466393921683 0.0005429163526258332
1709.0 9.988310929281122 0.0005429163526258332
1710.0 9.994155464640562 0.0005429163526258332
1711.0 10.0 0.0005429163526258332
