1.0 0.006093845216331505 0.045604973620566105
2.0 0.01218769043266301 0.026602901278663434
3.0 0.018281535648994516 0.021173737752405702
4.0 0.02437538086532602 0.020087905047154183
5.0 0.030469226081657527 0.017916239636651
6.0 0.03656307129798903 0.015744574226147817
7.0 0.04265691651432054 0.013572908815644635
8.0 0.04875076173065204 0.011944159757767284
9.0 0.054844606946983544 0.011401243405141601
10.0 0.06093845216331505 0.010315410699889935
11.0 0.06703229737964655 0.010315410699889935
12.0 0.07312614259597806 0.010315410699889935
13.0 0.07921998781230957 0.010315410699889935
14.0 0.08531383302864108 0.009229577994638418
15.0 0.09140767824497259 0.008686661642012584
16.0 0.09750152346130408 0.00814374528938675
17.0 0.1035953686776356 0.008686661642012584
18.0 0.10968921389396709 0.008686661642012584
19.0 0.11578305911029861 0.008686661642012584
20.0 0.1218769043266301 0.007057912584135234
21.0 0.12797074954296161 0.0070579125841350844
22.0 0.1340645947592931 0.005972079878883567
23.0 0.14015843997562463 0.0065149962315094005
24.0 0.14625228519195613 0.00488624717363205
25.0 0.15234613040828765 0.0054291635262578835
26.0 0.15843997562461914 0.0054291635262578835
27.0 0.16453382084095067 0.0054291635262578835
28.0 0.17062766605728216 0.0054291635262578835
29.0 0.17672151127361369 0.0054291635262578835
30.0 0.18281535648994518 0.0054291635262578835
31.0 0.18890920170627667 0.00488624717363205
32.0 0.19500304692260817 0.004343330821006217
33.0 0.2010968921389397 0.004343330821006217
34.0 0.2071907373552712 0.0038004144683803837
35.0 0.21328458257160268 0.0038004144683803837
36.0 0.21937842778793418 0.0038004144683803837
37.0 0.22547227300426573 0.0038004144683803837
38.0 0.23156611822059722 0.0038004144683803837
39.0 0.23765996343692872 0.0038004144683803837
40.0 0.2437538086532602 0.0038004144683803837
41.0 0.24984765386959173 0.0038004144683803837
42.0 0.25594149908592323 0.0038004144683803837
43.0 0.2620353443022547 0.0038004144683803837
44.0 0.2681291895185862 0.0038004144683803837
45.0 0.27422303473491777 0.0032574981157547003
46.0 0.28031687995124926 0.0032574981157547003
47.0 0.28641072516758076 0.0032574981157547003
48.0 0.29250457038391225 0.0032574981157547003
49.0 0.29859841560024375 0.0032574981157547003
50.0 0.3046922608165753 0.0032574981157547003
51.0 0.3107861060329068 0.0032574981157547003
52.0 0.3168799512492383 0.0032574981157547003
53.0 0.3229737964655698 0.0032574981157547003
54.0 0.32906764168190134 0.0032574981157547003
55.0 0.33516148689823283 0.0032574981157547003
56.0 0.3412553321145643 0.0032574981157547003
57.0 0.3473491773308958 0.0032574981157547003
58.0 0.35344302254722737 0.0032574981157547003
59.0 0.35953686776355887 0.0032574981157547003
60.0 0.36563071297989036 0.0027145817631290168
61.0 0.37172455819622185 0.0032574981157547003
62.0 0.37781840341255335 0.0032574981157547003
63.0 0.38391224862888484 0.0032574981157547003
64.0 0.39000609384521634 0.0027145817631290168
65.0 0.39609993906154783 0.0027145817631290168
66.0 0.4021937842778794 0.0027145817631290168
67.0 0.4082876294942109 0.0027145817631290168
68.0 0.4143814747105424 0.0027145817631290168
69.0 0.42047531992687387 0.0027145817631290168
70.0 0.42656916514320536 0.0027145817631290168
71.0 0.43266301035953686 0.0027145817631290168
72.0 0.43875685557586835 0.0027145817631290168
73.0 0.44485070079219996 0.0027145817631290168
74.0 0.45094454600853145 0.0027145817631290168
75.0 0.45703839122486295 0.0027145817631290168
76.0 0.46313223644119444 0.0027145817631290168
77.0 0.46922608165752594 0.0027145817631290168
78.0 0.47531992687385743 0.0027145817631290168
79.0 0.48141377209018893 0.0027145817631290168
80.0 0.4875076173065204 0.0027145817631290168
81.0 0.4936014625228519 0.0027145817631290168
82.0 0.49969530773918347 0.0027145817631290168
83.0 0.505789152955515 0.0027145817631290168
84.0 0.5118829981718465 0.0027145817631290168
85.0 0.517976843388178 0.0027145817631290168
86.0 0.5240706886045094 0.0027145817631290168
87.0 0.5301645338208409 0.0027145817631290168
88.0 0.5362583790371724 0.0027145817631290168
89.0 0.5423522242535039 0.0027145817631290168
90.0 0.5484460694698355 0.0021716654105031832
91.0 0.554539914686167 0.0027145817631290168
92.0 0.5606337599024985 0.0027145817631290168
93.0 0.56672760511883 0.0027145817631290168
94.0 0.5728214503351615 0.0027145817631290168
95.0 0.578915295551493 0.0021716654105031832
96.0 0.5850091407678245 0.0021716654105031832
97.0 0.591102985984156 0.0021716654105031832
98.0 0.5971968312004875 0.0021716654105031832
99.0 0.6032906764168191 0.0021716654105031832
100.0 0.6093845216331506 0.0021716654105031832
101.0 0.6154783668494821 0.0021716654105031832
102.0 0.6215722120658136 0.0021716654105031832
103.0 0.6276660572821451 0.0021716654105031832
104.0 0.6337599024984766 0.0021716654105031832
105.0 0.6398537477148081 0.0021716654105031832
106.0 0.6459475929311396 0.0021716654105031832
107.0 0.6520414381474712 0.0021716654105031832
108.0 0.6581352833638027 0.0021716654105031832
109.0 0.6642291285801342 0.0021716654105031832
110.0 0.6703229737964657 0.0021716654105031832
111.0 0.6764168190127972 0.0021716654105031832
112.0 0.6825106642291286 0.0021716654105031832
113.0 0.6886045094454601 0.0021716654105031832
114.0 0.6946983546617916 0.0021716654105031832
115.0 0.7007921998781231 0.0021716654105031832
116.0 0.7068860450944547 0.0021716654105031832
117.0 0.7129798903107862 0.0021716654105031832
118.0 0.7190737355271177 0.0021716654105031832
119.0 0.7251675807434492 0.0021716654105031832
120.0 0.7312614259597807 0.0021716654105031832
121.0 0.7373552711761122 0.0021716654105031832
122.0 0.7434491163924437 0.0021716654105031832
123.0 0.7495429616087752 0.0021716654105031832
124.0 0.7556368068251067 0.0021716654105031832
125.0 0.7617306520414382 0.0016287490578773501
126.0 0.7678244972577697 0.0016287490578773501
127.0 0.7739183424741012 0.0016287490578773501
128.0 0.7800121876904327 0.0016287490578773501
129.0 0.7861060329067642 0.0016287490578773501
130.0 0.7921998781230957 0.0016287490578773501
131.0 0.7982937233394272 0.0016287490578773501
132.0 0.8043875685557588 0.0016287490578773501
133.0 0.8104814137720903 0.0016287490578773501
134.0 0.8165752589884218 0.0016287490578773501
135.0 0.8226691042047533 0.0016287490578773501
136.0 0.8287629494210847 0.0016287490578773501
137.0 0.8348567946374162 0.0016287490578773501
138.0 0.8409506398537477 0.0016287490578773501
139.0 0.8470444850700792 0.0016287490578773501
140.0 0.8531383302864107 0.0016287490578773501
141.0 0.8592321755027422 0.0016287490578773501
142.0 0.8653260207190737 0.0016287490578773501
143.0 0.8714198659354052 0.0016287490578773501
144.0 0.8775137111517367 0.0016287490578773501
145.0 0.8836075563680682 0.0016287490578773501
146.0 0.8897014015843999 0.0016287490578773501
147.0 0.8957952468007314 0.0016287490578773501
148.0 0.9018890920170629 0.0016287490578773501
149.0 0.9079829372333944 0.0016287490578773501
150.0 0.9140767824497259 0.0016287490578773501
151.0 0.9201706276660574 0.0016287490578773501
152.0 0.9262644728823889 0.0016287490578773501
153.0 0.9323583180987204 0.0016287490578773501
154.0 0.9384521633150519 0.0016287490578773501
155.0 0.9445460085313834 0.0016287490578773501
156.0 0.9506398537477149 0.0016287490578773501
157.0 0.9567336989640464 0.0016287490578773501
158.0 0.9628275441803779 0.0016287490578773501
159.0 0.9689213893967094 0.0016287490578773501
160.0 0.9750152346130408 0.0016287490578773501
161.0 0.9811090798293723 0.0016287490578773501
162.0 0.9872029250457038 0.0016287490578773501
163.0 0.9932967702620354 0.0016287490578773501
164.0 0.9993906154783669 0.0016287490578773501
165.0 1.0054844606946984 0.0016287490578773501
166.0 1.01157830591103 0.0016287490578773501
167.0 1.0176721511273614 0.0016287490578773501
168.0 1.023765996343693 0.0016287490578773501
169.0 1.0298598415600244 0.0016287490578773501
170.0 1.035953686776356 0.0016287490578773501
171.0 1.0420475319926874 0.0016287490578773501
172.0 1.048141377209019 0.0016287490578773501
173.0 1.0542352224253504 0.0016287490578773501
174.0 1.0603290676416819 0.0016287490578773501
175.0 1.0664229128580134 0.0016287490578773501
176.0 1.0725167580743449 0.0016287490578773501
177.0 1.0786106032906764 0.0016287490578773501
178.0 1.0847044485070079 0.0016287490578773501
179.0 1.0907982937233394 0.0016287490578773501
180.0 1.096892138939671 0.0016287490578773501
181.0 1.1029859841560026 0.0016287490578773501
182.0 1.109079829372334 0.0016287490578773501
183.0 1.1151736745886656 0.0016287490578773501
184.0 1.121267519804997 0.0016287490578773501
185.0 1.1273613650213286 0.0016287490578773501
186.0 1.13345521023766 0.0016287490578773501
187.0 1.1395490554539915 0.0016287490578773501
188.0 1.145642900670323 0.0016287490578773501
189.0 1.1517367458866545 0.0016287490578773501
190.0 1.157830591102986 0.0016287490578773501
191.0 1.1639244363193175 0.0016287490578773501
192.0 1.170018281535649 0.0016287490578773501
193.0 1.1761121267519805 0.0016287490578773501
194.0 1.182205971968312 0.0016287490578773501
195.0 1.1882998171846435 0.0016287490578773501
196.0 1.194393662400975 0.0016287490578773501
197.0 1.2004875076173067 0.0016287490578773501
198.0 1.2065813528336382 0.0016287490578773501
199.0 1.2126751980499697 0.0016287490578773501
200.0 1.2187690432663012 0.0016287490578773501
201.0 1.2248628884826327 0.0016287490578773501
202.0 1.2309567336989642 0.0016287490578773501
203.0 1.2370505789152957 0.0016287490578773501
204.0 1.2431444241316272 0.0016287490578773501
205.0 1.2492382693479587 0.0016287490578773501
206.0 1.2553321145642902 0.0016287490578773501
207.0 1.2614259597806217 0.0016287490578773501
208.0 1.2675198049969532 0.0016287490578773501
209.0 1.2736136502132847 0.0016287490578773501
210.0 1.2797074954296161 0.0016287490578773501
211.0 1.2858013406459476 0.0016287490578773501
212.0 1.2918951858622791 0.0016287490578773501
213.0 1.2979890310786106 0.0016287490578773501
214.0 1.3040828762949424 0.0016287490578773501
215.0 1.3101767215112738 0.0016287490578773501
216.0 1.3162705667276053 0.0016287490578773501
217.0 1.3223644119439368 0.0016287490578773501
218.0 1.3284582571602683 0.0016287490578773501
219.0 1.3345521023765998 0.0016287490578773501
220.0 1.3406459475929313 0.0016287490578773501
221.0 1.3467397928092628 0.0016287490578773501
222.0 1.3528336380255943 0.0016287490578773501
223.0 1.3589274832419258 0.0016287490578773501
224.0 1.3650213284582573 0.0016287490578773501
225.0 1.3711151736745888 0.0016287490578773501
226.0 1.3772090188909203 0.0016287490578773501
227.0 1.3833028641072518 0.0016287490578773501
228.0 1.3893967093235833 0.0016287490578773501
229.0 1.3954905545399148 0.0016287490578773501
230.0 1.4015843997562463 0.0016287490578773501
231.0 1.407678244972578 0.0016287490578773501
232.0 1.4137720901889095 0.0016287490578773501
233.0 1.419865935405241 0.0016287490578773501
234.0 1.4259597806215725 0.0016287490578773501
235.0 1.432053625837904 0.0016287490578773501
236.0 1.4381474710542355 0.0016287490578773501
237.0 1.444241316270567 0.0016287490578773501
238.0 1.4503351614868984 0.0016287490578773501
239.0 1.45642900670323 0.0016287490578773501
240.0 1.4625228519195614 0.0016287490578773501
241.0 1.468616697135893 0.0016287490578773501
242.0 1.4747105423522244 0.0016287490578773501
243.0 1.480804387568556 0.0016287490578773501
244.0 1.4868982327848874 0.0016287490578773501
245.0 1.492992078001219 0.0016287490578773501
246.0 1.4990859232175504 0.0016287490578773501
247.0 1.505179768433882 0.0016287490578773501
248.0 1.5112736136502134 0.0016287490578773501
249.0 1.517367458866545 0.0016287490578773501
250.0 1.5234613040828764 0.0016287490578773501
251.0 1.5295551492992079 0.0016287490578773501
252.0 1.5356489945155394 0.0016287490578773501
253.0 1.5417428397318709 0.0016287490578773501
254.0 1.5478366849482024 0.0016287490578773501
255.0 1.5539305301645339 0.0016287490578773501
256.0 1.5600243753808654 0.0016287490578773501
257.0 1.5661182205971969 0.0016287490578773501
258.0 1.5722120658135283 0.0016287490578773501
259.0 1.5783059110298598 0.0016287490578773501
260.0 1.5843997562461913 0.0016287490578773501
261.0 1.5904936014625228 0.0016287490578773501
262.0 1.5965874466788543 0.0016287490578773501
263.0 1.6026812918951858 0.0016287490578773501
264.0 1.6087751371115175 0.0016287490578773501
265.0 1.6148689823278488 0.0016287490578773501
266.0 1.6209628275441805 0.0016287490578773501
267.0 1.6270566727605118 0.0016287490578773501
268.0 1.6331505179768435 0.0016287490578773501
269.0 1.6392443631931748 0.0016287490578773501
270.0 1.6453382084095065 0.0016287490578773501
271.0 1.6514320536258378 0.0016287490578773501
272.0 1.6575258988421695 0.0016287490578773501
273.0 1.6636197440585008 0.0016287490578773501
274.0 1.6697135892748325 0.0016287490578773501
275.0 1.6758074344911642 0.0016287490578773501
276.0 1.6819012797074955 0.0016287490578773501
277.0 1.6879951249238272 0.0016287490578773501
278.0 1.6940889701401585 0.0016287490578773501
279.0 1.7001828153564902 0.0016287490578773501
280.0 1.7062766605728215 0.0016287490578773501
281.0 1.7123705057891532 0.0016287490578773501
282.0 1.7184643510054844 0.0016287490578773501
283.0 1.7245581962218162 0.0016287490578773501
284.0 1.7306520414381474 0.0016287490578773501
285.0 1.7367458866544792 0.0016287490578773501
286.0 1.7428397318708104 0.0016287490578773501
287.0 1.7489335770871421 0.0016287490578773501
288.0 1.7550274223034734 0.0016287490578773501
289.0 1.7611212675198051 0.0016287490578773501
290.0 1.7672151127361364 0.0016287490578773501
291.0 1.7733089579524681 0.0016287490578773501
292.0 1.7794028031687998 0.0016287490578773501
293.0 1.7854966483851311 0.0016287490578773501
294.0 1.7915904936014628 0.0016287490578773501
295.0 1.797684338817794 0.0016287490578773501
296.0 1.8037781840341258 0.0016287490578773501
297.0 1.809872029250457 0.0016287490578773501
298.0 1.8159658744667888 0.0016287490578773501
299.0 1.82205971968312 0.0016287490578773501
300.0 1.8281535648994518 0.0016287490578773501
301.0 1.834247410115783 0.0016287490578773501
302.0 1.8403412553321148 0.0016287490578773501
303.0 1.846435100548446 0.0016287490578773501
304.0 1.8525289457647778 0.0016287490578773501
305.0 1.858622790981109 0.0016287490578773501
306.0 1.8647166361974408 0.0016287490578773501
307.0 1.870810481413772 0.0016287490578773501
308.0 1.8769043266301038 0.0016287490578773501
309.0 1.8829981718464355 0.0016287490578773501
310.0 1.8890920170627667 0.0016287490578773501
311.0 1.8951858622790985 0.0016287490578773501
312.0 1.9012797074954297 0.0016287490578773501
313.0 1.9073735527117615 0.0016287490578773501
314.0 1.9134673979280927 0.0016287490578773501
315.0 1.9195612431444244 0.0016287490578773501
316.0 1.9256550883607557 0.0016287490578773501
317.0 1.9317489335770874 0.0016287490578773501
318.0 1.9378427787934187 0.0016287490578773501
319.0 1.9439366240097504 0.0016287490578773501
320.0 1.9500304692260817 0.0016287490578773501
321.0 1.9561243144424134 0.0016287490578773501
322.0 1.9622181596587447 0.0016287490578773501
323.0 1.9683120048750764 0.0016287490578773501
324.0 1.9744058500914077 0.0016287490578773501
325.0 1.9804996953077394 0.0016287490578773501
326.0 1.9865935405240709 0.0016287490578773501
327.0 1.9926873857404024 0.0016287490578773501
328.0 1.9987812309567339 0.0016287490578773501
329.0 2.0048750761730654 0.0016287490578773501
330.0 2.010968921389397 0.0016287490578773501
331.0 2.0170627666057284 0.0016287490578773501
332.0 2.02315661182206 0.0016287490578773501
333.0 2.0292504570383914 0.0016287490578773501
334.0 2.035344302254723 0.0016287490578773501
335.0 2.0414381474710543 0.0016287490578773501
336.0 2.047531992687386 0.0016287490578773501
337.0 2.0536258379037173 0.0016287490578773501
338.0 2.059719683120049 0.0016287490578773501
339.0 2.0658135283363803 0.0016287490578773501
340.0 2.071907373552712 0.0016287490578773501
341.0 2.0780012187690433 0.0016287490578773501
342.0 2.084095063985375 0.0016287490578773501
343.0 2.0901889092017067 0.0016287490578773501
344.0 2.096282754418038 0.0016287490578773501
345.0 2.1023765996343697 0.0016287490578773501
346.0 2.108470444850701 0.0016287490578773501
347.0 2.1145642900670327 0.0016287490578773501
348.0 2.1206581352833638 0.0016287490578773501
349.0 2.1267519804996957 0.0016287490578773501
350.0 2.1328458257160268 0.0016287490578773501
351.0 2.1389396709323587 0.0016287490578773501
352.0 2.1450335161486898 0.0016287490578773501
353.0 2.1511273613650217 0.0016287490578773501
354.0 2.1572212065813527 0.0016287490578773501
355.0 2.1633150517976847 0.0016287490578773501
356.0 2.1694088970140157 0.0016287490578773501
357.0 2.1755027422303477 0.0016287490578773501
358.0 2.1815965874466787 0.0016287490578773501
359.0 2.1876904326630107 0.0016287490578773501
360.0 2.193784277879342 0.0016287490578773501
361.0 2.1998781230956737 0.0016287490578773501
362.0 2.205971968312005 0.0016287490578773501
363.0 2.2120658135283366 0.0016287490578773501
364.0 2.218159658744668 0.0016287490578773501
365.0 2.2242535039609996 0.0016287490578773501
366.0 2.230347349177331 0.0016287490578773501
367.0 2.2364411943936626 0.0016287490578773501
368.0 2.242535039609994 0.0016287490578773501
369.0 2.2486288848263256 0.0016287490578773501
370.0 2.254722730042657 0.0016287490578773501
371.0 2.2608165752589886 0.0016287490578773501
372.0 2.26691042047532 0.0016287490578773501
373.0 2.2730042656916516 0.0016287490578773501
374.0 2.279098110907983 0.0016287490578773501
375.0 2.2851919561243146 0.0016287490578773501
376.0 2.291285801340646 0.0016287490578773501
377.0 2.2973796465569776 0.0016287490578773501
378.0 2.303473491773309 0.0016287490578773501
379.0 2.3095673369896406 0.0016287490578773501
380.0 2.315661182205972 0.0016287490578773501
381.0 2.3217550274223036 0.0016287490578773501
382.0 2.327848872638635 0.0016287490578773501
383.0 2.3339427178549665 0.0016287490578773501
384.0 2.340036563071298 0.0016287490578773501
385.0 2.3461304082876295 0.0016287490578773501
386.0 2.352224253503961 0.0016287490578773501
387.0 2.3583180987202925 0.0016287490578773501
388.0 2.364411943936624 0.0016287490578773501
389.0 2.3705057891529555 0.0016287490578773501
390.0 2.376599634369287 0.0016287490578773501
391.0 2.3826934795856185 0.0016287490578773501
392.0 2.38878732480195 0.0016287490578773501
393.0 2.3948811700182815 0.0016287490578773501
394.0 2.4009750152346134 0.0016287490578773501
395.0 2.407068860450945 0.0016287490578773501
396.0 2.4131627056672764 0.0016287490578773501
397.0 2.419256550883608 0.0016287490578773501
398.0 2.4253503960999394 0.0016287490578773501
399.0 2.431444241316271 0.0016287490578773501
400.0 2.4375380865326024 0.0016287490578773501
401.0 2.443631931748934 0.0016287490578773501
402.0 2.4497257769652654 0.0016287490578773501
403.0 2.455819622181597 0.0016287490578773501
404.0 2.4619134673979284 0.0016287490578773501
405.0 2.46800731261426 0.0016287490578773501
406.0 2.4741011578305914 0.0016287490578773501
407.0 2.480195003046923 0.0016287490578773501
408.0 2.4862888482632544 0.0016287490578773501
409.0 2.492382693479586 0.0016287490578773501
410.0 2.4984765386959173 0.0016287490578773501
411.0 2.504570383912249 0.0016287490578773501
412.0 2.5106642291285803 0.0016287490578773501
413.0 2.516758074344912 0.0016287490578773501
414.0 2.5228519195612433 0.0016287490578773501
415.0 2.528945764777575 0.0016287490578773501
416.0 2.5350396099939063 0.0016287490578773501
417.0 2.541133455210238 0.0016287490578773501
418.0 2.5472273004265693 0.0016287490578773501
419.0 2.553321145642901 0.0016287490578773501
420.0 2.5594149908592323 0.0016287490578773501
421.0 2.565508836075564 0.0016287490578773501
422.0 2.5716026812918953 0.0016287490578773501
423.0 2.577696526508227 0.0016287490578773501
424.0 2.5837903717245583 0.0016287490578773501
425.0 2.5898842169408898 0.0016287490578773501
426.0 2.5959780621572213 0.0016287490578773501
427.0 2.6020719073735528 0.0016287490578773501
428.0 2.6081657525898847 0.0016287490578773501
429.0 2.6142595978062158 0.0016287490578773501
430.0 2.6203534430225477 0.0016287490578773501
431.0 2.6264472882388787 0.0016287490578773501
432.0 2.6325411334552107 0.0016287490578773501
433.0 2.6386349786715417 0.0016287490578773501
434.0 2.6447288238878737 0.0016287490578773501
435.0 2.6508226691042047 0.0016287490578773501
436.0 2.6569165143205367 0.0016287490578773501
437.0 2.6630103595368677 0.0016287490578773501
438.0 2.6691042047531996 0.0016287490578773501
439.0 2.6751980499695307 0.0016287490578773501
440.0 2.6812918951858626 0.0016287490578773501
441.0 2.6873857404021937 0.0016287490578773501
442.0 2.6934795856185256 0.0016287490578773501
443.0 2.6995734308348567 0.0016287490578773501
444.0 2.7056672760511886 0.0016287490578773501
445.0 2.71176112126752 0.0016287490578773501
446.0 2.7178549664838516 0.0016287490578773501
447.0 2.723948811700183 0.0016287490578773501
448.0 2.7300426569165146 0.0016287490578773501
449.0 2.736136502132846 0.0016287490578773501
450.0 2.7422303473491776 0.0016287490578773501
451.0 2.748324192565509 0.0016287490578773501
452.0 2.7544180377818406 0.0016287490578773501
453.0 2.760511882998172 0.0016287490578773501
454.0 2.7666057282145036 0.0016287490578773501
455.0 2.772699573430835 0.0016287490578773501
456.0 2.7787934186471666 0.0016287490578773501
457.0 2.784887263863498 0.0016287490578773501
458.0 2.7909811090798295 0.0016287490578773501
459.0 2.797074954296161 0.0016287490578773501
460.0 2.8031687995124925 0.0016287490578773501
461.0 2.809262644728824 0.0016287490578773501
462.0 2.815356489945156 0.0016287490578773501
463.0 2.821450335161487 0.0016287490578773501
464.0 2.827544180377819 0.0016287490578773501
465.0 2.83363802559415 0.0016287490578773501
466.0 2.839731870810482 0.0016287490578773501
467.0 2.845825716026813 0.0016287490578773501
468.0 2.851919561243145 0.0016287490578773501
469.0 2.858013406459476 0.0016287490578773501
470.0 2.864107251675808 0.0016287490578773501
471.0 2.870201096892139 0.0016287490578773501
472.0 2.876294942108471 0.0016287490578773501
473.0 2.882388787324802 0.0016287490578773501
474.0 2.888482632541134 0.0016287490578773501
475.0 2.894576477757465 0.0016287490578773501
476.0 2.900670322973797 0.0016287490578773501
477.0 2.906764168190128 0.0016287490578773501
478.0 2.91285801340646 0.0016287490578773501
479.0 2.9189518586227914 0.0016287490578773501
480.0 2.925045703839123 0.0016287490578773501
481.0 2.9311395490554544 0.0016287490578773501
482.0 2.937233394271786 0.0016287490578773501
483.0 2.9433272394881174 0.0016287490578773501
484.0 2.949421084704449 0.0016287490578773501
485.0 2.9555149299207804 0.0016287490578773501
486.0 2.961608775137112 0.0016287490578773501
487.0 2.9677026203534433 0.0016287490578773501
488.0 2.973796465569775 0.0016287490578773501
489.0 2.9798903107861063 0.0016287490578773501
490.0 2.985984156002438 0.0016287490578773501
491.0 2.9920780012187693 0.0016287490578773501
492.0 2.998171846435101 0.0016287490578773501
493.0 3.0042656916514323 0.0016287490578773501
494.0 3.010359536867764 0.0016287490578773501
495.0 3.0164533820840953 0.0016287490578773501
496.0 3.022547227300427 0.0016287490578773501
497.0 3.0286410725167583 0.0016287490578773501
498.0 3.03473491773309 0.0016287490578773501
499.0 3.0408287629494213 0.0016287490578773501
500.0 3.0469226081657528 0.0016287490578773501
501.0 3.0530164533820843 0.0016287490578773501
502.0 3.0591102985984158 0.0016287490578773501
503.0 3.0652041438147473 0.0016287490578773501
504.0 3.0712979890310788 0.0016287490578773501
505.0 3.0773918342474103 0.0016287490578773501
506.0 3.0834856794637417 0.0016287490578773501
507.0 3.0895795246800732 0.0016287490578773501
508.0 3.0956733698964047 0.0016287490578773501
509.0 3.1017672151127362 0.0016287490578773501
510.0 3.1078610603290677 0.0016287490578773501
511.0 3.113954905545399 0.0016287490578773501
512.0 3.1200487507617307 0.0016287490578773501
513.0 3.1261425959780627 0.0016287490578773501
514.0 3.1322364411943937 0.0016287490578773501
515.0 3.1383302864107256 0.0016287490578773501
516.0 3.1444241316270567 0.0016287490578773501
517.0 3.1505179768433886 0.0016287490578773501
518.0 3.1566118220597197 0.0016287490578773501
519.0 3.1627056672760516 0.0016287490578773501
520.0 3.1687995124923827 0.0016287490578773501
521.0 3.1748933577087146 0.0016287490578773501
522.0 3.1809872029250457 0.0016287490578773501
523.0 3.1870810481413776 0.0016287490578773501
524.0 3.1931748933577087 0.0016287490578773501
525.0 3.1992687385740406 0.0016287490578773501
526.0 3.2053625837903716 0.0016287490578773501
527.0 3.211456429006703 0.0016287490578773501
528.0 3.217550274223035 0.0016287490578773501
529.0 3.2236441194393666 0.0016287490578773501
530.0 3.2297379646556976 0.0016287490578773501
531.0 3.23583180987203 0.0016287490578773501
532.0 3.241925655088361 0.0016287490578773501
533.0 3.2480195003046926 0.0016287490578773501
534.0 3.2541133455210236 0.0016287490578773501
535.0 3.260207190737356 0.0016287490578773501
536.0 3.266301035953687 0.0016287490578773501
537.0 3.2723948811700185 0.0016287490578773501
538.0 3.2784887263863496 0.0016287490578773501
539.0 3.284582571602682 0.0016287490578773501
540.0 3.290676416819013 0.0016287490578773501
541.0 3.2967702620353445 0.0016287490578773501
542.0 3.3028641072516756 0.0016287490578773501
543.0 3.308957952468008 0.0016287490578773501
544.0 3.315051797684339 0.0016287490578773501
545.0 3.3211456429006705 0.0016287490578773501
546.0 3.3272394881170015 0.0016287490578773501
547.0 3.333333333333334 0.0016287490578773501
548.0 3.339427178549665 0.0016287490578773501
549.0 3.3455210237659965 0.0016287490578773501
550.0 3.3516148689823284 0.0016287490578773501
551.0 3.35770871419866 0.0016287490578773501
552.0 3.363802559414991 0.0010858327052516664
553.0 3.3698964046313225 0.0010858327052516664
554.0 3.3759902498476544 0.0010858327052516664
555.0 3.382084095063986 0.0010858327052516664
556.0 3.388177940280317 0.0010858327052516664
557.0 3.3942717854966484 0.0010858327052516664
558.0 3.4003656307129804 0.0010858327052516664
559.0 3.406459475929312 0.0010858327052516664
560.0 3.412553321145643 0.0010858327052516664
561.0 3.4186471663619744 0.0010858327052516664
562.0 3.4247410115783063 0.0010858327052516664
563.0 3.430834856794638 0.0010858327052516664
564.0 3.436928702010969 0.0010858327052516664
565.0 3.443022547227301 0.0010858327052516664
566.0 3.4491163924436323 0.0016287490578773501
567.0 3.455210237659964 0.0016287490578773501
568.0 3.461304082876295 0.0010858327052516664
569.0 3.467397928092627 0.0016287490578773501
570.0 3.4734917733089583 0.0016287490578773501
571.0 3.47958561852529 0.0010858327052516664
572.0 3.485679463741621 0.0010858327052516664
573.0 3.491773308957953 0.0010858327052516664
574.0 3.4978671541742843 0.0010858327052516664
575.0 3.503960999390616 0.0010858327052516664
576.0 3.510054844606947 0.0010858327052516664
577.0 3.5161486898232788 0.0010858327052516664
578.0 3.5222425350396103 0.0010858327052516664
579.0 3.5283363802559418 0.0010858327052516664
580.0 3.534430225472273 0.0010858327052516664
581.0 3.5405240706886048 0.0010858327052516664
582.0 3.5466179159049362 0.0010858327052516664
583.0 3.5527117611212677 0.0010858327052516664
584.0 3.5588056063375997 0.0010858327052516664
585.0 3.5648994515539307 0.0010858327052516664
586.0 3.5709932967702622 0.0010858327052516664
587.0 3.5770871419865937 0.0010858327052516664
588.0 3.5831809872029257 0.0010858327052516664
589.0 3.5892748324192567 0.0010858327052516664
590.0 3.595368677635588 0.0010858327052516664
591.0 3.6014625228519197 0.0010858327052516664
592.0 3.6075563680682516 0.0010858327052516664
593.0 3.6136502132845827 0.0010858327052516664
594.0 3.619744058500914 0.0010858327052516664
595.0 3.6258379037172457 0.0010858327052516664
596.0 3.6319317489335776 0.0010858327052516664
597.0 3.6380255941499087 0.0010858327052516664
598.0 3.64411943936624 0.0010858327052516664
599.0 3.650213284582572 0.0010858327052516664
600.0 3.6563071297989036 0.0010858327052516664
601.0 3.6624009750152346 0.0010858327052516664
602.0 3.668494820231566 0.0010858327052516664
603.0 3.674588665447898 0.0010858327052516664
604.0 3.6806825106642296 0.0010858327052516664
605.0 3.6867763558805606 0.0010858327052516664
606.0 3.692870201096892 0.0010858327052516664
607.0 3.698964046313224 0.0010858327052516664
608.0 3.7050578915295556 0.0010858327052516664
609.0 3.7111517367458866 0.0010858327052516664
610.0 3.717245581962218 0.0010858327052516664
611.0 3.72333942717855 0.0010858327052516664
612.0 3.7294332723948815 0.0010858327052516664
613.0 3.7355271176112126 0.0010858327052516664
614.0 3.741620962827544 0.0010858327052516664
615.0 3.747714808043876 0.0010858327052516664
616.0 3.7538086532602075 0.0010858327052516664
617.0 3.7599024984765386 0.0010858327052516664
618.0 3.765996343692871 0.0010858327052516664
619.0 3.772090188909202 0.0010858327052516664
620.0 3.7781840341255335 0.0010858327052516664
621.0 3.7842778793418645 0.0010858327052516664
622.0 3.790371724558197 0.0010858327052516664
623.0 3.796465569774528 0.0010858327052516664
624.0 3.8025594149908595 0.0010858327052516664
625.0 3.8086532602071905 0.0010858327052516664
626.0 3.814747105423523 0.0010858327052516664
627.0 3.820840950639854 0.0010858327052516664
628.0 3.8269347958561855 0.0010858327052516664
629.0 3.8330286410725165 0.0010858327052516664
630.0 3.839122486288849 0.0010858327052516664
631.0 3.84521633150518 0.0010858327052516664
632.0 3.8513101767215114 0.0010858327052516664
633.0 3.8574040219378434 0.0010858327052516664
634.0 3.863497867154175 0.0010858327052516664
635.0 3.869591712370506 0.0010858327052516664
636.0 3.8756855575868374 0.0010858327052516664
637.0 3.8817794028031694 0.0010858327052516664
638.0 3.887873248019501 0.0010858327052516664
639.0 3.893967093235832 0.0010858327052516664
640.0 3.9000609384521634 0.0010858327052516664
641.0 3.9061547836684953 0.0010858327052516664
642.0 3.912248628884827 0.0010858327052516664
643.0 3.918342474101158 0.0010858327052516664
644.0 3.9244363193174894 0.0010858327052516664
645.0 3.9305301645338213 0.0010858327052516664
646.0 3.936624009750153 0.0010858327052516664
647.0 3.942717854966484 0.0010858327052516664
648.0 3.9488117001828154 0.0010858327052516664
649.0 3.9549055453991473 0.0010858327052516664
650.0 3.960999390615479 0.0010858327052516664
651.0 3.96709323583181 0.0010858327052516664
652.0 3.9731870810481418 0.0010858327052516664
653.0 3.9792809262644733 0.0010858327052516664
654.0 3.9853747714808048 0.0010858327052516664
655.0 3.991468616697136 0.0010858327052516664
656.0 3.9975624619134678 0.0010858327052516664
657.0 4.003656307129799 0.0010858327052516664
658.0 4.009750152346131 0.0010858327052516664
659.0 4.015843997562462 0.0010858327052516664
660.0 4.021937842778794 0.0010858327052516664
661.0 4.028031687995125 0.0010858327052516664
662.0 4.034125533211457 0.0010858327052516664
663.0 4.040219378427788 0.0010858327052516664
664.0 4.04631322364412 0.0010858327052516664
665.0 4.052407068860451 0.0010858327052516664
666.0 4.058500914076783 0.0010858327052516664
667.0 4.064594759293114 0.0010858327052516664
668.0 4.070688604509446 0.0010858327052516664
669.0 4.076782449725777 0.0010858327052516664
670.0 4.082876294942109 0.0010858327052516664
671.0 4.08897014015844 0.0010858327052516664
672.0 4.095063985374772 0.0010858327052516664
673.0 4.101157830591103 0.0010858327052516664
674.0 4.107251675807435 0.0010858327052516664
675.0 4.113345521023766 0.0010858327052516664
676.0 4.119439366240098 0.0010858327052516664
677.0 4.125533211456429 0.0010858327052516664
678.0 4.131627056672761 0.0010858327052516664
679.0 4.137720901889092 0.0010858327052516664
680.0 4.143814747105424 0.0010858327052516664
681.0 4.149908592321755 0.0010858327052516664
682.0 4.156002437538087 0.0010858327052516664
683.0 4.162096282754418 0.0010858327052516664
684.0 4.16819012797075 0.0010858327052516664
685.0 4.174283973187081 0.0010858327052516664
686.0 4.1803778184034135 0.0010858327052516664
687.0 4.186471663619744 0.0010858327052516664
688.0 4.192565508836076 0.0010858327052516664
689.0 4.198659354052407 0.0010858327052516664
690.0 4.2047531992687395 0.0010858327052516664
691.0 4.21084704448507 0.0010858327052516664
692.0 4.216940889701402 0.0010858327052516664
693.0 4.223034734917733 0.0010858327052516664
694.0 4.2291285801340655 0.0010858327052516664
695.0 4.235222425350396 0.0010858327052516664
696.0 4.2413162705667276 0.0010858327052516664
697.0 4.247410115783059 0.0010858327052516664
698.0 4.253503960999391 0.0010858327052516664
699.0 4.259597806215722 0.0010858327052516664
700.0 4.2656916514320535 0.0010858327052516664
701.0 4.271785496648386 0.0010858327052516664
702.0 4.277879341864717 0.0010858327052516664
703.0 4.283973187081048 0.0010858327052516664
704.0 4.2900670322973795 0.0010858327052516664
705.0 4.296160877513712 0.0010858327052516664
706.0 4.302254722730043 0.0010858327052516664
707.0 4.308348567946374 0.0010858327052516664
708.0 4.3144424131627055 0.0010858327052516664
709.0 4.320536258379038 0.0010858327052516664
710.0 4.326630103595369 0.0010858327052516664
711.0 4.3327239488117 0.0010858327052516664
712.0 4.3388177940280315 0.0010858327052516664
713.0 4.344911639244364 0.0010858327052516664
714.0 4.351005484460695 0.0010858327052516664
715.0 4.357099329677026 0.0010858327052516664
716.0 4.3631931748933575 0.0010858327052516664
717.0 4.36928702010969 0.0010858327052516664
718.0 4.375380865326021 0.0010858327052516664
719.0 4.381474710542352 0.0010858327052516664
720.0 4.387568555758684 0.0010858327052516664
721.0 4.393662400975016 0.0010858327052516664
722.0 4.399756246191347 0.0010858327052516664
723.0 4.405850091407678 0.0010858327052516664
724.0 4.41194393662401 0.0010858327052516664
725.0 4.418037781840342 0.0010858327052516664
726.0 4.424131627056673 0.0010858327052516664
727.0 4.430225472273004 0.0010858327052516664
728.0 4.436319317489336 0.0010858327052516664
729.0 4.442413162705668 0.0010858327052516664
730.0 4.448507007921999 0.0010858327052516664
731.0 4.45460085313833 0.0010858327052516664
732.0 4.460694698354662 0.0010858327052516664
733.0 4.466788543570994 0.0010858327052516664
734.0 4.472882388787325 0.0010858327052516664
735.0 4.478976234003657 0.0010858327052516664
736.0 4.485070079219988 0.0010858327052516664
737.0 4.49116392443632 0.0010858327052516664
738.0 4.497257769652651 0.0010858327052516664
739.0 4.503351614868983 0.0010858327052516664
740.0 4.509445460085314 0.0010858327052516664
741.0 4.515539305301646 0.0010858327052516664
742.0 4.521633150517977 0.0010858327052516664
743.0 4.527726995734309 0.0010858327052516664
744.0 4.53382084095064 0.0010858327052516664
745.0 4.539914686166972 0.0010858327052516664
746.0 4.546008531383303 0.0010858327052516664
747.0 4.552102376599635 0.0010858327052516664
748.0 4.558196221815966 0.0010858327052516664
749.0 4.564290067032298 0.0010858327052516664
750.0 4.570383912248629 0.0010858327052516664
751.0 4.576477757464961 0.0010858327052516664
752.0 4.582571602681292 0.0010858327052516664
753.0 4.588665447897624 0.0010858327052516664
754.0 4.594759293113955 0.0010858327052516664
755.0 4.600853138330287 0.0010858327052516664
756.0 4.606946983546618 0.0010858327052516664
757.0 4.61304082876295 0.0010858327052516664
758.0 4.619134673979281 0.0010858327052516664
759.0 4.625228519195613 0.0010858327052516664
760.0 4.631322364411944 0.0010858327052516664
761.0 4.637416209628276 0.0010858327052516664
762.0 4.643510054844607 0.0010858327052516664
763.0 4.649603900060939 0.0010858327052516664
764.0 4.65569774527727 0.0010858327052516664
765.0 4.661791590493602 0.0010858327052516664
766.0 4.667885435709933 0.0010858327052516664
767.0 4.673979280926265 0.0010858327052516664
768.0 4.680073126142596 0.0010858327052516664
769.0 4.6861669713589285 0.0010858327052516664
770.0 4.692260816575259 0.0010858327052516664
771.0 4.698354661791591 0.0010858327052516664
772.0 4.704448507007922 0.0010858327052516664
773.0 4.710542352224254 0.0010858327052516664
774.0 4.716636197440585 0.0010858327052516664
775.0 4.7227300426569165 0.0005429163526258332
776.0 4.728823887873248 0.0005429163526258332
777.0 4.73491773308958 0.0010858327052516664
778.0 4.741011578305911 0.0005429163526258332
779.0 4.7471054235222425 0.0005429163526258332
780.0 4.753199268738574 0.0005429163526258332
781.0 4.759293113954906 0.0010858327052516664
782.0 4.765386959171237 0.0010858327052516664
783.0 4.7714808043875685 0.0010858327052516664
784.0 4.7775746496039 0.0010858327052516664
785.0 4.783668494820232 0.0010858327052516664
786.0 4.789762340036563 0.0010858327052516664
787.0 4.7958561852528945 0.0010858327052516664
788.0 4.801950030469227 0.0005429163526258332
789.0 4.808043875685558 0.0005429163526258332
790.0 4.81413772090189 0.0005429163526258332
791.0 4.8202315661182205 0.0005429163526258332
792.0 4.826325411334553 0.0005429163526258332
793.0 4.832419256550884 0.0005429163526258332
794.0 4.838513101767216 0.0005429163526258332
795.0 4.844606946983546 0.0005429163526258332
796.0 4.850700792199879 0.0005429163526258332
797.0 4.85679463741621 0.0005429163526258332
798.0 4.862888482632542 0.0005429163526258332
799.0 4.868982327848872 0.0005429163526258332
800.0 4.875076173065205 0.0005429163526258332
801.0 4.881170018281536 0.0005429163526258332
802.0 4.887263863497868 0.0005429163526258332
803.0 4.893357708714199 0.0005429163526258332
804.0 4.899451553930531 0.0005429163526258332
805.0 4.905545399146862 0.0005429163526258332
806.0 4.911639244363194 0.0005429163526258332
807.0 4.917733089579525 0.0005429163526258332
808.0 4.923826934795857 0.0005429163526258332
809.0 4.929920780012188 0.0005429163526258332
810.0 4.93601462522852 0.0005429163526258332
811.0 4.942108470444851 0.0005429163526258332
812.0 4.948202315661183 0.0005429163526258332
813.0 4.954296160877514 0.0005429163526258332
814.0 4.960390006093846 0.0005429163526258332
815.0 4.966483851310177 0.0005429163526258332
816.0 4.972577696526509 0.0005429163526258332
817.0 4.97867154174284 0.0005429163526258332
818.0 4.984765386959172 0.0005429163526258332
819.0 4.990859232175503 0.0005429163526258332
820.0 4.996953077391835 0.0005429163526258332
821.0 5.003046922608166 0.0005429163526258332
822.0 5.009140767824498 0.0005429163526258332
823.0 5.015234613040829 0.0005429163526258332
824.0 5.021328458257161 0.0005429163526258332
825.0 5.027422303473492 0.0005429163526258332
826.0 5.033516148689824 0.0005429163526258332
827.0 5.039609993906155 0.0005429163526258332
828.0 5.045703839122487 0.0005429163526258332
829.0 5.051797684338818 0.0005429163526258332
830.0 5.05789152955515 0.0005429163526258332
831.0 5.063985374771481 0.0005429163526258332
832.0 5.070079219987813 0.0005429163526258332
833.0 5.076173065204144 0.0005429163526258332
834.0 5.082266910420476 0.0005429163526258332
835.0 5.088360755636807 0.0005429163526258332
836.0 5.094454600853139 0.0005429163526258332
837.0 5.100548446069471 0.0005429163526258332
838.0 5.106642291285802 0.0005429163526258332
839.0 5.112736136502133 0.0005429163526258332
840.0 5.118829981718465 0.0005429163526258332
841.0 5.124923826934797 0.0005429163526258332
842.0 5.131017672151128 0.0005429163526258332
843.0 5.137111517367459 0.0005429163526258332
844.0 5.143205362583791 0.0005429163526258332
845.0 5.149299207800123 0.0005429163526258332
846.0 5.155393053016454 0.0005429163526258332
847.0 5.161486898232785 0.0005429163526258332
848.0 5.1675807434491166 0.0005429163526258332
849.0 5.173674588665449 0.0005429163526258332
850.0 5.1797684338817795 0.0005429163526258332
851.0 5.185862279098111 0.0005429163526258332
852.0 5.1919561243144425 0.0005429163526258332
853.0 5.198049969530775 0.0005429163526258332
854.0 5.2041438147471055 0.0005429163526258332
855.0 5.210237659963437 0.0005429163526258332
856.0 5.216331505179769 0.0005429163526258332
857.0 5.222425350396101 0.0005429163526258332
858.0 5.2285191956124315 0.0005429163526258332
859.0 5.234613040828763 0.0005429163526258332
860.0 5.240706886045095 0.0005429163526258332
861.0 5.246800731261427 0.0005429163526258332
862.0 5.2528945764777575 0.0005429163526258332
863.0 5.258988421694089 0.0005429163526258332
864.0 5.265082266910421 0.0005429163526258332
865.0 5.271176112126753 0.0005429163526258332
866.0 5.2772699573430835 0.0005429163526258332
867.0 5.283363802559415 0.0005429163526258332
868.0 5.289457647775747 0.0005429163526258332
869.0 5.295551492992079 0.0005429163526258332
870.0 5.301645338208409 0.0005429163526258332
871.0 5.307739183424742 0.0005429163526258332
872.0 5.313833028641073 0.0005429163526258332
873.0 5.319926873857405 0.0005429163526258332
874.0 5.326020719073735 0.0005429163526258332
875.0 5.332114564290068 0.0005429163526258332
876.0 5.338208409506399 0.0005429163526258332
877.0 5.344302254722731 0.0005429163526258332
878.0 5.350396099939061 0.0005429163526258332
879.0 5.356489945155394 0.0005429163526258332
880.0 5.362583790371725 0.0005429163526258332
881.0 5.368677635588057 0.0005429163526258332
882.0 5.374771480804387 0.0005429163526258332
883.0 5.38086532602072 0.0005429163526258332
884.0 5.386959171237051 0.0005429163526258332
885.0 5.393053016453383 0.0005429163526258332
886.0 5.399146861669713 0.0005429163526258332
887.0 5.405240706886046 0.0005429163526258332
888.0 5.411334552102377 0.0005429163526258332
889.0 5.417428397318709 0.0005429163526258332
890.0 5.42352224253504 0.0005429163526258332
891.0 5.429616087751372 0.0005429163526258332
892.0 5.435709932967703 0.0005429163526258332
893.0 5.441803778184035 0.0005429163526258332
894.0 5.447897623400366 0.0005429163526258332
895.0 5.453991468616698 0.0005429163526258332
896.0 5.460085313833029 0.0005429163526258332
897.0 5.466179159049361 0.0005429163526258332
898.0 5.472273004265692 0.0005429163526258332
899.0 5.478366849482024 0.0005429163526258332
900.0 5.484460694698355 0.0005429163526258332
901.0 5.490554539914687 0.0005429163526258332
902.0 5.496648385131018 0.0005429163526258332
903.0 5.50274223034735 0.0005429163526258332
904.0 5.508836075563681 0.0005429163526258332
905.0 5.514929920780013 0.0005429163526258332
906.0 5.521023765996344 0.0005429163526258332
907.0 5.527117611212676 0.0005429163526258332
908.0 5.533211456429007 0.0005429163526258332
909.0 5.539305301645339 0.0005429163526258332
910.0 5.54539914686167 0.0005429163526258332
911.0 5.551492992078002 0.0005429163526258332
912.0 5.557586837294333 0.0005429163526258332
913.0 5.563680682510665 0.0005429163526258332
914.0 5.569774527726996 0.0005429163526258332
915.0 5.575868372943328 0.0005429163526258332
916.0 5.581962218159659 0.0005429163526258332
917.0 5.588056063375991 0.0005429163526258332
918.0 5.594149908592322 0.0005429163526258332
919.0 5.600243753808654 0.0005429163526258332
920.0 5.606337599024985 0.0005429163526258332
921.0 5.612431444241317 0.0005429163526258332
922.0 5.618525289457648 0.0005429163526258332
923.0 5.62461913467398 0.0005429163526258332
924.0 5.630712979890312 0.0005429163526258332
925.0 5.6368068251066425 0.0005429163526258332
926.0 5.642900670322974 0.0005429163526258332
927.0 5.6489945155393055 0.0005429163526258332
928.0 5.655088360755638 0.0005429163526258332
929.0 5.6611822059719685 0.0005429163526258332
930.0 5.6672760511883 0.0005429163526258332
931.0 5.6733698964046315 0.0005429163526258332
932.0 5.679463741620964 0.0005429163526258332
933.0 5.6855575868372945 0.0005429163526258332
934.0 5.691651432053626 0.0005429163526258332
935.0 5.6977452772699575 0.0005429163526258332
936.0 5.70383912248629 0.0005429163526258332
937.0 5.7099329677026205 0.0005429163526258332
938.0 5.716026812918952 0.0005429163526258332
939.0 5.722120658135284 0.0005429163526258332
940.0 5.728214503351616 0.0005429163526258332
941.0 5.7343083485679465 0.0005429163526258332
942.0 5.740402193784278 0.0005429163526258332
943.0 5.74649603900061 0.0005429163526258332
944.0 5.752589884216942 0.0005429163526258332
945.0 5.7586837294332724 0.0005429163526258332
946.0 5.764777574649604 0.0005429163526258332
947.0 5.770871419865936 0.0005429163526258332
948.0 5.776965265082268 0.0005429163526258332
949.0 5.783059110298598 0.0005429163526258332
950.0 5.78915295551493 0.0005429163526258332
951.0 5.795246800731262 0.0005429163526258332
952.0 5.801340645947594 0.0005429163526258332
953.0 5.807434491163924 0.0005429163526258332
954.0 5.813528336380256 0.0005429163526258332
955.0 5.819622181596588 0.0005429163526258332
956.0 5.82571602681292 0.0005429163526258332
957.0 5.83180987202925 0.0005429163526258332
958.0 5.837903717245583 0.0005429163526258332
959.0 5.843997562461914 0.0005429163526258332
960.0 5.850091407678246 0.0005429163526258332
961.0 5.856185252894576 0.0005429163526258332
962.0 5.862279098110909 0.0005429163526258332
963.0 5.86837294332724 0.0005429163526258332
964.0 5.874466788543572 0.0005429163526258332
965.0 5.880560633759902 0.0005429163526258332
966.0 5.886654478976235 0.0005429163526258332
967.0 5.892748324192566 0.0005429163526258332
968.0 5.898842169408898 0.0005429163526258332
969.0 5.904936014625228 0.0005429163526258332
970.0 5.911029859841561 0.0005429163526258332
971.0 5.917123705057892 0.0005429163526258332
972.0 5.923217550274224 0.0005429163526258332
973.0 5.929311395490555 0.0005429163526258332
974.0 5.935405240706887 0.0005429163526258332
975.0 5.941499085923218 0.0005429163526258332
976.0 5.94759293113955 0.0005429163526258332
977.0 5.953686776355881 0.0005429163526258332
978.0 5.959780621572213 0.0005429163526258332
979.0 5.965874466788544 0.0005429163526258332
980.0 5.971968312004876 0.0005429163526258332
981.0 5.978062157221207 0.0005429163526258332
982.0 5.984156002437539 0.0005429163526258332
983.0 5.99024984765387 0.0005429163526258332
984.0 5.996343692870202 0.0005429163526258332
985.0 6.002437538086533 0.0005429163526258332
986.0 6.008531383302865 0.0005429163526258332
987.0 6.014625228519196 0.0005429163526258332
988.0 6.020719073735528 0.0005429163526258332
989.0 6.026812918951859 0.0005429163526258332
990.0 6.032906764168191 0.0005429163526258332
991.0 6.039000609384522 0.0005429163526258332
992.0 6.045094454600854 0.0005429163526258332
993.0 6.051188299817185 0.0005429163526258332
994.0 6.057282145033517 0.0005429163526258332
995.0 6.063375990249848 0.0005429163526258332
996.0 6.06946983546618 0.0005429163526258332
997.0 6.075563680682511 0.0005429163526258332
998.0 6.081657525898843 0.0005429163526258332
999.0 6.087751371115174 0.0005429163526258332
1000.0 6.0938452163315056 0.0005429163526258332
1001.0 6.099939061547837 0.0005429163526258332
1002.0 6.1060329067641685 0.0005429163526258332
1003.0 6.1121267519805 0.0005429163526258332
1004.0 6.1182205971968315 0.0005429163526258332
1005.0 6.124314442413163 0.0005429163526258332
1006.0 6.1304082876294945 0.0005429163526258332
1007.0 6.136502132845827 0.0005429163526258332
1008.0 6.1425959780621575 0.0005429163526258332
1009.0 6.148689823278489 0.0005429163526258332
1010.0 6.1547836684948205 0.0005429163526258332
1011.0 6.160877513711153 0.0005429163526258332
1012.0 6.1669713589274835 0.0005429163526258332
1013.0 6.173065204143815 0.0005429163526258332
1014.0 6.1791590493601465 0.0005429163526258332
1015.0 6.185252894576479 0.0005429163526258332
1016.0 6.1913467397928095 0.0005429163526258332
1017.0 6.197440585009141 0.0005429163526258332
1018.0 6.2035344302254725 0.0005429163526258332
1019.0 6.209628275441805 0.0005429163526258332
1020.0 6.2157221206581355 0.0005429163526258332
1021.0 6.221815965874467 0.0005429163526258332
1022.0 6.227909811090798 0.0005429163526258332
1023.0 6.234003656307131 0.0005429163526258332
1024.0 6.240097501523461 0.0005429163526258332
1025.0 6.246191346739793 0.0005429163526258332
1026.0 6.252285191956125 0.0005429163526258332
1027.0 6.258379037172457 0.0005429163526258332
1028.0 6.264472882388787 0.0005429163526258332
1029.0 6.270566727605119 0.0005429163526258332
1030.0 6.276660572821451 0.0005429163526258332
1031.0 6.282754418037783 0.0005429163526258332
1032.0 6.288848263254113 0.0005429163526258332
1033.0 6.294942108470445 0.0005429163526258332
1034.0 6.301035953686777 0.0005429163526258332
1035.0 6.307129798903109 0.0005429163526258332
1036.0 6.313223644119439 0.0005429163526258332
1037.0 6.319317489335771 0.0005429163526258332
1038.0 6.325411334552103 0.0005429163526258332
1039.0 6.331505179768435 0.0005429163526258332
1040.0 6.337599024984765 0.0005429163526258332
1041.0 6.343692870201097 0.0005429163526258332
1042.0 6.349786715417429 0.0005429163526258332
1043.0 6.355880560633761 0.0005429163526258332
1044.0 6.361974405850091 0.0005429163526258332
1045.0 6.368068251066424 0.0005429163526258332
1046.0 6.374162096282755 0.0005429163526258332
1047.0 6.380255941499087 0.0005429163526258332
1048.0 6.386349786715417 0.0005429163526258332
1049.0 6.39244363193175 0.0005429163526258332
1050.0 6.398537477148081 0.0005429163526258332
1051.0 6.404631322364413 0.0005429163526258332
1052.0 6.410725167580743 0.0005429163526258332
1053.0 6.416819012797075 0.0005429163526258332
1054.0 6.422912858013406 0.0005429163526258332
1055.0 6.429006703229739 0.0005429163526258332
1056.0 6.43510054844607 0.0005429163526258332
1057.0 6.441194393662402 0.0005429163526258332
1058.0 6.447288238878733 0.0005429163526258332
1059.0 6.453382084095065 0.0005429163526258332
1060.0 6.459475929311395 0.0005429163526258332
1061.0 6.465569774527727 0.0005429163526258332
1062.0 6.47166361974406 0.0005429163526258332
1063.0 6.477757464960391 0.0005429163526258332
1064.0 6.483851310176722 0.0005429163526258332
1065.0 6.489945155393054 0.0005429163526258332
1066.0 6.496039000609385 0.0005429163526258332
1067.0 6.502132845825717 0.0005429163526258332
1068.0 6.508226691042047 0.0005429163526258332
1069.0 6.514320536258379 0.0005429163526258332
1070.0 6.520414381474712 0.0005429163526258332
1071.0 6.526508226691043 0.0005429163526258332
1072.0 6.532602071907374 0.0005429163526258332
1073.0 6.538695917123706 0.0005429163526258332
1074.0 6.544789762340037 0.0005429163526258332
1075.0 6.550883607556369 0.0005429163526258332
1076.0 6.556977452772699 0.0005429163526258332
1077.0 6.563071297989032 0.0005429163526258332
1078.0 6.569165143205364 0.0005429163526258332
1079.0 6.5752589884216945 0.0005429163526258332
1080.0 6.581352833638026 0.0005429163526258332
1081.0 6.5874466788543575 0.0005429163526258332
1082.0 6.593540524070689 0.0005429163526258332
1083.0 6.5996343692870205 0.0005429163526258332
1084.0 6.605728214503351 0.0005429163526258332
1085.0 6.611822059719684 0.0005429163526258332
1086.0 6.617915904936016 0.0005429163526258332
1087.0 6.6240097501523465 0.0005429163526258332
1088.0 6.630103595368678 0.0005429163526258332
1089.0 6.6361974405850095 0.0005429163526258332
1090.0 6.642291285801341 0.0005429163526258332
1091.0 6.6483851310176725 0.0005429163526258332
1092.0 6.654478976234003 0.0005429163526258332
1093.0 6.660572821450336 0.0005429163526258332
1094.0 6.666666666666668 0.0005429163526258332
1095.0 6.6727605118829985 0.0005429163526258332
1096.0 6.67885435709933 0.0005429163526258332
1097.0 6.6849482023156614 0.0005429163526258332
1098.0 6.691042047531993 0.0005429163526258332
1099.0 6.697135892748324 0.0005429163526258332
1100.0 6.703229737964657 0.0005429163526258332
1101.0 6.709323583180988 0.0005429163526258332
1102.0 6.71541742839732 0.0005429163526258332
1103.0 6.72151127361365 0.0005429163526258332
1104.0 6.727605118829982 0.0005429163526258332
1105.0 6.733698964046313 0.0005429163526258332
1106.0 6.739792809262645 0.0005429163526258332
1107.0 6.745886654478976 0.0005429163526258332
1108.0 6.751980499695309 0.0005429163526258332
1109.0 6.75807434491164 0.0005429163526258332
1110.0 6.764168190127972 0.0005429163526258332
1111.0 6.770262035344302 0.0005429163526258332
1112.0 6.776355880560634 0.0005429163526258332
1113.0 6.782449725776965 0.0005429163526258332
1114.0 6.788543570993297 0.0005429163526258332
1115.0 6.794637416209629 0.0005429163526258332
1116.0 6.800731261425961 0.0005429163526258332
1117.0 6.806825106642292 0.0005429163526258332
1118.0 6.812918951858624 0.0005429163526258332
1119.0 6.819012797074954 0.0005429163526258332
1120.0 6.825106642291286 0.0005429163526258332
1121.0 6.831200487507617 0.0005429163526258332
1122.0 6.837294332723949 0.0005429163526258332
1123.0 6.843388177940281 0.0005429163526258332
1124.0 6.849482023156613 0.0005429163526258332
1125.0 6.855575868372944 0.0005429163526258332
1126.0 6.861669713589276 0.0005429163526258332
1127.0 6.867763558805606 0.0005429163526258332
1128.0 6.873857404021938 0.0005429163526258332
1129.0 6.879951249238269 0.0005429163526258332
1130.0 6.886045094454602 0.0005429163526258332
1131.0 6.892138939670933 0.0005429163526258332
1132.0 6.898232784887265 0.0005429163526258332
1133.0 6.904326630103596 0.0005429163526258332
1134.0 6.910420475319928 0.0005429163526258332
1135.0 6.916514320536258 0.0005429163526258332
1136.0 6.92260816575259 0.0005429163526258332
1137.0 6.928702010968921 0.0005429163526258332
1138.0 6.934795856185254 0.0005429163526258332
1139.0 6.940889701401585 0.0005429163526258332
1140.0 6.946983546617917 0.0005429163526258332
1141.0 6.953077391834248 0.0005429163526258332
1142.0 6.95917123705058 0.0005429163526258332
1143.0 6.96526508226691 0.0005429163526258332
1144.0 6.971358927483242 0.0005429163526258332
1145.0 6.977452772699575 0.0005429163526258332
1146.0 6.983546617915906 0.0005429163526258332
1147.0 6.989640463132237 0.0005429163526258332
1148.0 6.995734308348569 0.0005429163526258332
1149.0 7.0018281535649 0.0005429163526258332
1150.0 7.007921998781232 0.0005429163526258332
1151.0 7.014015843997562 0.0005429163526258332
1152.0 7.020109689213894 0.0005429163526258332
1153.0 7.026203534430227 0.0005429163526258332
1154.0 7.0322973796465575 0.0005429163526258332
1155.0 7.038391224862889 0.0005429163526258332
1156.0 7.0444850700792205 0.0005429163526258332
1157.0 7.050578915295552 0.0005429163526258332
1158.0 7.0566727605118835 0.0005429163526258332
1159.0 7.062766605728214 0.0005429163526258332
1160.0 7.068860450944546 0.0005429163526258332
1161.0 7.074954296160879 0.0005429163526258332
1162.0 7.0810481413772095 0.0005429163526258332
1163.0 7.087141986593541 0.0005429163526258332
1164.0 7.0932358318098725 0.0005429163526258332
1165.0 7.099329677026204 0.0005429163526258332
1166.0 7.1054235222425355 0.0005429163526258332
1167.0 7.111517367458866 0.0005429163526258332
1168.0 7.117611212675199 0.0005429163526258332
1169.0 7.123705057891531 0.0005429163526258332
1170.0 7.1297989031078615 0.0005429163526258332
1171.0 7.135892748324193 0.0005429163526258332
1172.0 7.1419865935405245 0.0005429163526258332
1173.0 7.148080438756856 0.0005429163526258332
1174.0 7.154174283973187 0.0005429163526258332
1175.0 7.160268129189518 0.0005429163526258332
1176.0 7.166361974405851 0.0005429163526258332
1177.0 7.172455819622183 0.0005429163526258332
1178.0 7.178549664838513 0.0005429163526258332
1179.0 7.184643510054845 0.0005429163526258332
1180.0 7.190737355271176 0.0005429163526258332
1181.0 7.196831200487508 0.0005429163526258332
1182.0 7.202925045703839 0.0005429163526258332
1183.0 7.209018890920172 0.0005429163526258332
1184.0 7.215112736136503 0.0005429163526258332
1185.0 7.221206581352835 0.0005429163526258332
1186.0 7.227300426569165 0.0005429163526258332
1187.0 7.233394271785497 0.0005429163526258332
1188.0 7.239488117001828 0.0005429163526258332
1189.0 7.24558196221816 0.0005429163526258332
1190.0 7.251675807434491 0.0005429163526258332
1191.0 7.257769652650824 0.0005429163526258332
1192.0 7.263863497867155 0.0005429163526258332
1193.0 7.269957343083487 0.0005429163526258332
1194.0 7.276051188299817 0.0005429163526258332
1195.0 7.282145033516149 0.0005429163526258332
1196.0 7.28823887873248 0.0005429163526258332
1197.0 7.294332723948812 0.0005429163526258332
1198.0 7.300426569165144 0.0005429163526258332
1199.0 7.306520414381476 0.0005429163526258332
1200.0 7.312614259597807 0.0005429163526258332
1201.0 7.318708104814139 0.0005429163526258332
1202.0 7.324801950030469 0.0005429163526258332
1203.0 7.330895795246801 0.0005429163526258332
1204.0 7.336989640463132 0.0005429163526258332
1205.0 7.343083485679464 0.0005429163526258332
1206.0 7.349177330895796 0.0005429163526258332
1207.0 7.355271176112128 0.0005429163526258332
1208.0 7.361365021328459 0.0005429163526258332
1209.0 7.367458866544791 0.0005429163526258332
1210.0 7.373552711761121 0.0005429163526258332
1211.0 7.379646556977453 0.0005429163526258332
1212.0 7.385740402193784 0.0005429163526258332
1213.0 7.391834247410117 0.0005429163526258332
1214.0 7.397928092626448 0.0005429163526258332
1215.0 7.40402193784278 0.0005429163526258332
1216.0 7.410115783059111 0.0005429163526258332
1217.0 7.416209628275443 0.0005429163526258332
1218.0 7.422303473491773 0.0005429163526258332
1219.0 7.428397318708105 0.0005429163526258332
1220.0 7.434491163924436 0.0005429163526258332
1221.0 7.440585009140769 0.0005429163526258332
1222.0 7.4466788543571 0.0005429163526258332
1223.0 7.452772699573432 0.0005429163526258332
1224.0 7.458866544789763 0.0005429163526258332
1225.0 7.464960390006095 0.0005429163526258332
1226.0 7.471054235222425 0.0005429163526258332
1227.0 7.477148080438757 0.0005429163526258332
1228.0 7.483241925655088 0.0005429163526258332
1229.0 7.4893357708714206 0.0005429163526258332
1230.0 7.495429616087752 0.0005429163526258332
1231.0 7.5015234613040835 0.0005429163526258332
1232.0 7.507617306520415 0.0005429163526258332
1233.0 7.5137111517367465 0.0005429163526258332
1234.0 7.519804996953077 0.0005429163526258332
1235.0 7.525898842169409 0.0005429163526258332
1236.0 7.531992687385742 0.0005429163526258332
1237.0 7.5380865326020725 0.0005429163526258332
1238.0 7.544180377818404 0.0005429163526258332
1239.0 7.5502742230347355 0.0005429163526258332
1240.0 7.556368068251067 0.0005429163526258332
1241.0 7.5624619134673985 0.0005429163526258332
1242.0 7.568555758683729 0.0005429163526258332
1243.0 7.574649603900061 0.0005429163526258332
1244.0 7.580743449116394 0.0005429163526258332
1245.0 7.5868372943327245 0.0005429163526258332
1246.0 7.592931139549056 0.0005429163526258332
1247.0 7.5990249847653875 0.0005429163526258332
1248.0 7.605118829981719 0.0005429163526258332
1249.0 7.6112126751980504 0.0005429163526258332
1250.0 7.617306520414381 0.0005429163526258332
1251.0 7.623400365630714 0.0005429163526258332
1252.0 7.629494210847046 0.0005429163526258332
1253.0 7.635588056063376 0.0005429163526258332
1254.0 7.641681901279708 0.0005429163526258332
1255.0 7.647775746496039 0.0005429163526258332
1256.0 7.653869591712371 0.0005429163526258332
1257.0 7.659963436928702 0.0005429163526258332
1258.0 7.666057282145033 0.0005429163526258332
1259.0 7.672151127361366 0.0005429163526258332
1260.0 7.678244972577698 0.0005429163526258332
1261.0 7.684338817794028 0.0005429163526258332
1262.0 7.69043266301036 0.0005429163526258332
1263.0 7.696526508226691 0.0005429163526258332
1264.0 7.702620353443023 0.0005429163526258332
1265.0 7.708714198659354 0.0005429163526258332
1266.0 7.714808043875687 0.0005429163526258332
1267.0 7.720901889092018 0.0005429163526258332
1268.0 7.72699573430835 0.0005429163526258332
1269.0 7.73308957952468 0.0005429163526258332
1270.0 7.739183424741012 0.0005429163526258332
1271.0 7.745277269957343 0.0005429163526258332
1272.0 7.751371115173675 0.0005429163526258332
1273.0 7.757464960390006 0.0005429163526258332
1274.0 7.763558805606339 0.0005429163526258332
1275.0 7.76965265082267 0.0005429163526258332
1276.0 7.775746496039002 0.0005429163526258332
1277.0 7.781840341255332 0.0005429163526258332
1278.0 7.787934186471664 0.0005429163526258332
1279.0 7.794028031687995 0.0005429163526258332
1280.0 7.800121876904327 0.0005429163526258332
1281.0 7.806215722120659 0.0005429163526258332
1282.0 7.812309567336991 0.0005429163526258332
1283.0 7.818403412553322 0.0005429163526258332
1284.0 7.824497257769654 0.0005429163526258332
1285.0 7.830591102985984 0.0005429163526258332
1286.0 7.836684948202316 0.0005429163526258332
1287.0 7.842778793418647 0.0005429163526258332
1288.0 7.848872638634979 0.0005429163526258332
1289.0 7.854966483851311 0.0005429163526258332
1290.0 7.861060329067643 0.0005429163526258332
1291.0 7.867154174283974 0.0005429163526258332
1292.0 7.873248019500306 0.0005429163526258332
1293.0 7.879341864716636 0.0005429163526258332
1294.0 7.885435709932968 0.0005429163526258332
1295.0 7.891529555149299 0.0005429163526258332
1296.0 7.897623400365631 0.0005429163526258332
1297.0 7.903717245581963 0.0005429163526258332
1298.0 7.909811090798295 0.0005429163526258332
1299.0 7.915904936014626 0.0005429163526258332
1300.0 7.921998781230958 0.0005429163526258332
1301.0 7.928092626447288 0.0005429163526258332
1302.0 7.93418647166362 0.0005429163526258332
1303.0 7.940280316879951 0.0005429163526258332
1304.0 7.9463741620962836 0.0005429163526258332
1305.0 7.952468007312615 0.0005429163526258332
1306.0 7.9585618525289465 0.0005429163526258332
1307.0 7.964655697745278 0.0005429163526258332
1308.0 7.9707495429616095 0.0005429163526258332
1309.0 7.97684338817794 0.0005429163526258332
1310.0 7.982937233394272 0.0005429163526258332
1311.0 7.989031078610603 0.0005429163526258332
1312.0 7.9951249238269355 0.0005429163526258332
1313.0 8.001218769043268 0.0005429163526258332
1314.0 8.007312614259599 0.0005429163526258332
1315.0 8.013406459475929 0.0005429163526258332
1316.0 8.019500304692261 0.0005429163526258332
1317.0 8.025594149908592 0.0005429163526258332
1318.0 8.031687995124924 0.0005429163526258332
1319.0 8.037781840341257 0.0005429163526258332
1320.0 8.043875685557587 0.0005429163526258332
1321.0 8.04996953077392 0.0005429163526258332
1322.0 8.05606337599025 0.0005429163526258332
1323.0 8.062157221206581 0.0005429163526258332
1324.0 8.068251066422913 0.0005429163526258332
1325.0 8.074344911639244 0.0005429163526258332
1326.0 8.080438756855576 0.0005429163526258332
1327.0 8.086532602071909 0.0005429163526258332
1328.0 8.09262644728824 0.0005429163526258332
1329.0 8.098720292504572 0.0005429163526258332
1330.0 8.104814137720902 0.0005429163526258332
1331.0 8.110907982937233 0.0005429163526258332
1332.0 8.117001828153565 0.0005429163526258332
1333.0 8.123095673369896 0.0005429163526258332
1334.0 8.129189518586228 0.0005429163526258332
1335.0 8.13528336380256 0.0005429163526258332
1336.0 8.141377209018891 0.0005429163526258332
1337.0 8.147471054235224 0.0005429163526258332
1338.0 8.153564899451554 0.0005429163526258332
1339.0 8.159658744667885 0.0005429163526258332
1340.0 8.165752589884217 0.0005429163526258332
1341.0 8.171846435100548 0.0005429163526258332
1342.0 8.17794028031688 0.0005429163526258332
1343.0 8.184034125533213 0.0005429163526258332
1344.0 8.190127970749543 0.0005429163526258332
1345.0 8.196221815965876 0.0005429163526258332
1346.0 8.202315661182206 0.0005429163526258332
1347.0 8.208409506398537 0.0005429163526258332
1348.0 8.21450335161487 0.0005429163526258332
1349.0 8.220597196831202 0.0005429163526258332
1350.0 8.226691042047532 0.0005429163526258332
1351.0 8.232784887263865 0.0005429163526258332
1352.0 8.238878732480195 0.0005429163526258332
1353.0 8.244972577696528 0.0005429163526258332
1354.0 8.251066422912858 0.0005429163526258332
1355.0 8.257160268129189 0.0005429163526258332
1356.0 8.263254113345521 0.0005429163526258332
1357.0 8.269347958561854 0.0005429163526258332
1358.0 8.275441803778184 0.0005429163526258332
1359.0 8.281535648994517 0.0005429163526258332
1360.0 8.287629494210847 0.0005429163526258332
1361.0 8.29372333942718 0.0005429163526258332
1362.0 8.29981718464351 0.0005429163526258332
1363.0 8.30591102985984 0.0005429163526258332
1364.0 8.312004875076173 0.0005429163526258332
1365.0 8.318098720292506 0.0005429163526258332
1366.0 8.324192565508836 0.0005429163526258332
1367.0 8.330286410725169 0.0005429163526258332
1368.0 8.3363802559415 0.0005429163526258332
1369.0 8.342474101157832 0.0005429163526258332
1370.0 8.348567946374162 0.0005429163526258332
1371.0 8.354661791590493 0.0005429163526258332
1372.0 8.360755636806827 0.0005429163526258332
1373.0 8.366849482023158 0.0005429163526258332
1374.0 8.372943327239488 0.0005429163526258332
1375.0 8.37903717245582 0.0005429163526258332
1376.0 8.385131017672151 0.0005429163526258332
1377.0 8.391224862888484 0.0005429163526258332
1378.0 8.397318708104814 0.0005429163526258332
1379.0 8.403412553321145 0.0005429163526258332
1380.0 8.409506398537479 0.0005429163526258332
1381.0 8.41560024375381 0.0005429163526258332
1382.0 8.42169408897014 0.0005429163526258332
1383.0 8.427787934186473 0.0005429163526258332
1384.0 8.433881779402803 0.0005429163526258332
1385.0 8.439975624619136 0.0005429163526258332
1386.0 8.446069469835466 0.0005429163526258332
1387.0 8.452163315051799 0.0005429163526258332
1388.0 8.458257160268131 0.0005429163526258332
1389.0 8.464351005484462 0.0005429163526258332
1390.0 8.470444850700792 0.0005429163526258332
1391.0 8.476538695917124 0.0005429163526258332
1392.0 8.482632541133455 0.0005429163526258332
1393.0 8.488726386349787 0.0005429163526258332
1394.0 8.494820231566118 0.0005429163526258332
1395.0 8.50091407678245 0.0005429163526258332
1396.0 8.507007921998783 0.0005429163526258332
1397.0 8.513101767215113 0.0005429163526258332
1398.0 8.519195612431444 0.0005429163526258332
1399.0 8.525289457647776 0.0005429163526258332
1400.0 8.531383302864107 0.0005429163526258332
1401.0 8.53747714808044 0.0005429163526258332
1402.0 8.543570993296772 0.0005429163526258332
1403.0 8.549664838513102 0.0005429163526258332
1404.0 8.555758683729435 0.0005429163526258332
1405.0 8.561852528945765 0.0005429163526258332
1406.0 8.567946374162096 0.0005429163526258332
1407.0 8.574040219378428 0.0005429163526258332
1408.0 8.580134064594759 0.0005429163526258332
1409.0 8.586227909811091 0.0005429163526258332
1410.0 8.592321755027424 0.0005429163526258332
1411.0 8.598415600243754 0.0005429163526258332
1412.0 8.604509445460087 0.0005429163526258332
1413.0 8.610603290676417 0.0005429163526258332
1414.0 8.616697135892748 0.0005429163526258332
1415.0 8.62279098110908 0.0005429163526258332
1416.0 8.628884826325411 0.0005429163526258332
1417.0 8.634978671541743 0.0005429163526258332
1418.0 8.641072516758076 0.0005429163526258332
1419.0 8.647166361974406 0.0005429163526258332
1420.0 8.653260207190739 0.0005429163526258332
1421.0 8.65935405240707 0.0005429163526258332
1422.0 8.6654478976234 0.0005429163526258332
1423.0 8.671541742839732 0.0005429163526258332
1424.0 8.677635588056063 0.0005429163526258332
1425.0 8.683729433272395 0.0005429163526258332
1426.0 8.689823278488728 0.0005429163526258332
1427.0 8.695917123705058 0.0005429163526258332
1428.0 8.70201096892139 0.0005429163526258332
1429.0 8.708104814137721 0.0005429163526258332
1430.0 8.714198659354052 0.0005429163526258332
1431.0 8.720292504570384 0.0005429163526258332
1432.0 8.726386349786715 0.0005429163526258332
1433.0 8.732480195003047 0.0005429163526258332
1434.0 8.73857404021938 0.0005429163526258332
1435.0 8.74466788543571 0.0005429163526258332
1436.0 8.750761730652043 0.0005429163526258332
1437.0 8.756855575868373 0.0005429163526258332
1438.0 8.762949421084704 0.0005429163526258332
1439.0 8.769043266301036 0.0005429163526258332
1440.0 8.775137111517369 0.0005429163526258332
1441.0 8.7812309567337 0.0005429163526258332
1442.0 8.787324801950032 0.0005429163526258332
1443.0 8.793418647166362 0.0005429163526258332
1444.0 8.799512492382695 0.0005429163526258332
1445.0 8.805606337599025 0.0005429163526258332
1446.0 8.811700182815356 0.0005429163526258332
1447.0 8.817794028031688 0.0005429163526258332
1448.0 8.82388787324802 0.0005429163526258332
1449.0 8.829981718464351 0.0005429163526258332
1450.0 8.836075563680684 0.0005429163526258332
1451.0 8.842169408897014 0.0005429163526258332
1452.0 8.848263254113347 0.0005429163526258332
1453.0 8.854357099329677 0.0005429163526258332
1454.0 8.860450944546008 0.0005429163526258332
1455.0 8.866544789762342 0.0005429163526258332
1456.0 8.872638634978673 0.0005429163526258332
1457.0 8.878732480195003 0.0005429163526258332
1458.0 8.884826325411336 0.0005429163526258332
1459.0 8.890920170627666 0.0005429163526258332
1460.0 8.897014015843999 0.0005429163526258332
1461.0 8.90310786106033 0.0005429163526258332
1462.0 8.90920170627666 0.0005429163526258332
1463.0 8.915295551492994 0.0005429163526258332
1464.0 8.921389396709325 0.0005429163526258332
1465.0 8.927483241925655 0.0005429163526258332
1466.0 8.933577087141988 0.0005429163526258332
1467.0 8.939670932358318 0.0005429163526258332
1468.0 8.94576477757465 0.0005429163526258332
1469.0 8.951858622790981 0.0005429163526258332
1470.0 8.957952468007313 0.0005429163526258332
1471.0 8.964046313223646 0.0005429163526258332
1472.0 8.970140158439976 0.0005429163526258332
1473.0 8.976234003656307 0.0005429163526258332
1474.0 8.98232784887264 0.0005429163526258332
1475.0 8.98842169408897 0.0005429163526258332
1476.0 8.994515539305302 0.0005429163526258332
1477.0 9.000609384521633 0.0005429163526258332
1478.0 9.006703229737965 0.0005429163526258332
1479.0 9.012797074954298 0.0005429163526258332
1480.0 9.018890920170628 0.0005429163526258332
1481.0 9.024984765386959 0.0005429163526258332
1482.0 9.031078610603291 0.0005429163526258332
1483.0 9.037172455819622 0.0005429163526258332
1484.0 9.043266301035954 0.0005429163526258332
1485.0 9.049360146252287 0.0005429163526258332
1486.0 9.055453991468617 0.0005429163526258332
1487.0 9.06154783668495 0.0005429163526258332
1488.0 9.06764168190128 0.0005429163526258332
1489.0 9.073735527117611 0.0005429163526258332
1490.0 9.079829372333943 0.0005429163526258332
1491.0 9.085923217550274 0.0005429163526258332
1492.0 9.092017062766606 0.0005429163526258332
1493.0 9.098110907982939 0.0005429163526258332
1494.0 9.10420475319927 0.0005429163526258332
1495.0 9.110298598415602 0.0005429163526258332
1496.0 9.116392443631932 0.0005429163526258332
1497.0 9.122486288848263 0.0005429163526258332
1498.0 9.128580134064595 0.0005429163526258332
1499.0 9.134673979280926 0.0005429163526258332
1500.0 9.140767824497258 0.0005429163526258332
1501.0 9.14686166971359 0.0005429163526258332
1502.0 9.152955514929921 0.0005429163526258332
1503.0 9.159049360146254 0.0005429163526258332
1504.0 9.165143205362584 0.0005429163526258332
1505.0 9.171237050578915 0.0005429163526258332
1506.0 9.177330895795247 0.0005429163526258332
1507.0 9.183424741011578 0.0005429163526258332
1508.0 9.18951858622791 0.0005429163526258332
1509.0 9.195612431444243 0.0005429163526258332
1510.0 9.201706276660573 0.0005429163526258332
1511.0 9.207800121876906 0.0005429163526258332
1512.0 9.213893967093236 0.0005429163526258332
1513.0 9.219987812309567 0.0005429163526258332
1514.0 9.2260816575259 0.0005429163526258332
1515.0 9.23217550274223 0.0005429163526258332
1516.0 9.238269347958562 0.0005429163526258332
1517.0 9.244363193174895 0.0005429163526258332
1518.0 9.250457038391225 0.0005429163526258332
1519.0 9.256550883607558 0.0005429163526258332
1520.0 9.262644728823888 0.0005429163526258332
1521.0 9.268738574040219 0.0005429163526258332
1522.0 9.274832419256551 0.0005429163526258332
1523.0 9.280926264472884 0.0005429163526258332
1524.0 9.287020109689214 0.0005429163526258332
1525.0 9.293113954905547 0.0005429163526258332
1526.0 9.299207800121877 0.0005429163526258332
1527.0 9.30530164533821 0.0005429163526258332
1528.0 9.31139549055454 0.0005429163526258332
1529.0 9.31748933577087 0.0005429163526258332
1530.0 9.323583180987203 0.0005429163526258332
1531.0 9.329677026203536 0.0005429163526258332
1532.0 9.335770871419866 0.0005429163526258332
1533.0 9.341864716636199 0.0005429163526258332
1534.0 9.34795856185253 0.0005429163526258332
1535.0 9.354052407068862 0.0005429163526258332
1536.0 9.360146252285192 0.0005429163526258332
1537.0 9.366240097501523 0.0005429163526258332
1538.0 9.372333942717857 0.0005429163526258332
1539.0 9.378427787934188 0.0005429163526258332
1540.0 9.384521633150518 0.0005429163526258332
1541.0 9.39061547836685 0.0005429163526258332
1542.0 9.396709323583181 0.0005429163526258332
1543.0 9.402803168799514 0.0005429163526258332
1544.0 9.408897014015844 0.0005429163526258332
1545.0 9.414990859232175 0.0005429163526258332
1546.0 9.421084704448509 0.0005429163526258332
1547.0 9.42717854966484 0.0005429163526258332
1548.0 9.43327239488117 0.0005429163526258332
1549.0 9.439366240097502 0.0005429163526258332
1550.0 9.445460085313833 0.0005429163526258332
1551.0 9.451553930530165 0.0005429163526258332
1552.0 9.457647775746496 0.0005429163526258332
1553.0 9.463741620962827 0.0005429163526258332
1554.0 9.46983546617916 0.0005429163526258332
1555.0 9.475929311395491 0.0005429163526258332
1556.0 9.482023156611822 0.0005429163526258332
1557.0 9.488117001828154 0.0005429163526258332
1558.0 9.494210847044485 0.0005429163526258332
1559.0 9.500304692260817 0.0005429163526258332
1560.0 9.506398537477148 0.0005429163526258332
1561.0 9.51249238269348 0.0005429163526258332
1562.0 9.518586227909813 0.0005429163526258332
1563.0 9.524680073126143 0.0005429163526258332
1564.0 9.530773918342474 0.0005429163526258332
1565.0 9.536867763558806 0.0005429163526258332
1566.0 9.542961608775137 0.0005429163526258332
1567.0 9.54905545399147 0.0005429163526258332
1568.0 9.5551492992078 0.0005429163526258332
1569.0 9.561243144424132 0.0005429163526258332
1570.0 9.567336989640465 0.0005429163526258332
1571.0 9.573430834856795 0.0005429163526258332
1572.0 9.579524680073126 0.0005429163526258332
1573.0 9.585618525289458 0.0005429163526258332
1574.0 9.591712370505789 0.0005429163526258332
1575.0 9.597806215722121 0.0005429163526258332
1576.0 9.603900060938454 0.0005429163526258332
1577.0 9.609993906154784 0.0005429163526258332
1578.0 9.616087751371117 0.0005429163526258332
1579.0 9.622181596587447 0.0005429163526258332
1580.0 9.62827544180378 0.0005429163526258332
1581.0 9.63436928702011 0.0005429163526258332
1582.0 9.640463132236441 0.0005429163526258332
1583.0 9.646556977452773 0.0005429163526258332
1584.0 9.652650822669106 0.0005429163526258332
1585.0 9.658744667885436 0.0005429163526258332
1586.0 9.664838513101769 0.0005429163526258332
1587.0 9.6709323583181 0.0005429163526258332
1588.0 9.677026203534432 0.0005429163526258332
1589.0 9.683120048750762 0.0005429163526258332
1590.0 9.689213893967093 0.0005429163526258332
1591.0 9.695307739183427 0.0005429163526258332
1592.0 9.701401584399758 0.0005429163526258332
1593.0 9.707495429616088 0.0005429163526258332
1594.0 9.71358927483242 0.0005429163526258332
1595.0 9.719683120048751 0.0005429163526258332
1596.0 9.725776965265084 0.0005429163526258332
1597.0 9.731870810481414 0.0005429163526258332
1598.0 9.737964655697745 0.0005429163526258332
1599.0 9.744058500914079 0.0005429163526258332
1600.0 9.75015234613041 0.0005429163526258332
1601.0 9.75624619134674 0.0005429163526258332
1602.0 9.762340036563073 0.0005429163526258332
1603.0 9.768433881779403 0.0005429163526258332
1604.0 9.774527726995736 0.0005429163526258332
1605.0 9.780621572212066 0.0005429163526258332
1606.0 9.786715417428399 0.0005429163526258332
1607.0 9.792809262644731 0.0005429163526258332
1608.0 9.798903107861062 0.0005429163526258332
1609.0 9.804996953077392 0.0005429163526258332
1610.0 9.811090798293725 0.0005429163526258332
1611.0 9.817184643510055 0.0005429163526258332
1612.0 9.823278488726388 0.0005429163526258332
1613.0 9.829372333942718 0.0005429163526258332
1614.0 9.83546617915905 0.0005429163526258332
1615.0 9.841560024375383 0.0005429163526258332
1616.0 9.847653869591714 0.0005429163526258332
1617.0 9.853747714808044 0.0005429163526258332
1618.0 9.859841560024377 0.0005429163526258332
1619.0 9.865935405240707 0.0005429163526258332
1620.0 9.87202925045704 0.0005429163526258332
1621.0 9.87812309567337 0.0005429163526258332
1622.0 9.884216940889702 0.0005429163526258332
1623.0 9.890310786106035 0.0005429163526258332
1624.0 9.896404631322365 0.0005429163526258332
1625.0 9.902498476538696 0.0005429163526258332
1626.0 9.908592321755028 0.0005429163526258332
1627.0 9.914686166971359 0.0005429163526258332
1628.0 9.920780012187691 0.0005429163526258332
1629.0 9.926873857404024 0.0005429163526258332
1630.0 9.932967702620354 0.0005429163526258332
1631.0 9.939061547836687 0.0005429163526258332
1632.0 9.945155393053017 0.0005429163526258332
1633.0 9.951249238269348 0.0005429163526258332
1634.0 9.95734308348568 0.0005429163526258332
1635.0 9.963436928702011 0.0005429163526258332
1636.0 9.969530773918343 0.0005429163526258332
1637.0 9.975624619134676 0.0005429163526258332
1638.0 9.981718464351006 0.0005429163526258332
1639.0 9.987812309567339 0.0005429163526258332
1640.0 9.99390615478367 0.0005429163526258332
1641.0 10.0 0.0005429163526258332
