1.0 0.006297229219143577 0.04506205726794027
2.0 0.012594458438287154 0.039632893741682385
3.0 0.018891687657430732 0.0244312358681604
4.0 0.02518891687657431 0.022259570457657217
5.0 0.031486146095717885 0.020087905047154034
6.0 0.037783375314861464 0.014115825168270318
7.0 0.044080604534005044 0.01140124340514145
8.0 0.05037783375314862 0.011401243405141601
9.0 0.05667506297229219 0.010315410699889935
10.0 0.06297229219143577 0.009229577994638418
11.0 0.06926952141057935 0.009229577994638418
12.0 0.07556675062972293 0.00814374528938675
13.0 0.08186397984886651 0.0076008289367609175
14.0 0.08816120906801009 0.007057912584135234
15.0 0.09445843828715367 0.007057912584135234
16.0 0.10075566750629723 0.00651499623150955
17.0 0.10705289672544081 0.00651499623150955
18.0 0.11335012594458438 0.005972079878883717
19.0 0.11964735516372796 0.0065149962315094005
20.0 0.12594458438287154 0.005972079878883717
21.0 0.13224181360201512 0.005972079878883717
22.0 0.1385390428211587 0.0054291635262578835
23.0 0.14483627204030228 0.0054291635262578835
24.0 0.15113350125944586 0.0054291635262578835
25.0 0.15743073047858944 0.00488624717363205
26.0 0.16372795969773302 0.00488624717363205
27.0 0.17002518891687657 0.00488624717363205
28.0 0.17632241813602018 0.00488624717363205
29.0 0.18261964735516376 0.004343330821006217
30.0 0.18891687657430734 0.004343330821006217
31.0 0.1952141057934509 0.004343330821006217
32.0 0.20151133501259447 0.004343330821006217
33.0 0.20780856423173805 0.004343330821006217
34.0 0.21410579345088163 0.0038004144683803837
35.0 0.2204030226700252 0.0038004144683803837
36.0 0.22670025188916876 0.0038004144683803837
37.0 0.23299748110831234 0.0038004144683803837
38.0 0.23929471032745592 0.0038004144683803837
39.0 0.2455919395465995 0.0038004144683803837
40.0 0.2518891687657431 0.0038004144683803837
41.0 0.2581863979848867 0.0038004144683803837
42.0 0.26448362720403024 0.0038004144683803837
43.0 0.27078085642317384 0.0038004144683803837
44.0 0.2770780856423174 0.0038004144683803837
45.0 0.283375314861461 0.0038004144683803837
46.0 0.28967254408060455 0.0038004144683803837
47.0 0.2959697732997481 0.0038004144683803837
48.0 0.3022670025188917 0.0038004144683803837
49.0 0.30856423173803527 0.0038004144683803837
50.0 0.3148614609571789 0.0038004144683803837
51.0 0.3211586901763224 0.0038004144683803837
52.0 0.32745591939546603 0.0038004144683803837
53.0 0.3337531486146096 0.0032574981157547003
54.0 0.34005037783375314 0.0032574981157547003
55.0 0.34634760705289674 0.0032574981157547003
56.0 0.35264483627204035 0.0027145817631290168
57.0 0.3589420654911839 0.0027145817631290168
58.0 0.3652392947103275 0.0027145817631290168
59.0 0.37153652392947106 0.0027145817631290168
60.0 0.37783375314861467 0.0027145817631290168
61.0 0.3841309823677582 0.0027145817631290168
62.0 0.3904282115869018 0.0027145817631290168
63.0 0.3967254408060454 0.0027145817631290168
64.0 0.40302267002518893 0.0027145817631290168
65.0 0.40931989924433254 0.0027145817631290168
66.0 0.4156171284634761 0.0027145817631290168
67.0 0.42191435768261965 0.0027145817631290168
68.0 0.42821158690176325 0.0027145817631290168
69.0 0.4345088161209068 0.0027145817631290168
70.0 0.4408060453400504 0.0027145817631290168
71.0 0.44710327455919396 0.0027145817631290168
72.0 0.4534005037783375 0.0027145817631290168
73.0 0.4596977329974811 0.0027145817631290168
74.0 0.4659949622166247 0.0027145817631290168
75.0 0.4722921914357683 0.0027145817631290168
76.0 0.47858942065491183 0.0027145817631290168
77.0 0.4848866498740554 0.0027145817631290168
78.0 0.491183879093199 0.0027145817631290168
79.0 0.49748110831234255 0.0027145817631290168
80.0 0.5037783375314862 0.0027145817631290168
81.0 0.5100755667506298 0.0027145817631290168
82.0 0.5163727959697734 0.0027145817631290168
83.0 0.5226700251889169 0.0027145817631290168
84.0 0.5289672544080605 0.0027145817631290168
85.0 0.5352644836272041 0.0027145817631290168
86.0 0.5415617128463477 0.0027145817631290168
87.0 0.5478589420654912 0.0027145817631290168
88.0 0.5541561712846348 0.0027145817631290168
89.0 0.5604534005037783 0.0027145817631290168
90.0 0.566750629722922 0.0027145817631290168
91.0 0.5730478589420656 0.0027145817631290168
92.0 0.5793450881612091 0.0027145817631290168
93.0 0.5856423173803527 0.0027145817631290168
94.0 0.5919395465994962 0.0027145817631290168
95.0 0.5982367758186399 0.0027145817631290168
96.0 0.6045340050377834 0.0027145817631290168
97.0 0.610831234256927 0.0027145817631290168
98.0 0.6171284634760705 0.0027145817631290168
99.0 0.6234256926952142 0.0027145817631290168
100.0 0.6297229219143577 0.0027145817631290168
101.0 0.6360201511335013 0.0027145817631290168
102.0 0.6423173803526449 0.0027145817631290168
103.0 0.6486146095717884 0.0027145817631290168
104.0 0.6549118387909321 0.0027145817631290168
105.0 0.6612090680100756 0.0027145817631290168
106.0 0.6675062972292192 0.0027145817631290168
107.0 0.6738035264483627 0.0027145817631290168
108.0 0.6801007556675063 0.0021716654105031832
109.0 0.6863979848866499 0.0027145817631290168
110.0 0.6926952141057935 0.0027145817631290168
111.0 0.698992443324937 0.0021716654105031832
112.0 0.7052896725440807 0.0021716654105031832
113.0 0.7115869017632243 0.0021716654105031832
114.0 0.7178841309823678 0.0021716654105031832
115.0 0.7241813602015115 0.0021716654105031832
116.0 0.730478589420655 0.0021716654105031832
117.0 0.7367758186397986 0.0021716654105031832
118.0 0.7430730478589421 0.0021716654105031832
119.0 0.7493702770780857 0.0021716654105031832
120.0 0.7556675062972293 0.0021716654105031832
121.0 0.7619647355163729 0.0021716654105031832
122.0 0.7682619647355164 0.0021716654105031832
123.0 0.77455919395466 0.0021716654105031832
124.0 0.7808564231738035 0.0021716654105031832
125.0 0.7871536523929472 0.0021716654105031832
126.0 0.7934508816120908 0.0021716654105031832
127.0 0.7997481108312343 0.0021716654105031832
128.0 0.8060453400503779 0.0021716654105031832
129.0 0.8123425692695214 0.0021716654105031832
130.0 0.8186397984886651 0.0021716654105031832
131.0 0.8249370277078086 0.0021716654105031832
132.0 0.8312342569269522 0.0021716654105031832
133.0 0.8375314861460957 0.0021716654105031832
134.0 0.8438287153652393 0.0021716654105031832
135.0 0.850125944584383 0.0021716654105031832
136.0 0.8564231738035265 0.0021716654105031832
137.0 0.8627204030226701 0.0021716654105031832
138.0 0.8690176322418136 0.0021716654105031832
139.0 0.8753148614609572 0.0021716654105031832
140.0 0.8816120906801008 0.0021716654105031832
141.0 0.8879093198992444 0.0021716654105031832
142.0 0.8942065491183879 0.0021716654105031832
143.0 0.9005037783375315 0.0021716654105031832
144.0 0.906801007556675 0.0021716654105031832
145.0 0.9130982367758187 0.0021716654105031832
146.0 0.9193954659949622 0.0016287490578773501
147.0 0.9256926952141058 0.0016287490578773501
148.0 0.9319899244332494 0.0021716654105031832
149.0 0.9382871536523929 0.0016287490578773501
150.0 0.9445843828715366 0.0016287490578773501
151.0 0.9508816120906801 0.0016287490578773501
152.0 0.9571788413098237 0.0016287490578773501
153.0 0.9634760705289672 0.0016287490578773501
154.0 0.9697732997481108 0.0016287490578773501
155.0 0.9760705289672544 0.0016287490578773501
156.0 0.982367758186398 0.0016287490578773501
157.0 0.9886649874055415 0.0016287490578773501
158.0 0.9949622166246851 0.0016287490578773501
159.0 1.0012594458438286 0.0016287490578773501
160.0 1.0075566750629723 0.0016287490578773501
161.0 1.013853904282116 0.0016287490578773501
162.0 1.0201511335012596 0.0016287490578773501
163.0 1.026448362720403 0.0016287490578773501
164.0 1.0327455919395467 0.0016287490578773501
165.0 1.0390428211586904 0.0016287490578773501
166.0 1.0453400503778338 0.0016287490578773501
167.0 1.0516372795969775 0.0016287490578773501
168.0 1.057934508816121 0.0016287490578773501
169.0 1.0642317380352646 0.0016287490578773501
170.0 1.0705289672544083 0.0016287490578773501
171.0 1.0768261964735517 0.0016287490578773501
172.0 1.0831234256926954 0.0016287490578773501
173.0 1.0894206549118388 0.0016287490578773501
174.0 1.0957178841309825 0.0016287490578773501
175.0 1.1020151133501261 0.0016287490578773501
176.0 1.1083123425692696 0.0016287490578773501
177.0 1.1146095717884132 0.0016287490578773501
178.0 1.1209068010075567 0.0016287490578773501
179.0 1.1272040302267003 0.0016287490578773501
180.0 1.133501259445844 0.0016287490578773501
181.0 1.1397984886649875 0.0016287490578773501
182.0 1.1460957178841311 0.0016287490578773501
183.0 1.1523929471032746 0.0016287490578773501
184.0 1.1586901763224182 0.0016287490578773501
185.0 1.1649874055415619 0.0016287490578773501
186.0 1.1712846347607053 0.0016287490578773501
187.0 1.177581863979849 0.0016287490578773501
188.0 1.1838790931989924 0.0016287490578773501
189.0 1.190176322418136 0.0016287490578773501
190.0 1.1964735516372798 0.0016287490578773501
191.0 1.2027707808564232 0.0016287490578773501
192.0 1.2090680100755669 0.0016287490578773501
193.0 1.2153652392947105 0.0016287490578773501
194.0 1.221662468513854 0.0016287490578773501
195.0 1.2279596977329976 0.0016287490578773501
196.0 1.234256926952141 0.0016287490578773501
197.0 1.2405541561712847 0.0016287490578773501
198.0 1.2468513853904284 0.0016287490578773501
199.0 1.2531486146095718 0.0016287490578773501
200.0 1.2594458438287155 0.0016287490578773501
201.0 1.265743073047859 0.0016287490578773501
202.0 1.2720403022670026 0.0016287490578773501
203.0 1.2783375314861463 0.0016287490578773501
204.0 1.2846347607052897 0.0016287490578773501
205.0 1.2909319899244334 0.0016287490578773501
206.0 1.2972292191435768 0.0016287490578773501
207.0 1.3035264483627205 0.0016287490578773501
208.0 1.3098236775818641 0.0016287490578773501
209.0 1.3161209068010076 0.0016287490578773501
210.0 1.3224181360201512 0.0016287490578773501
211.0 1.3287153652392947 0.0016287490578773501
212.0 1.3350125944584383 0.0016287490578773501
213.0 1.341309823677582 0.0016287490578773501
214.0 1.3476070528967254 0.0016287490578773501
215.0 1.353904282115869 0.0016287490578773501
216.0 1.3602015113350125 0.0016287490578773501
217.0 1.3664987405541562 0.0016287490578773501
218.0 1.3727959697732999 0.0016287490578773501
219.0 1.3790931989924433 0.0016287490578773501
220.0 1.385390428211587 0.0016287490578773501
221.0 1.3916876574307304 0.0016287490578773501
222.0 1.397984886649874 0.0016287490578773501
223.0 1.4042821158690177 0.0016287490578773501
224.0 1.4105793450881614 0.0016287490578773501
225.0 1.416876574307305 0.0016287490578773501
226.0 1.4231738035264485 0.0016287490578773501
227.0 1.4294710327455922 0.0016287490578773501
228.0 1.4357682619647356 0.0016287490578773501
229.0 1.4420654911838793 0.0016287490578773501
230.0 1.448362720403023 0.0016287490578773501
231.0 1.4546599496221664 0.0016287490578773501
232.0 1.46095717884131 0.0016287490578773501
233.0 1.4672544080604535 0.0016287490578773501
234.0 1.4735516372795971 0.0016287490578773501
235.0 1.4798488664987408 0.0016287490578773501
236.0 1.4861460957178843 0.0016287490578773501
237.0 1.492443324937028 0.0016287490578773501
238.0 1.4987405541561714 0.0016287490578773501
239.0 1.505037783375315 0.0016287490578773501
240.0 1.5113350125944587 0.0016287490578773501
241.0 1.5176322418136021 0.0016287490578773501
242.0 1.5239294710327458 0.0016287490578773501
243.0 1.5302267002518892 0.0016287490578773501
244.0 1.536523929471033 0.0016287490578773501
245.0 1.5428211586901766 0.0016287490578773501
246.0 1.54911838790932 0.0016287490578773501
247.0 1.5554156171284637 0.0016287490578773501
248.0 1.561712846347607 0.0016287490578773501
249.0 1.5680100755667508 0.0016287490578773501
250.0 1.5743073047858944 0.0016287490578773501
251.0 1.5806045340050379 0.0016287490578773501
252.0 1.5869017632241815 0.0016287490578773501
253.0 1.593198992443325 0.0016287490578773501
254.0 1.5994962216624686 0.0016287490578773501
255.0 1.6057934508816123 0.0016287490578773501
256.0 1.6120906801007557 0.0016287490578773501
257.0 1.6183879093198994 0.0016287490578773501
258.0 1.6246851385390428 0.0016287490578773501
259.0 1.6309823677581865 0.0016287490578773501
260.0 1.6372795969773302 0.0016287490578773501
261.0 1.6435768261964736 0.0016287490578773501
262.0 1.6498740554156173 0.0016287490578773501
263.0 1.6561712846347607 0.0016287490578773501
264.0 1.6624685138539044 0.0016287490578773501
265.0 1.668765743073048 0.0016287490578773501
266.0 1.6750629722921915 0.0016287490578773501
267.0 1.6813602015113351 0.0016287490578773501
268.0 1.6876574307304786 0.0016287490578773501
269.0 1.6939546599496222 0.0016287490578773501
270.0 1.700251889168766 0.0016287490578773501
271.0 1.7065491183879093 0.0016287490578773501
272.0 1.712846347607053 0.0016287490578773501
273.0 1.7191435768261965 0.0016287490578773501
274.0 1.7254408060453401 0.0016287490578773501
275.0 1.7317380352644838 0.0016287490578773501
276.0 1.7380352644836272 0.0016287490578773501
277.0 1.7443324937027709 0.0016287490578773501
278.0 1.7506297229219143 0.0016287490578773501
279.0 1.756926952141058 0.0016287490578773501
280.0 1.7632241813602016 0.0016287490578773501
281.0 1.769521410579345 0.0016287490578773501
282.0 1.7758186397984888 0.0016287490578773501
283.0 1.7821158690176322 0.0016287490578773501
284.0 1.7884130982367759 0.0016287490578773501
285.0 1.7947103274559195 0.0016287490578773501
286.0 1.801007556675063 0.0016287490578773501
287.0 1.8073047858942066 0.0016287490578773501
288.0 1.81360201511335 0.0016287490578773501
289.0 1.8198992443324937 0.0016287490578773501
290.0 1.8261964735516374 0.0016287490578773501
291.0 1.8324937027707808 0.0016287490578773501
292.0 1.8387909319899245 0.0016287490578773501
293.0 1.845088161209068 0.0016287490578773501
294.0 1.8513853904282116 0.0016287490578773501
295.0 1.8576826196473553 0.0016287490578773501
296.0 1.8639798488664987 0.0016287490578773501
297.0 1.8702770780856424 0.0016287490578773501
298.0 1.8765743073047858 0.0016287490578773501
299.0 1.8828715365239295 0.0016287490578773501
300.0 1.8891687657430731 0.0016287490578773501
301.0 1.8954659949622166 0.0016287490578773501
302.0 1.9017632241813602 0.0016287490578773501
303.0 1.9080604534005037 0.0016287490578773501
304.0 1.9143576826196473 0.0016287490578773501
305.0 1.920654911838791 0.0016287490578773501
306.0 1.9269521410579344 0.0016287490578773501
307.0 1.933249370277078 0.0016287490578773501
308.0 1.9395465994962215 0.0016287490578773501
309.0 1.9458438287153652 0.0016287490578773501
310.0 1.9521410579345089 0.0016287490578773501
311.0 1.9584382871536523 0.0016287490578773501
312.0 1.964735516372796 0.0016287490578773501
313.0 1.9710327455919394 0.0016287490578773501
314.0 1.977329974811083 0.0016287490578773501
315.0 1.9836272040302267 0.0016287490578773501
316.0 1.9899244332493702 0.0016287490578773501
317.0 1.9962216624685138 0.0016287490578773501
318.0 2.0025188916876573 0.0016287490578773501
319.0 2.008816120906801 0.0016287490578773501
320.0 2.0151133501259446 0.0016287490578773501
321.0 2.0214105793450883 0.0016287490578773501
322.0 2.027707808564232 0.0016287490578773501
323.0 2.0340050377833756 0.0016287490578773501
324.0 2.0403022670025193 0.0016287490578773501
325.0 2.046599496221663 0.0016287490578773501
326.0 2.052896725440806 0.0016287490578773501
327.0 2.05919395465995 0.0016287490578773501
328.0 2.0654911838790935 0.0016287490578773501
329.0 2.071788413098237 0.0016287490578773501
330.0 2.078085642317381 0.0016287490578773501
331.0 2.084382871536524 0.0016287490578773501
332.0 2.0906801007556677 0.0016287490578773501
333.0 2.0969773299748113 0.0016287490578773501
334.0 2.103274559193955 0.0016287490578773501
335.0 2.1095717884130987 0.0016287490578773501
336.0 2.115869017632242 0.0016287490578773501
337.0 2.1221662468513856 0.0016287490578773501
338.0 2.128463476070529 0.0016287490578773501
339.0 2.134760705289673 0.0016287490578773501
340.0 2.1410579345088165 0.0016287490578773501
341.0 2.1473551637279598 0.0016287490578773501
342.0 2.1536523929471034 0.0016287490578773501
343.0 2.159949622166247 0.0016287490578773501
344.0 2.1662468513853907 0.0016287490578773501
345.0 2.1725440806045344 0.0016287490578773501
346.0 2.1788413098236776 0.0016287490578773501
347.0 2.1851385390428213 0.0016287490578773501
348.0 2.191435768261965 0.0016287490578773501
349.0 2.1977329974811086 0.0016287490578773501
350.0 2.2040302267002523 0.0016287490578773501
351.0 2.2103274559193955 0.0016287490578773501
352.0 2.216624685138539 0.0016287490578773501
353.0 2.222921914357683 0.0016287490578773501
354.0 2.2292191435768265 0.0016287490578773501
355.0 2.23551637279597 0.0016287490578773501
356.0 2.2418136020151134 0.0016287490578773501
357.0 2.248110831234257 0.0016287490578773501
358.0 2.2544080604534007 0.0016287490578773501
359.0 2.2607052896725444 0.0016287490578773501
360.0 2.267002518891688 0.0016287490578773501
361.0 2.2732997481108312 0.0016287490578773501
362.0 2.279596977329975 0.0016287490578773501
363.0 2.2858942065491186 0.0016287490578773501
364.0 2.2921914357682622 0.0016287490578773501
365.0 2.298488664987406 0.0016287490578773501
366.0 2.304785894206549 0.0016287490578773501
367.0 2.3110831234256928 0.0016287490578773501
368.0 2.3173803526448364 0.0016287490578773501
369.0 2.32367758186398 0.0016287490578773501
370.0 2.3299748110831238 0.0016287490578773501
371.0 2.336272040302267 0.0016287490578773501
372.0 2.3425692695214106 0.0016287490578773501
373.0 2.3488664987405543 0.0016287490578773501
374.0 2.355163727959698 0.0016287490578773501
375.0 2.3614609571788416 0.0016287490578773501
376.0 2.367758186397985 0.0016287490578773501
377.0 2.3740554156171285 0.0016287490578773501
378.0 2.380352644836272 0.0016287490578773501
379.0 2.386649874055416 0.0016287490578773501
380.0 2.3929471032745595 0.0016287490578773501
381.0 2.3992443324937027 0.0016287490578773501
382.0 2.4055415617128464 0.0016287490578773501
383.0 2.41183879093199 0.0016287490578773501
384.0 2.4181360201511337 0.0016287490578773501
385.0 2.4244332493702774 0.0016287490578773501
386.0 2.430730478589421 0.0016287490578773501
387.0 2.4370277078085643 0.0016287490578773501
388.0 2.443324937027708 0.0016287490578773501
389.0 2.4496221662468516 0.0016287490578773501
390.0 2.4559193954659952 0.0016287490578773501
391.0 2.462216624685139 0.0016287490578773501
392.0 2.468513853904282 0.0016287490578773501
393.0 2.474811083123426 0.0016287490578773501
394.0 2.4811083123425695 0.0016287490578773501
395.0 2.487405541561713 0.0016287490578773501
396.0 2.493702770780857 0.0016287490578773501
397.0 2.5 0.0016287490578773501
398.0 2.5062972292191437 0.0016287490578773501
399.0 2.5125944584382873 0.0016287490578773501
400.0 2.518891687657431 0.0016287490578773501
401.0 2.5251889168765747 0.0016287490578773501
402.0 2.531486146095718 0.0016287490578773501
403.0 2.5377833753148615 0.0016287490578773501
404.0 2.544080604534005 0.0016287490578773501
405.0 2.550377833753149 0.0016287490578773501
406.0 2.5566750629722925 0.0016287490578773501
407.0 2.5629722921914357 0.0010858327052516664
408.0 2.5692695214105794 0.0010858327052516664
409.0 2.575566750629723 0.0010858327052516664
410.0 2.5818639798488667 0.0016287490578773501
411.0 2.5881612090680104 0.0016287490578773501
412.0 2.5944584382871536 0.0016287490578773501
413.0 2.6007556675062973 0.0016287490578773501
414.0 2.607052896725441 0.0016287490578773501
415.0 2.6133501259445846 0.0016287490578773501
416.0 2.6196473551637283 0.0010858327052516664
417.0 2.6259445843828715 0.0016287490578773501
418.0 2.632241813602015 0.0016287490578773501
419.0 2.638539042821159 0.0016287490578773501
420.0 2.6448362720403025 0.0016287490578773501
421.0 2.651133501259446 0.0016287490578773501
422.0 2.6574307304785894 0.0016287490578773501
423.0 2.663727959697733 0.0016287490578773501
424.0 2.6700251889168767 0.0016287490578773501
425.0 2.6763224181360203 0.0010858327052516664
426.0 2.682619647355164 0.0010858327052516664
427.0 2.6889168765743072 0.0010858327052516664
428.0 2.695214105793451 0.0010858327052516664
429.0 2.7015113350125946 0.0010858327052516664
430.0 2.707808564231738 0.0010858327052516664
431.0 2.714105793450882 0.0010858327052516664
432.0 2.720403022670025 0.0010858327052516664
433.0 2.7267002518891688 0.0010858327052516664
434.0 2.7329974811083124 0.0010858327052516664
435.0 2.739294710327456 0.0010858327052516664
436.0 2.7455919395465997 0.0010858327052516664
437.0 2.751889168765743 0.0010858327052516664
438.0 2.7581863979848866 0.0010858327052516664
439.0 2.7644836272040303 0.0010858327052516664
440.0 2.770780856423174 0.0010858327052516664
441.0 2.7770780856423176 0.0010858327052516664
442.0 2.783375314861461 0.0010858327052516664
443.0 2.7896725440806045 0.0010858327052516664
444.0 2.795969773299748 0.0010858327052516664
445.0 2.802267002518892 0.0010858327052516664
446.0 2.8085642317380355 0.0010858327052516664
447.0 2.8148614609571787 0.0010858327052516664
448.0 2.821158690176323 0.0010858327052516664
449.0 2.8274559193954665 0.0010858327052516664
450.0 2.83375314861461 0.0010858327052516664
451.0 2.8400503778337534 0.0010858327052516664
452.0 2.846347607052897 0.0010858327052516664
453.0 2.8526448362720407 0.0010858327052516664
454.0 2.8589420654911843 0.0010858327052516664
455.0 2.865239294710328 0.0010858327052516664
456.0 2.8715365239294712 0.0010858327052516664
457.0 2.877833753148615 0.0010858327052516664
458.0 2.8841309823677586 0.0010858327052516664
459.0 2.890428211586902 0.0010858327052516664
460.0 2.896725440806046 0.0010858327052516664
461.0 2.903022670025189 0.0010858327052516664
462.0 2.9093198992443328 0.0010858327052516664
463.0 2.9156171284634764 0.0010858327052516664
464.0 2.92191435768262 0.0010858327052516664
465.0 2.9282115869017638 0.0010858327052516664
466.0 2.934508816120907 0.0010858327052516664
467.0 2.9408060453400506 0.0010858327052516664
468.0 2.9471032745591943 0.0010858327052516664
469.0 2.953400503778338 0.0010858327052516664
470.0 2.9596977329974816 0.0010858327052516664
471.0 2.965994962216625 0.0010858327052516664
472.0 2.9722921914357685 0.0010858327052516664
473.0 2.978589420654912 0.0010858327052516664
474.0 2.984886649874056 0.0010858327052516664
475.0 2.9911838790931995 0.0010858327052516664
476.0 2.9974811083123427 0.0010858327052516664
477.0 3.0037783375314864 0.0010858327052516664
478.0 3.01007556675063 0.0010858327052516664
479.0 3.0163727959697737 0.0010858327052516664
480.0 3.0226700251889174 0.0010858327052516664
481.0 3.0289672544080606 0.0010858327052516664
482.0 3.0352644836272042 0.0010858327052516664
483.0 3.041561712846348 0.0010858327052516664
484.0 3.0478589420654916 0.0010858327052516664
485.0 3.0541561712846352 0.0010858327052516664
486.0 3.0604534005037785 0.0010858327052516664
487.0 3.066750629722922 0.0010858327052516664
488.0 3.073047858942066 0.0010858327052516664
489.0 3.0793450881612094 0.0010858327052516664
490.0 3.085642317380353 0.0010858327052516664
491.0 3.0919395465994963 0.0010858327052516664
492.0 3.09823677581864 0.0010858327052516664
493.0 3.1045340050377837 0.0010858327052516664
494.0 3.1108312342569273 0.0010858327052516664
495.0 3.117128463476071 0.0010858327052516664
496.0 3.123425692695214 0.0010858327052516664
497.0 3.129722921914358 0.0010858327052516664
498.0 3.1360201511335015 0.0010858327052516664
499.0 3.142317380352645 0.0010858327052516664
500.0 3.148614609571789 0.0010858327052516664
501.0 3.154911838790932 0.0010858327052516664
502.0 3.1612090680100757 0.0010858327052516664
503.0 3.1675062972292194 0.0010858327052516664
504.0 3.173803526448363 0.0010858327052516664
505.0 3.1801007556675067 0.0010858327052516664
506.0 3.18639798488665 0.0010858327052516664
507.0 3.1926952141057936 0.0010858327052516664
508.0 3.1989924433249373 0.0010858327052516664
509.0 3.2052896725440805 0.0010858327052516664
510.0 3.2115869017632246 0.0010858327052516664
511.0 3.217884130982368 0.0010858327052516664
512.0 3.2241813602015115 0.0010858327052516664
513.0 3.2304785894206556 0.0010858327052516664
514.0 3.236775818639799 0.0010858327052516664
515.0 3.2430730478589425 0.0010858327052516664
516.0 3.2493702770780857 0.0010858327052516664
517.0 3.25566750629723 0.0010858327052516664
518.0 3.261964735516373 0.0010858327052516664
519.0 3.268261964735517 0.0010858327052516664
520.0 3.2745591939546603 0.0010858327052516664
521.0 3.280856423173804 0.0010858327052516664
522.0 3.287153652392947 0.0010858327052516664
523.0 3.2934508816120913 0.0010858327052516664
524.0 3.2997481108312345 0.0010858327052516664
525.0 3.306045340050378 0.0010858327052516664
526.0 3.3123425692695214 0.0010858327052516664
527.0 3.3186397984886655 0.0010858327052516664
528.0 3.3249370277078087 0.0010858327052516664
529.0 3.331234256926953 0.0010858327052516664
530.0 3.337531486146096 0.0010858327052516664
531.0 3.3438287153652397 0.0010858327052516664
532.0 3.350125944584383 0.0010858327052516664
533.0 3.356423173803527 0.0010858327052516664
534.0 3.3627204030226703 0.0010858327052516664
535.0 3.369017632241814 0.0010858327052516664
536.0 3.375314861460957 0.0010858327052516664
537.0 3.3816120906801013 0.0010858327052516664
538.0 3.3879093198992445 0.0010858327052516664
539.0 3.3942065491183886 0.0010858327052516664
540.0 3.400503778337532 0.0010858327052516664
541.0 3.4068010075566755 0.0010858327052516664
542.0 3.4130982367758187 0.0010858327052516664
543.0 3.419395465994963 0.0010858327052516664
544.0 3.425692695214106 0.0010858327052516664
545.0 3.4319899244332497 0.0010858327052516664
546.0 3.438287153652393 0.0010858327052516664
547.0 3.444584382871537 0.0010858327052516664
548.0 3.4508816120906802 0.0010858327052516664
549.0 3.4571788413098243 0.0010858327052516664
550.0 3.4634760705289676 0.0010858327052516664
551.0 3.469773299748111 0.0010858327052516664
552.0 3.4760705289672544 0.0010858327052516664
553.0 3.4823677581863985 0.0010858327052516664
554.0 3.4886649874055418 0.0010858327052516664
555.0 3.4949622166246854 0.0010858327052516664
556.0 3.5012594458438286 0.0010858327052516664
557.0 3.5075566750629728 0.0010858327052516664
558.0 3.513853904282116 0.0010858327052516664
559.0 3.52015113350126 0.0010858327052516664
560.0 3.5264483627204033 0.0010858327052516664
561.0 3.532745591939547 0.0010858327052516664
562.0 3.53904282115869 0.0010858327052516664
563.0 3.5453400503778343 0.0010858327052516664
564.0 3.5516372795969775 0.0010858327052516664
565.0 3.557934508816121 0.0010858327052516664
566.0 3.5642317380352644 0.0010858327052516664
567.0 3.5705289672544085 0.0010858327052516664
568.0 3.5768261964735517 0.0010858327052516664
569.0 3.583123425692696 0.0010858327052516664
570.0 3.589420654911839 0.0010858327052516664
571.0 3.5957178841309827 0.0010858327052516664
572.0 3.602015113350126 0.0010858327052516664
573.0 3.60831234256927 0.0010858327052516664
574.0 3.6146095717884132 0.0010858327052516664
575.0 3.620906801007557 0.0010858327052516664
576.0 3.6272040302267 0.0010858327052516664
577.0 3.6335012594458442 0.0010858327052516664
578.0 3.6397984886649875 0.0010858327052516664
579.0 3.6460957178841316 0.0010858327052516664
580.0 3.652392947103275 0.0010858327052516664
581.0 3.6586901763224184 0.0010858327052516664
582.0 3.6649874055415617 0.0016287490578773501
583.0 3.6712846347607058 0.0016287490578773501
584.0 3.677581863979849 0.0016287490578773501
585.0 3.6838790931989926 0.0016287490578773501
586.0 3.690176322418136 0.0016287490578773501
587.0 3.69647355163728 0.0016287490578773501
588.0 3.702770780856423 0.0016287490578773501
589.0 3.7090680100755673 0.0016287490578773501
590.0 3.7153652392947105 0.0016287490578773501
591.0 3.721662468513854 0.0016287490578773501
592.0 3.7279596977329974 0.0016287490578773501
593.0 3.7342569269521415 0.0010858327052516664
594.0 3.7405541561712847 0.0010858327052516664
595.0 3.7468513853904284 0.0016287490578773501
596.0 3.7531486146095716 0.0016287490578773501
597.0 3.7594458438287157 0.0016287490578773501
598.0 3.765743073047859 0.0016287490578773501
599.0 3.772040302267003 0.0016287490578773501
600.0 3.7783375314861463 0.0010858327052516664
601.0 3.78463476070529 0.0010858327052516664
602.0 3.790931989924433 0.0010858327052516664
603.0 3.7972292191435773 0.0010858327052516664
604.0 3.8035264483627205 0.0010858327052516664
605.0 3.809823677581864 0.0010858327052516664
606.0 3.8161209068010074 0.0010858327052516664
607.0 3.8224181360201515 0.0016287490578773501
608.0 3.8287153652392947 0.0016287490578773501
609.0 3.835012594458439 0.0016287490578773501
610.0 3.841309823677582 0.0016287490578773501
611.0 3.8476070528967257 0.0016287490578773501
612.0 3.853904282115869 0.0016287490578773501
613.0 3.860201511335013 0.0016287490578773501
614.0 3.866498740554156 0.0016287490578773501
615.0 3.8727959697733 0.0016287490578773501
616.0 3.879093198992443 0.0016287490578773501
617.0 3.885390428211587 0.0016287490578773501
618.0 3.8916876574307304 0.0010858327052516664
619.0 3.8979848866498745 0.0010858327052516664
620.0 3.9042821158690177 0.0010858327052516664
621.0 3.9105793450881614 0.0010858327052516664
622.0 3.9168765743073046 0.0010858327052516664
623.0 3.9231738035264487 0.0010858327052516664
624.0 3.929471032745592 0.0010858327052516664
625.0 3.9357682619647356 0.0010858327052516664
626.0 3.942065491183879 0.0010858327052516664
627.0 3.948362720403023 0.0010858327052516664
628.0 3.954659949622166 0.0010858327052516664
629.0 3.9609571788413103 0.0010858327052516664
630.0 3.9672544080604535 0.0010858327052516664
631.0 3.973551637279597 0.0010858327052516664
632.0 3.9798488664987404 0.0010858327052516664
633.0 3.9861460957178845 0.0010858327052516664
634.0 3.9924433249370277 0.0010858327052516664
635.0 3.9987405541561714 0.0010858327052516664
636.0 4.005037783375315 0.0010858327052516664
637.0 4.011335012594459 0.0010858327052516664
638.0 4.017632241813602 0.0010858327052516664
639.0 4.023929471032746 0.0010858327052516664
640.0 4.030226700251889 0.0010858327052516664
641.0 4.036523929471033 0.0010858327052516664
642.0 4.0428211586901766 0.0010858327052516664
643.0 4.04911838790932 0.0010858327052516664
644.0 4.055415617128464 0.0010858327052516664
645.0 4.061712846347607 0.0010858327052516664
646.0 4.068010075566751 0.0010858327052516664
647.0 4.074307304785894 0.0010858327052516664
648.0 4.0806045340050385 0.0010858327052516664
649.0 4.086901763224182 0.0010858327052516664
650.0 4.093198992443326 0.0010858327052516664
651.0 4.099496221662469 0.0010858327052516664
652.0 4.105793450881612 0.0010858327052516664
653.0 4.1120906801007555 0.0010858327052516664
654.0 4.1183879093199 0.0010858327052516664
655.0 4.124685138539043 0.0010858327052516664
656.0 4.130982367758187 0.0010858327052516664
657.0 4.13727959697733 0.0010858327052516664
658.0 4.143576826196474 0.0010858327052516664
659.0 4.1498740554156175 0.0010858327052516664
660.0 4.156171284634762 0.0010858327052516664
661.0 4.162468513853905 0.0010858327052516664
662.0 4.168765743073048 0.0010858327052516664
663.0 4.175062972292191 0.0010858327052516664
664.0 4.181360201511335 0.0010858327052516664
665.0 4.187657430730479 0.0010858327052516664
666.0 4.193954659949623 0.0010858327052516664
667.0 4.200251889168766 0.0010858327052516664
668.0 4.20654911838791 0.0010858327052516664
669.0 4.212846347607053 0.0010858327052516664
670.0 4.219143576826197 0.0010858327052516664
671.0 4.225440806045341 0.0010858327052516664
672.0 4.231738035264484 0.0010858327052516664
673.0 4.238035264483627 0.0010858327052516664
674.0 4.244332493702771 0.0010858327052516664
675.0 4.250629722921914 0.0010858327052516664
676.0 4.256926952141058 0.0010858327052516664
677.0 4.263224181360202 0.0010858327052516664
678.0 4.269521410579346 0.0010858327052516664
679.0 4.275818639798489 0.0010858327052516664
680.0 4.282115869017633 0.0010858327052516664
681.0 4.288413098236776 0.0010858327052516664
682.0 4.2947103274559195 0.0010858327052516664
683.0 4.301007556675063 0.0010858327052516664
684.0 4.307304785894207 0.0010858327052516664
685.0 4.31360201511335 0.0010858327052516664
686.0 4.319899244332494 0.0010858327052516664
687.0 4.326196473551637 0.0010858327052516664
688.0 4.3324937027707815 0.0010858327052516664
689.0 4.338790931989925 0.0010858327052516664
690.0 4.345088161209069 0.0010858327052516664
691.0 4.351385390428212 0.0010858327052516664
692.0 4.357682619647355 0.0010858327052516664
693.0 4.3639798488664985 0.0010858327052516664
694.0 4.370277078085643 0.0010858327052516664
695.0 4.376574307304786 0.0010858327052516664
696.0 4.38287153652393 0.0010858327052516664
697.0 4.389168765743073 0.0010858327052516664
698.0 4.395465994962217 0.0010858327052516664
699.0 4.4017632241813605 0.0010858327052516664
700.0 4.408060453400505 0.0010858327052516664
701.0 4.414357682619648 0.0010858327052516664
702.0 4.420654911838791 0.0010858327052516664
703.0 4.426952141057934 0.0010858327052516664
704.0 4.433249370277078 0.0010858327052516664
705.0 4.4395465994962215 0.0010858327052516664
706.0 4.445843828715366 0.0010858327052516664
707.0 4.452141057934509 0.0010858327052516664
708.0 4.458438287153653 0.0010858327052516664
709.0 4.464735516372796 0.0010858327052516664
710.0 4.47103274559194 0.0010858327052516664
711.0 4.4773299748110835 0.0010858327052516664
712.0 4.483627204030227 0.0010858327052516664
713.0 4.48992443324937 0.0010858327052516664
714.0 4.496221662468514 0.0010858327052516664
715.0 4.502518891687657 0.0010858327052516664
716.0 4.508816120906801 0.0010858327052516664
717.0 4.515113350125945 0.0010858327052516664
718.0 4.521410579345089 0.0010858327052516664
719.0 4.527707808564232 0.0010858327052516664
720.0 4.534005037783376 0.0010858327052516664
721.0 4.540302267002519 0.0010858327052516664
722.0 4.5465994962216625 0.0010858327052516664
723.0 4.552896725440806 0.0010858327052516664
724.0 4.55919395465995 0.0010858327052516664
725.0 4.565491183879093 0.0010858327052516664
726.0 4.571788413098237 0.0010858327052516664
727.0 4.57808564231738 0.0010858327052516664
728.0 4.5843828715365245 0.0010858327052516664
729.0 4.590680100755668 0.0010858327052516664
730.0 4.596977329974812 0.0010858327052516664
731.0 4.603274559193955 0.0010858327052516664
732.0 4.609571788413098 0.0010858327052516664
733.0 4.6158690176322414 0.0010858327052516664
734.0 4.6221662468513856 0.0010858327052516664
735.0 4.628463476070529 0.0010858327052516664
736.0 4.634760705289673 0.0010858327052516664
737.0 4.641057934508816 0.0010858327052516664
738.0 4.64735516372796 0.0010858327052516664
739.0 4.653652392947103 0.0010858327052516664
740.0 4.6599496221662475 0.0010858327052516664
741.0 4.666246851385391 0.0010858327052516664
742.0 4.672544080604534 0.0010858327052516664
743.0 4.678841309823677 0.0010858327052516664
744.0 4.685138539042821 0.0010858327052516664
745.0 4.6914357682619645 0.0010858327052516664
746.0 4.697732997481109 0.0010858327052516664
747.0 4.704030226700252 0.0010858327052516664
748.0 4.710327455919396 0.0010858327052516664
749.0 4.716624685138539 0.0010858327052516664
750.0 4.722921914357683 0.0010858327052516664
751.0 4.7292191435768265 0.0010858327052516664
752.0 4.73551637279597 0.0010858327052516664
753.0 4.741813602015113 0.0010858327052516664
754.0 4.748110831234257 0.0010858327052516664
755.0 4.7544080604534 0.0010858327052516664
756.0 4.760705289672544 0.0010858327052516664
757.0 4.767002518891688 0.0010858327052516664
758.0 4.773299748110832 0.0010858327052516664
759.0 4.779596977329975 0.0010858327052516664
760.0 4.785894206549119 0.0010858327052516664
761.0 4.792191435768262 0.0010858327052516664
762.0 4.7984886649874054 0.0010858327052516664
763.0 4.80478589420655 0.0010858327052516664
764.0 4.811083123425693 0.0010858327052516664
765.0 4.817380352644836 0.0010858327052516664
766.0 4.82367758186398 0.0010858327052516664
767.0 4.829974811083123 0.0010858327052516664
768.0 4.836272040302267 0.0010858327052516664
769.0 4.8425692695214115 0.0010858327052516664
770.0 4.848866498740555 0.0010858327052516664
771.0 4.855163727959699 0.0010858327052516664
772.0 4.861460957178842 0.0010858327052516664
773.0 4.867758186397985 0.0010858327052516664
774.0 4.8740554156171285 0.0010858327052516664
775.0 4.880352644836273 0.0010858327052516664
776.0 4.886649874055416 0.0010858327052516664
777.0 4.89294710327456 0.0010858327052516664
778.0 4.899244332493703 0.0010858327052516664
779.0 4.905541561712847 0.0010858327052516664
780.0 4.9118387909319905 0.0010858327052516664
781.0 4.918136020151135 0.0010858327052516664
782.0 4.924433249370278 0.0010858327052516664
783.0 4.930730478589421 0.0010858327052516664
784.0 4.937027707808564 0.0010858327052516664
785.0 4.943324937027708 0.0010858327052516664
786.0 4.949622166246852 0.0010858327052516664
787.0 4.955919395465996 0.0010858327052516664
788.0 4.962216624685139 0.0010858327052516664
789.0 4.968513853904283 0.0010858327052516664
790.0 4.974811083123426 0.0010858327052516664
791.0 4.98110831234257 0.0010858327052516664
792.0 4.987405541561714 0.0010858327052516664
793.0 4.993702770780857 0.0010858327052516664
794.0 5.0 0.0010858327052516664
795.0 5.006297229219144 0.0010858327052516664
796.0 5.012594458438287 0.0010858327052516664
797.0 5.018891687657431 0.0010858327052516664
798.0 5.025188916876575 0.0010858327052516664
799.0 5.031486146095719 0.0010858327052516664
800.0 5.037783375314862 0.0010858327052516664
801.0 5.044080604534006 0.0010858327052516664
802.0 5.050377833753149 0.0010858327052516664
803.0 5.0566750629722925 0.0010858327052516664
804.0 5.062972292191436 0.0010858327052516664
805.0 5.06926952141058 0.0010858327052516664
806.0 5.075566750629723 0.0010858327052516664
807.0 5.081863979848867 0.0010858327052516664
808.0 5.08816120906801 0.0010858327052516664
809.0 5.0944584382871545 0.0010858327052516664
810.0 5.100755667506298 0.0010858327052516664
811.0 5.107052896725442 0.0010858327052516664
812.0 5.113350125944585 0.0010858327052516664
813.0 5.119647355163728 0.0010858327052516664
814.0 5.1259445843828715 0.0010858327052516664
815.0 5.132241813602016 0.0010858327052516664
816.0 5.138539042821159 0.0010858327052516664
817.0 5.144836272040303 0.0010858327052516664
818.0 5.151133501259446 0.0010858327052516664
819.0 5.15743073047859 0.0010858327052516664
820.0 5.1637279596977335 0.0010858327052516664
821.0 5.170025188916878 0.0010858327052516664
822.0 5.176322418136021 0.0010858327052516664
823.0 5.182619647355164 0.0010858327052516664
824.0 5.188916876574307 0.0010858327052516664
825.0 5.195214105793451 0.0010858327052516664
826.0 5.2015113350125946 0.0010858327052516664
827.0 5.207808564231739 0.0010858327052516664
828.0 5.214105793450882 0.0010858327052516664
829.0 5.220403022670026 0.0010858327052516664
830.0 5.226700251889169 0.0010858327052516664
831.0 5.232997481108313 0.0010858327052516664
832.0 5.2392947103274565 0.0010858327052516664
833.0 5.2455919395466 0.0010858327052516664
834.0 5.251889168765743 0.0010858327052516664
835.0 5.258186397984887 0.0010858327052516664
836.0 5.26448362720403 0.0010858327052516664
837.0 5.270780856423174 0.0010858327052516664
838.0 5.277078085642318 0.0010858327052516664
839.0 5.283375314861462 0.0010858327052516664
840.0 5.289672544080605 0.0010858327052516664
841.0 5.295969773299749 0.0010858327052516664
842.0 5.302267002518892 0.0010858327052516664
843.0 5.3085642317380355 0.0010858327052516664
844.0 5.314861460957179 0.0010858327052516664
845.0 5.321158690176323 0.0010858327052516664
846.0 5.327455919395466 0.0010858327052516664
847.0 5.33375314861461 0.0010858327052516664
848.0 5.340050377833753 0.0010858327052516664
849.0 5.3463476070528975 0.0010858327052516664
850.0 5.352644836272041 0.0010858327052516664
851.0 5.358942065491185 0.0010858327052516664
852.0 5.365239294710328 0.0010858327052516664
853.0 5.371536523929471 0.0010858327052516664
854.0 5.3778337531486144 0.0010858327052516664
855.0 5.3841309823677586 0.0010858327052516664
856.0 5.390428211586902 0.0010858327052516664
857.0 5.396725440806046 0.0010858327052516664
858.0 5.403022670025189 0.0010858327052516664
859.0 5.409319899244333 0.0010858327052516664
860.0 5.415617128463476 0.0010858327052516664
861.0 5.4219143576826205 0.0010858327052516664
862.0 5.428211586901764 0.0010858327052516664
863.0 5.434508816120907 0.0010858327052516664
864.0 5.44080604534005 0.0010858327052516664
865.0 5.447103274559194 0.0010858327052516664
866.0 5.4534005037783375 0.0010858327052516664
867.0 5.459697732997482 0.0010858327052516664
868.0 5.465994962216625 0.0010858327052516664
869.0 5.472292191435769 0.0010858327052516664
870.0 5.478589420654912 0.0010858327052516664
871.0 5.484886649874056 0.0010858327052516664
872.0 5.4911838790931995 0.0010858327052516664
873.0 5.497481108312343 0.0010858327052516664
874.0 5.503778337531486 0.0010858327052516664
875.0 5.51007556675063 0.0010858327052516664
876.0 5.516372795969773 0.0010858327052516664
877.0 5.522670025188917 0.0010858327052516664
878.0 5.528967254408061 0.0010858327052516664
879.0 5.535264483627205 0.0010858327052516664
880.0 5.541561712846348 0.0010858327052516664
881.0 5.547858942065492 0.0010858327052516664
882.0 5.554156171284635 0.0010858327052516664
883.0 5.5604534005037785 0.0010858327052516664
884.0 5.566750629722922 0.0010858327052516664
885.0 5.573047858942066 0.0010858327052516664
886.0 5.579345088161209 0.0010858327052516664
887.0 5.585642317380353 0.0010858327052516664
888.0 5.591939546599496 0.0010858327052516664
889.0 5.59823677581864 0.0010858327052516664
890.0 5.604534005037784 0.0010858327052516664
891.0 5.610831234256928 0.0010858327052516664
892.0 5.617128463476071 0.0010858327052516664
893.0 5.623425692695214 0.0010858327052516664
894.0 5.629722921914357 0.0010858327052516664
895.0 5.6360201511335015 0.0010858327052516664
896.0 5.642317380352646 0.0010858327052516664
897.0 5.648614609571789 0.0010858327052516664
898.0 5.654911838790933 0.0010858327052516664
899.0 5.661209068010076 0.0010858327052516664
900.0 5.66750629722922 0.0010858327052516664
901.0 5.6738035264483635 0.0010858327052516664
902.0 5.680100755667507 0.0010858327052516664
903.0 5.68639798488665 0.0010858327052516664
904.0 5.692695214105794 0.0010858327052516664
905.0 5.698992443324937 0.0010858327052516664
906.0 5.705289672544081 0.0010858327052516664
907.0 5.711586901763225 0.0010858327052516664
908.0 5.717884130982369 0.0010858327052516664
909.0 5.724181360201512 0.0010858327052516664
910.0 5.730478589420656 0.0010858327052516664
911.0 5.736775818639799 0.0010858327052516664
912.0 5.7430730478589425 0.0010858327052516664
913.0 5.749370277078086 0.0010858327052516664
914.0 5.75566750629723 0.0010858327052516664
915.0 5.761964735516373 0.0010858327052516664
916.0 5.768261964735517 0.0010858327052516664
917.0 5.77455919395466 0.0010858327052516664
918.0 5.780856423173804 0.0010858327052516664
919.0 5.787153652392948 0.0010858327052516664
920.0 5.793450881612092 0.0010858327052516664
921.0 5.799748110831235 0.0005429163526258332
922.0 5.806045340050378 0.0010858327052516664
923.0 5.812342569269521 0.0010858327052516664
924.0 5.8186397984886655 0.0010858327052516664
925.0 5.824937027707809 0.0010858327052516664
926.0 5.831234256926953 0.0010858327052516664
927.0 5.837531486146096 0.0010858327052516664
928.0 5.84382871536524 0.0010858327052516664
929.0 5.850125944584383 0.0010858327052516664
930.0 5.8564231738035275 0.0010858327052516664
931.0 5.862720403022671 0.0010858327052516664
932.0 5.869017632241814 0.0010858327052516664
933.0 5.875314861460957 0.0010858327052516664
934.0 5.881612090680101 0.0010858327052516664
935.0 5.8879093198992445 0.0010858327052516664
936.0 5.894206549118389 0.0010858327052516664
937.0 5.900503778337532 0.0010858327052516664
938.0 5.906801007556676 0.0010858327052516664
939.0 5.913098236775819 0.0010858327052516664
940.0 5.919395465994963 0.0010858327052516664
941.0 5.9256926952141065 0.0010858327052516664
942.0 5.93198992443325 0.0010858327052516664
943.0 5.938287153652393 0.0010858327052516664
944.0 5.944584382871537 0.0010858327052516664
945.0 5.95088161209068 0.0010858327052516664
946.0 5.957178841309824 0.0010858327052516664
947.0 5.9634760705289676 0.0010858327052516664
948.0 5.969773299748112 0.0010858327052516664
949.0 5.976070528967255 0.0010858327052516664
950.0 5.982367758186399 0.0010858327052516664
951.0 5.988664987405542 0.0010858327052516664
952.0 5.994962216624685 0.0010858327052516664
953.0 6.001259445843829 0.0010858327052516664
954.0 6.007556675062973 0.0010858327052516664
955.0 6.013853904282116 0.0010858327052516664
956.0 6.02015113350126 0.0010858327052516664
957.0 6.026448362720403 0.0010858327052516664
958.0 6.032745591939547 0.0010858327052516664
959.0 6.039042821158691 0.0010858327052516664
960.0 6.045340050377835 0.0010858327052516664
961.0 6.051637279596978 0.0010858327052516664
962.0 6.057934508816121 0.0010858327052516664
963.0 6.064231738035264 0.0010858327052516664
964.0 6.0705289672544085 0.0010858327052516664
965.0 6.076826196473552 0.0010858327052516664
966.0 6.083123425692696 0.0010858327052516664
967.0 6.089420654911839 0.0010858327052516664
968.0 6.095717884130983 0.0010858327052516664
969.0 6.102015113350126 0.0010858327052516664
970.0 6.1083123425692705 0.0010858327052516664
971.0 6.114609571788414 0.0010858327052516664
972.0 6.120906801007557 0.0010858327052516664
973.0 6.1272040302267 0.0010858327052516664
974.0 6.133501259445844 0.0010858327052516664
975.0 6.1397984886649875 0.0010858327052516664
976.0 6.146095717884132 0.0010858327052516664
977.0 6.152392947103275 0.0010858327052516664
978.0 6.158690176322419 0.0010858327052516664
979.0 6.164987405541562 0.0010858327052516664
980.0 6.171284634760706 0.0010858327052516664
981.0 6.177581863979849 0.0010858327052516664
982.0 6.183879093198993 0.0010858327052516664
983.0 6.190176322418136 0.0010858327052516664
984.0 6.19647355163728 0.0010858327052516664
985.0 6.202770780856423 0.0010858327052516664
986.0 6.209068010075567 0.0010858327052516664
987.0 6.2153652392947105 0.0010858327052516664
988.0 6.221662468513855 0.0010858327052516664
989.0 6.227959697732998 0.0010858327052516664
990.0 6.234256926952142 0.0010858327052516664
991.0 6.240554156171285 0.0010858327052516664
992.0 6.246851385390428 0.0010858327052516664
993.0 6.253148614609572 0.0010858327052516664
994.0 6.259445843828716 0.0010858327052516664
995.0 6.265743073047859 0.0010858327052516664
996.0 6.272040302267003 0.0010858327052516664
997.0 6.278337531486146 0.0010858327052516664
998.0 6.28463476070529 0.0010858327052516664
999.0 6.290931989924434 0.0010858327052516664
1000.0 6.297229219143578 0.0010858327052516664
1001.0 6.303526448362721 0.0010858327052516664
1002.0 6.309823677581864 0.0010858327052516664
1003.0 6.316120906801007 0.0010858327052516664
1004.0 6.3224181360201515 0.0010858327052516664
1005.0 6.328715365239295 0.0010858327052516664
1006.0 6.335012594458439 0.0010858327052516664
1007.0 6.341309823677582 0.0010858327052516664
1008.0 6.347607052896726 0.0010858327052516664
1009.0 6.353904282115869 0.0010858327052516664
1010.0 6.360201511335013 0.0010858327052516664
1011.0 6.366498740554157 0.0010858327052516664
1012.0 6.3727959697733 0.0010858327052516664
1013.0 6.379093198992443 0.0010858327052516664
1014.0 6.385390428211587 0.0010858327052516664
1015.0 6.39168765743073 0.0010858327052516664
1016.0 6.3979848866498745 0.0010858327052516664
1017.0 6.404282115869018 0.0010858327052516664
1018.0 6.410579345088161 0.0010858327052516664
1019.0 6.416876574307306 0.0010858327052516664
1020.0 6.423173803526449 0.0010858327052516664
1021.0 6.429471032745592 0.0010858327052516664
1022.0 6.435768261964736 0.0010858327052516664
1023.0 6.44206549118388 0.0010858327052516664
1024.0 6.448362720403023 0.0010858327052516664
1025.0 6.454659949622166 0.0010858327052516664
1026.0 6.460957178841311 0.0010858327052516664
1027.0 6.467254408060454 0.0010858327052516664
1028.0 6.473551637279598 0.0010858327052516664
1029.0 6.479848866498741 0.0010858327052516664
1030.0 6.486146095717885 0.0010858327052516664
1031.0 6.492443324937028 0.0010858327052516664
1032.0 6.498740554156171 0.0010858327052516664
1033.0 6.505037783375315 0.0010858327052516664
1034.0 6.51133501259446 0.0010858327052516664
1035.0 6.517632241813603 0.0010858327052516664
1036.0 6.523929471032746 0.0010858327052516664
1037.0 6.530226700251889 0.0010858327052516664
1038.0 6.536523929471034 0.0010858327052516664
1039.0 6.542821158690177 0.0010858327052516664
1040.0 6.549118387909321 0.0010858327052516664
1041.0 6.555415617128464 0.0010858327052516664
1042.0 6.561712846347608 0.0010858327052516664
1043.0 6.568010075566751 0.0010858327052516664
1044.0 6.574307304785894 0.0010858327052516664
1045.0 6.580604534005038 0.0010858327052516664
1046.0 6.586901763224183 0.0010858327052516664
1047.0 6.593198992443326 0.0010858327052516664
1048.0 6.599496221662469 0.0010858327052516664
1049.0 6.605793450881612 0.0010858327052516664
1050.0 6.612090680100756 0.0010858327052516664
1051.0 6.6183879093199 0.0010858327052516664
1052.0 6.624685138539043 0.0010858327052516664
1053.0 6.630982367758186 0.0010858327052516664
1054.0 6.637279596977331 0.0010858327052516664
1055.0 6.643576826196474 0.0010858327052516664
1056.0 6.6498740554156175 0.0010858327052516664
1057.0 6.656171284634761 0.0010858327052516664
1058.0 6.662468513853906 0.0010858327052516664
1059.0 6.668765743073049 0.0010858327052516664
1060.0 6.675062972292192 0.0010858327052516664
1061.0 6.681360201511335 0.0010858327052516664
1062.0 6.6876574307304795 0.0010858327052516664
1063.0 6.693954659949623 0.0010858327052516664
1064.0 6.700251889168766 0.0010858327052516664
1065.0 6.706549118387909 0.0010858327052516664
1066.0 6.712846347607054 0.0010858327052516664
1067.0 6.719143576826197 0.0010858327052516664
1068.0 6.725440806045341 0.0010858327052516664
1069.0 6.731738035264484 0.0010858327052516664
1070.0 6.738035264483628 0.0010858327052516664
1071.0 6.744332493702771 0.0010858327052516664
1072.0 6.750629722921914 0.0010858327052516664
1073.0 6.7569269521410575 0.0010858327052516664
1074.0 6.7632241813602025 0.0010858327052516664
1075.0 6.769521410579346 0.0010858327052516664
1076.0 6.775818639798489 0.0010858327052516664
1077.0 6.782115869017632 0.0010858327052516664
1078.0 6.788413098236777 0.0010858327052516664
1079.0 6.79471032745592 0.0010858327052516664
1080.0 6.801007556675064 0.0010858327052516664
1081.0 6.807304785894207 0.0010858327052516664
1082.0 6.813602015113351 0.0010858327052516664
1083.0 6.819899244332494 0.0005429163526258332
1084.0 6.826196473551637 0.0005429163526258332
1085.0 6.832493702770781 0.0005429163526258332
1086.0 6.838790931989926 0.0005429163526258332
1087.0 6.845088161209069 0.0005429163526258332
1088.0 6.851385390428212 0.0005429163526258332
1089.0 6.857682619647355 0.0005429163526258332
1090.0 6.863979848866499 0.0005429163526258332
1091.0 6.870277078085643 0.0005429163526258332
1092.0 6.876574307304786 0.0005429163526258332
1093.0 6.882871536523929 0.0005429163526258332
1094.0 6.889168765743074 0.0005429163526258332
1095.0 6.895465994962217 0.0005429163526258332
1096.0 6.9017632241813605 0.0005429163526258332
1097.0 6.908060453400504 0.0005429163526258332
1098.0 6.914357682619649 0.0005429163526258332
1099.0 6.920654911838792 0.0005429163526258332
1100.0 6.926952141057935 0.0005429163526258332
1101.0 6.933249370277078 0.0005429163526258332
1102.0 6.939546599496222 0.0005429163526258332
1103.0 6.945843828715366 0.0005429163526258332
1104.0 6.952141057934509 0.0005429163526258332
1105.0 6.958438287153652 0.0005429163526258332
1106.0 6.964735516372797 0.0005429163526258332
1107.0 6.97103274559194 0.0005429163526258332
1108.0 6.9773299748110835 0.0005429163526258332
1109.0 6.983627204030227 0.0005429163526258332
1110.0 6.989924433249371 0.0005429163526258332
1111.0 6.996221662468514 0.0005429163526258332
1112.0 7.002518891687657 0.0005429163526258332
1113.0 7.0088161209068005 0.0005429163526258332
1114.0 7.0151133501259455 0.0005429163526258332
1115.0 7.021410579345089 0.0005429163526258332
1116.0 7.027707808564232 0.0005429163526258332
1117.0 7.034005037783375 0.0005429163526258332
1118.0 7.04030226700252 0.0005429163526258332
1119.0 7.046599496221663 0.0005429163526258332
1120.0 7.052896725440807 0.0005429163526258332
1121.0 7.05919395465995 0.0005429163526258332
1122.0 7.065491183879094 0.0005429163526258332
1123.0 7.071788413098237 0.0005429163526258332
1124.0 7.07808564231738 0.0005429163526258332
1125.0 7.084382871536524 0.0005429163526258332
1126.0 7.090680100755669 0.0005429163526258332
1127.0 7.096977329974812 0.0005429163526258332
1128.0 7.103274559193955 0.0005429163526258332
1129.0 7.109571788413098 0.0005429163526258332
1130.0 7.115869017632242 0.0005429163526258332
1131.0 7.1221662468513856 0.0005429163526258332
1132.0 7.128463476070529 0.0005429163526258332
1133.0 7.134760705289672 0.0005429163526258332
1134.0 7.141057934508817 0.0005429163526258332
1135.0 7.14735516372796 0.0005429163526258332
1136.0 7.153652392947103 0.0005429163526258332
1137.0 7.159949622166247 0.0005429163526258332
1138.0 7.166246851385392 0.0005429163526258332
1139.0 7.172544080604535 0.0005429163526258332
1140.0 7.178841309823678 0.0005429163526258332
1141.0 7.185138539042821 0.0005429163526258332
1142.0 7.191435768261965 0.0005429163526258332
1143.0 7.197732997481109 0.0005429163526258332
1144.0 7.204030226700252 0.0005429163526258332
1145.0 7.210327455919395 0.0005429163526258332
1146.0 7.21662468513854 0.0005429163526258332
1147.0 7.222921914357683 0.0005429163526258332
1148.0 7.2292191435768265 0.0005429163526258332
1149.0 7.23551637279597 0.0005429163526258332
1150.0 7.241813602015114 0.0005429163526258332
1151.0 7.248110831234257 0.0005429163526258332
1152.0 7.2544080604534 0.0005429163526258332
1153.0 7.260705289672545 0.0005429163526258332
1154.0 7.2670025188916885 0.0005429163526258332
1155.0 7.273299748110832 0.0005429163526258332
1156.0 7.279596977329975 0.0005429163526258332
1157.0 7.28589420654912 0.0005429163526258332
1158.0 7.292191435768263 0.0005429163526258332
1159.0 7.298488664987406 0.0005429163526258332
1160.0 7.30478589420655 0.0005429163526258332
1161.0 7.311083123425694 0.0005429163526258332
1162.0 7.317380352644837 0.0005429163526258332
1163.0 7.32367758186398 0.0005429163526258332
1164.0 7.329974811083123 0.0005429163526258332
1165.0 7.336272040302268 0.0005429163526258332
1166.0 7.3425692695214115 0.0005429163526258332
1167.0 7.348866498740555 0.0005429163526258332
1168.0 7.355163727959698 0.0005429163526258332
1169.0 7.361460957178842 0.0005429163526258332
1170.0 7.367758186397985 0.0005429163526258332
1171.0 7.3740554156171285 0.0005429163526258332
1172.0 7.380352644836272 0.0005429163526258332
1173.0 7.386649874055417 0.0005429163526258332
1174.0 7.39294710327456 0.0005429163526258332
1175.0 7.399244332493703 0.0005429163526258332
1176.0 7.405541561712846 0.0005429163526258332
1177.0 7.411838790931991 0.0005429163526258332
1178.0 7.418136020151135 0.0005429163526258332
1179.0 7.424433249370278 0.0005429163526258332
1180.0 7.430730478589421 0.0005429163526258332
1181.0 7.437027707808565 0.0005429163526258332
1182.0 7.443324937027708 0.0005429163526258332
1183.0 7.449622166246852 0.0005429163526258332
1184.0 7.455919395465995 0.0005429163526258332
1185.0 7.46221662468514 0.0005429163526258332
1186.0 7.468513853904283 0.0005429163526258332
1187.0 7.474811083123426 0.0005429163526258332
1188.0 7.4811083123425695 0.0005429163526258332
1189.0 7.487405541561714 0.0005429163526258332
1190.0 7.493702770780857 0.0005429163526258332
1191.0 7.5 0.0005429163526258332
1192.0 7.506297229219143 0.0005429163526258332
1193.0 7.512594458438288 0.0005429163526258332
1194.0 7.518891687657431 0.0005429163526258332
1195.0 7.525188916876575 0.0005429163526258332
1196.0 7.531486146095718 0.0005429163526258332
1197.0 7.537783375314863 0.0005429163526258332
1198.0 7.544080604534006 0.0005429163526258332
1199.0 7.550377833753149 0.0005429163526258332
1200.0 7.5566750629722925 0.0005429163526258332
1201.0 7.562972292191437 0.0005429163526258332
1202.0 7.56926952141058 0.0005429163526258332
1203.0 7.575566750629723 0.0005429163526258332
1204.0 7.581863979848866 0.0005429163526258332
1205.0 7.588161209068011 0.0005429163526258332
1206.0 7.5944584382871545 0.0005429163526258332
1207.0 7.600755667506298 0.0005429163526258332
1208.0 7.607052896725441 0.0005429163526258332
1209.0 7.613350125944585 0.0005429163526258332
1210.0 7.619647355163728 0.0005429163526258332
1211.0 7.6259445843828715 0.0005429163526258332
1212.0 7.632241813602015 0.0005429163526258332
1213.0 7.63853904282116 0.0005429163526258332
1214.0 7.644836272040303 0.0005429163526258332
1215.0 7.651133501259446 0.0005429163526258332
1216.0 7.657430730478589 0.0005429163526258332
1217.0 7.663727959697734 0.0005429163526258332
1218.0 7.670025188916878 0.0005429163526258332
1219.0 7.676322418136021 0.0005429163526258332
1220.0 7.682619647355164 0.0005429163526258332
1221.0 7.688916876574308 0.0005429163526258332
1222.0 7.695214105793451 0.0005429163526258332
1223.0 7.7015113350125946 0.0005429163526258332
1224.0 7.707808564231738 0.0005429163526258332
1225.0 7.714105793450883 0.0005429163526258332
1226.0 7.720403022670026 0.0005429163526258332
1227.0 7.726700251889169 0.0005429163526258332
1228.0 7.732997481108312 0.0005429163526258332
1229.0 7.7392947103274565 0.0005429163526258332
1230.0 7.7455919395466 0.0005429163526258332
1231.0 7.751889168765743 0.0005429163526258332
1232.0 7.758186397984886 0.0005429163526258332
1233.0 7.764483627204031 0.0005429163526258332
1234.0 7.770780856423174 0.0005429163526258332
1235.0 7.777078085642318 0.0005429163526258332
1236.0 7.783375314861461 0.0005429163526258332
1237.0 7.789672544080606 0.0005429163526258332
1238.0 7.795969773299749 0.0005429163526258332
1239.0 7.802267002518892 0.0005429163526258332
1240.0 7.8085642317380355 0.0005429163526258332
1241.0 7.81486146095718 0.0005429163526258332
1242.0 7.821158690176323 0.0005429163526258332
1243.0 7.827455919395466 0.0005429163526258332
1244.0 7.833753148614609 0.0005429163526258332
1245.0 7.840050377833754 0.0005429163526258332
1246.0 7.8463476070528975 0.0005429163526258332
1247.0 7.852644836272041 0.0005429163526258332
1248.0 7.858942065491184 0.0005429163526258332
1249.0 7.865239294710328 0.0005429163526258332
1250.0 7.871536523929471 0.0005429163526258332
1251.0 7.8778337531486144 0.0005429163526258332
1252.0 7.884130982367758 0.0005429163526258332
1253.0 7.890428211586903 0.0005429163526258332
1254.0 7.896725440806046 0.0005429163526258332
1255.0 7.903022670025189 0.0005429163526258332
1256.0 7.909319899244332 0.0005429163526258332
1257.0 7.915617128463477 0.0005429163526258332
1258.0 7.9219143576826205 0.0005429163526258332
1259.0 7.928211586901764 0.0005429163526258332
1260.0 7.934508816120907 0.0005429163526258332
1261.0 7.940806045340051 0.0005429163526258332
1262.0 7.947103274559194 0.0005429163526258332
1263.0 7.9534005037783375 0.0005429163526258332
1264.0 7.959697732997481 0.0005429163526258332
1265.0 7.965994962216626 0.0005429163526258332
1266.0 7.972292191435769 0.0005429163526258332
1267.0 7.978589420654912 0.0005429163526258332
1268.0 7.984886649874055 0.0005429163526258332
1269.0 7.9911838790931995 0.0005429163526258332
1270.0 7.997481108312343 0.0005429163526258332
1271.0 8.003778337531486 0.0005429163526258332
1272.0 8.01007556675063 0.0005429163526258332
1273.0 8.016372795969774 0.0005429163526258332
1274.0 8.022670025188917 0.0005429163526258332
1275.0 8.02896725440806 0.0005429163526258332
1276.0 8.035264483627204 0.0005429163526258332
1277.0 8.041561712846349 0.0005429163526258332
1278.0 8.047858942065492 0.0005429163526258332
1279.0 8.054156171284635 0.0005429163526258332
1280.0 8.060453400503778 0.0005429163526258332
1281.0 8.066750629722923 0.0005429163526258332
1282.0 8.073047858942067 0.0005429163526258332
1283.0 8.07934508816121 0.0005429163526258332
1284.0 8.085642317380353 0.0005429163526258332
1285.0 8.091939546599496 0.0005429163526258332
1286.0 8.09823677581864 0.0005429163526258332
1287.0 8.104534005037783 0.0005429163526258332
1288.0 8.110831234256928 0.0005429163526258332
1289.0 8.117128463476071 0.0005429163526258332
1290.0 8.123425692695214 0.0005429163526258332
1291.0 8.129722921914357 0.0005429163526258332
1292.0 8.136020151133502 0.0005429163526258332
1293.0 8.142317380352646 0.0005429163526258332
1294.0 8.148614609571789 0.0005429163526258332
1295.0 8.154911838790932 0.0005429163526258332
1296.0 8.161209068010077 0.0005429163526258332
1297.0 8.16750629722922 0.0005429163526258332
1298.0 8.173803526448363 0.0005429163526258332
1299.0 8.180100755667507 0.0005429163526258332
1300.0 8.186397984886652 0.0005429163526258332
1301.0 8.192695214105795 0.0005429163526258332
1302.0 8.198992443324938 0.0005429163526258332
1303.0 8.205289672544081 0.0005429163526258332
1304.0 8.211586901763225 0.0005429163526258332
1305.0 8.217884130982368 0.0005429163526258332
1306.0 8.224181360201511 0.0005429163526258332
1307.0 8.230478589420654 0.0005429163526258332
1308.0 8.2367758186398 0.0005429163526258332
1309.0 8.243073047858942 0.0005429163526258332
1310.0 8.249370277078086 0.0005429163526258332
1311.0 8.255667506297229 0.0005429163526258332
1312.0 8.261964735516374 0.0005429163526258332
1313.0 8.268261964735517 0.0005429163526258332
1314.0 8.27455919395466 0.0005429163526258332
1315.0 8.280856423173804 0.0005429163526258332
1316.0 8.287153652392949 0.0005429163526258332
1317.0 8.293450881612092 0.0005429163526258332
1318.0 8.299748110831235 0.0005429163526258332
1319.0 8.306045340050378 0.0005429163526258332
1320.0 8.312342569269523 0.0005429163526258332
1321.0 8.318639798488666 0.0005429163526258332
1322.0 8.32493702770781 0.0005429163526258332
1323.0 8.331234256926953 0.0005429163526258332
1324.0 8.337531486146096 0.0005429163526258332
1325.0 8.34382871536524 0.0005429163526258332
1326.0 8.350125944584383 0.0005429163526258332
1327.0 8.356423173803526 0.0005429163526258332
1328.0 8.36272040302267 0.0005429163526258332
1329.0 8.369017632241814 0.0005429163526258332
1330.0 8.375314861460957 0.0005429163526258332
1331.0 8.3816120906801 0.0005429163526258332
1332.0 8.387909319899245 0.0005429163526258332
1333.0 8.394206549118389 0.0005429163526258332
1334.0 8.400503778337532 0.0005429163526258332
1335.0 8.406801007556675 0.0005429163526258332
1336.0 8.41309823677582 0.0005429163526258332
1337.0 8.419395465994963 0.0005429163526258332
1338.0 8.425692695214106 0.0005429163526258332
1339.0 8.43198992443325 0.0005429163526258332
1340.0 8.438287153652395 0.0005429163526258332
1341.0 8.444584382871538 0.0005429163526258332
1342.0 8.450881612090681 0.0005429163526258332
1343.0 8.457178841309824 0.0005429163526258332
1344.0 8.463476070528968 0.0005429163526258332
1345.0 8.46977329974811 0.0005429163526258332
1346.0 8.476070528967254 0.0005429163526258332
1347.0 8.482367758186397 0.0005429163526258332
1348.0 8.488664987405542 0.0005429163526258332
1349.0 8.494962216624685 0.0005429163526258332
1350.0 8.501259445843829 0.0005429163526258332
1351.0 8.507556675062972 0.0005429163526258332
1352.0 8.513853904282117 0.0005429163526258332
1353.0 8.52015113350126 0.0005429163526258332
1354.0 8.526448362720403 0.0005429163526258332
1355.0 8.532745591939547 0.0005429163526258332
1356.0 8.539042821158692 0.0005429163526258332
1357.0 8.545340050377835 0.0005429163526258332
1358.0 8.551637279596978 0.0005429163526258332
1359.0 8.557934508816121 0.0005429163526258332
1360.0 8.564231738035266 0.0005429163526258332
1361.0 8.57052896725441 0.0005429163526258332
1362.0 8.576826196473553 0.0005429163526258332
1363.0 8.583123425692696 0.0005429163526258332
1364.0 8.589420654911839 0.0005429163526258332
1365.0 8.595717884130982 0.0005429163526258332
1366.0 8.602015113350125 0.0005429163526258332
1367.0 8.608312342569269 0.0005429163526258332
1368.0 8.614609571788414 0.0005429163526258332
1369.0 8.620906801007557 0.0005429163526258332
1370.0 8.6272040302267 0.0005429163526258332
1371.0 8.633501259445843 0.0005429163526258332
1372.0 8.639798488664988 0.0005429163526258332
1373.0 8.646095717884132 0.0005429163526258332
1374.0 8.652392947103275 0.0005429163526258332
1375.0 8.658690176322418 0.0005429163526258332
1376.0 8.664987405541563 0.0005429163526258332
1377.0 8.671284634760706 0.0005429163526258332
1378.0 8.67758186397985 0.0005429163526258332
1379.0 8.683879093198993 0.0005429163526258332
1380.0 8.690176322418138 0.0005429163526258332
1381.0 8.69647355163728 0.0005429163526258332
1382.0 8.702770780856424 0.0005429163526258332
1383.0 8.709068010075567 0.0005429163526258332
1384.0 8.71536523929471 0.0005429163526258332
1385.0 8.721662468513854 0.0005429163526258332
1386.0 8.727959697732997 0.0005429163526258332
1387.0 8.73425692695214 0.0005429163526258332
1388.0 8.740554156171285 0.0005429163526258332
1389.0 8.746851385390428 0.0005429163526258332
1390.0 8.753148614609572 0.0005429163526258332
1391.0 8.759445843828715 0.0005429163526258332
1392.0 8.76574307304786 0.0005429163526258332
1393.0 8.772040302267003 0.0005429163526258332
1394.0 8.778337531486146 0.0005429163526258332
1395.0 8.78463476070529 0.0005429163526258332
1396.0 8.790931989924434 0.0005429163526258332
1397.0 8.797229219143578 0.0005429163526258332
1398.0 8.803526448362721 0.0005429163526258332
1399.0 8.809823677581864 0.0005429163526258332
1400.0 8.81612090680101 0.0005429163526258332
1401.0 8.822418136020152 0.0005429163526258332
1402.0 8.828715365239296 0.0005429163526258332
1403.0 8.835012594458439 0.0005429163526258332
1404.0 8.841309823677582 0.0005429163526258332
1405.0 8.847607052896725 0.0005429163526258332
1406.0 8.853904282115868 0.0005429163526258332
1407.0 8.860201511335012 0.0005429163526258332
1408.0 8.866498740554157 0.0005429163526258332
1409.0 8.8727959697733 0.0005429163526258332
1410.0 8.879093198992443 0.0005429163526258332
1411.0 8.885390428211588 0.0005429163526258332
1412.0 8.891687657430731 0.0005429163526258332
1413.0 8.897984886649875 0.0005429163526258332
1414.0 8.904282115869018 0.0005429163526258332
1415.0 8.910579345088163 0.0005429163526258332
1416.0 8.916876574307306 0.0005429163526258332
1417.0 8.92317380352645 0.0005429163526258332
1418.0 8.929471032745592 0.0005429163526258332
1419.0 8.935768261964737 0.0005429163526258332
1420.0 8.94206549118388 0.0005429163526258332
1421.0 8.948362720403024 0.0005429163526258332
1422.0 8.954659949622167 0.0005429163526258332
1423.0 8.96095717884131 0.0005429163526258332
1424.0 8.967254408060453 0.0005429163526258332
1425.0 8.973551637279597 0.0005429163526258332
1426.0 8.97984886649874 0.0005429163526258332
1427.0 8.986146095717885 0.0005429163526258332
1428.0 8.992443324937028 0.0005429163526258332
1429.0 8.998740554156171 0.0005429163526258332
1430.0 9.005037783375315 0.0005429163526258332
1431.0 9.01133501259446 0.0005429163526258332
1432.0 9.017632241813603 0.0005429163526258332
1433.0 9.023929471032746 0.0005429163526258332
1434.0 9.03022670025189 0.0005429163526258332
1435.0 9.036523929471034 0.0005429163526258332
1436.0 9.042821158690177 0.0005429163526258332
1437.0 9.04911838790932 0.0005429163526258332
1438.0 9.055415617128464 0.0005429163526258332
1439.0 9.061712846347609 0.0005429163526258332
1440.0 9.068010075566752 0.0005429163526258332
1441.0 9.074307304785895 0.0005429163526258332
1442.0 9.080604534005039 0.0005429163526258332
1443.0 9.086901763224182 0.0005429163526258332
1444.0 9.093198992443325 0.0005429163526258332
1445.0 9.099496221662468 0.0005429163526258332
1446.0 9.105793450881611 0.0005429163526258332
1447.0 9.112090680100756 0.0005429163526258332
1448.0 9.1183879093199 0.0005429163526258332
1449.0 9.124685138539043 0.0005429163526258332
1450.0 9.130982367758186 0.0005429163526258332
1451.0 9.137279596977331 0.0005429163526258332
1452.0 9.143576826196474 0.0005429163526258332
1453.0 9.149874055415617 0.0005429163526258332
1454.0 9.15617128463476 0.0005429163526258332
1455.0 9.162468513853906 0.0005429163526258332
1456.0 9.168765743073049 0.0005429163526258332
1457.0 9.175062972292192 0.0005429163526258332
1458.0 9.181360201511335 0.0005429163526258332
1459.0 9.18765743073048 0.0005429163526258332
1460.0 9.193954659949624 0.0005429163526258332
1461.0 9.200251889168767 0.0005429163526258332
1462.0 9.20654911838791 0.0005429163526258332
1463.0 9.212846347607053 0.0005429163526258332
1464.0 9.219143576826196 0.0005429163526258332
1465.0 9.22544080604534 0.0005429163526258332
1466.0 9.231738035264483 0.0005429163526258332
1467.0 9.238035264483628 0.0005429163526258332
1468.0 9.244332493702771 0.0005429163526258332
1469.0 9.250629722921914 0.0005429163526258332
1470.0 9.256926952141058 0.0005429163526258332
1471.0 9.263224181360203 0.0005429163526258332
1472.0 9.269521410579346 0.0005429163526258332
1473.0 9.275818639798489 0.0005429163526258332
1474.0 9.282115869017632 0.0005429163526258332
1475.0 9.288413098236777 0.0005429163526258332
1476.0 9.29471032745592 0.0005429163526258332
1477.0 9.301007556675064 0.0005429163526258332
1478.0 9.307304785894207 0.0005429163526258332
1479.0 9.313602015113352 0.0005429163526258332
1480.0 9.319899244332495 0.0005429163526258332
1481.0 9.326196473551638 0.0005429163526258332
1482.0 9.332493702770781 0.0005429163526258332
1483.0 9.338790931989925 0.0005429163526258332
1484.0 9.345088161209068 0.0005429163526258332
1485.0 9.351385390428211 0.0005429163526258332
1486.0 9.357682619647354 0.0005429163526258332
1487.0 9.3639798488665 0.0005429163526258332
1488.0 9.370277078085643 0.0005429163526258332
1489.0 9.376574307304786 0.0005429163526258332
1490.0 9.382871536523929 0.0005429163526258332
1491.0 9.389168765743074 0.0005429163526258332
1492.0 9.395465994962217 0.0005429163526258332
1493.0 9.40176322418136 0.0005429163526258332
1494.0 9.408060453400504 0.0005429163526258332
1495.0 9.414357682619649 0.0005429163526258332
1496.0 9.420654911838792 0.0005429163526258332
1497.0 9.426952141057935 0.0005429163526258332
1498.0 9.433249370277078 0.0005429163526258332
1499.0 9.439546599496223 0.0005429163526258332
1500.0 9.445843828715367 0.0005429163526258332
1501.0 9.45214105793451 0.0005429163526258332
1502.0 9.458438287153653 0.0005429163526258332
1503.0 9.464735516372796 0.0005429163526258332
1504.0 9.47103274559194 0.0005429163526258332
1505.0 9.477329974811083 0.0005429163526258332
1506.0 9.483627204030226 0.0005429163526258332
1507.0 9.48992443324937 0.0005429163526258332
1508.0 9.496221662468514 0.0005429163526258332
1509.0 9.502518891687657 0.0005429163526258332
1510.0 9.5088161209068 0.0005429163526258332
1511.0 9.515113350125946 0.0005429163526258332
1512.0 9.521410579345089 0.0005429163526258332
1513.0 9.527707808564232 0.0005429163526258332
1514.0 9.534005037783375 0.0005429163526258332
1515.0 9.54030226700252 0.0005429163526258332
1516.0 9.546599496221663 0.0005429163526258332
1517.0 9.552896725440807 0.0005429163526258332
1518.0 9.55919395465995 0.0005429163526258332
1519.0 9.565491183879095 0.0005429163526258332
1520.0 9.571788413098238 0.0005429163526258332
1521.0 9.578085642317381 0.0005429163526258332
1522.0 9.584382871536524 0.0005429163526258332
1523.0 9.590680100755668 0.0005429163526258332
1524.0 9.596977329974811 0.0005429163526258332
1525.0 9.603274559193956 0.0005429163526258332
1526.0 9.6095717884131 0.0005429163526258332
1527.0 9.615869017632242 0.0005429163526258332
1528.0 9.622166246851386 0.0005429163526258332
1529.0 9.628463476070529 0.0005429163526258332
1530.0 9.634760705289672 0.0005429163526258332
1531.0 9.641057934508817 0.0005429163526258332
1532.0 9.64735516372796 0.0005429163526258332
1533.0 9.653652392947103 0.0005429163526258332
1534.0 9.659949622166247 0.0005429163526258332
1535.0 9.666246851385392 0.0005429163526258332
1536.0 9.672544080604535 0.0005429163526258332
1537.0 9.678841309823678 0.0005429163526258332
1538.0 9.685138539042823 0.0005429163526258332
1539.0 9.691435768261966 0.0005429163526258332
1540.0 9.69773299748111 0.0005429163526258332
1541.0 9.704030226700253 0.0005429163526258332
1542.0 9.710327455919398 0.0005429163526258332
1543.0 9.716624685138541 0.0005429163526258332
1544.0 9.722921914357684 0.0005429163526258332
1545.0 9.729219143576827 0.0005429163526258332
1546.0 9.73551637279597 0.0005429163526258332
1547.0 9.741813602015114 0.0005429163526258332
1548.0 9.748110831234257 0.0005429163526258332
1549.0 9.7544080604534 0.0005429163526258332
1550.0 9.760705289672545 0.0005429163526258332
1551.0 9.767002518891688 0.0005429163526258332
1552.0 9.773299748110832 0.0005429163526258332
1553.0 9.779596977329975 0.0005429163526258332
1554.0 9.78589420654912 0.0005429163526258332
1555.0 9.792191435768263 0.0005429163526258332
1556.0 9.798488664987406 0.0005429163526258332
1557.0 9.80478589420655 0.0005429163526258332
1558.0 9.811083123425695 0.0005429163526258332
1559.0 9.817380352644838 0.0005429163526258332
1560.0 9.823677581863981 0.0005429163526258332
1561.0 9.829974811083124 0.0005429163526258332
1562.0 9.83627204030227 0.0005429163526258332
1563.0 9.842569269521412 0.0005429163526258332
1564.0 9.848866498740556 0.0005429163526258332
1565.0 9.855163727959699 0.0005429163526258332
1566.0 9.861460957178842 0.0005429163526258332
1567.0 9.867758186397985 0.0005429163526258332
1568.0 9.874055415617129 0.0005429163526258332
1569.0 9.880352644836272 0.0005429163526258332
1570.0 9.886649874055417 0.0005429163526258332
1571.0 9.89294710327456 0.0005429163526258332
1572.0 9.899244332493703 0.0005429163526258332
1573.0 9.905541561712846 0.0005429163526258332
1574.0 9.911838790931991 0.0005429163526258332
1575.0 9.918136020151135 0.0005429163526258332
1576.0 9.924433249370278 0.0005429163526258332
1577.0 9.930730478589421 0.0005429163526258332
1578.0 9.937027707808566 0.0005429163526258332
1579.0 9.94332493702771 0.0005429163526258332
1580.0 9.949622166246852 0.0005429163526258332
1581.0 9.955919395465996 0.0005429163526258332
1582.0 9.96221662468514 0.0005429163526258332
1583.0 9.968513853904284 0.0005429163526258332
1584.0 9.974811083123427 0.0005429163526258332
1585.0 9.98110831234257 0.0005429163526258332
1586.0 9.987405541561714 0.0005429163526258332
1587.0 9.993702770780857 0.0005429163526258332
1588.0 10.0 0.0005429163526258332
