1.0 0.006369426751592357 0.0521199698520755
2.0 0.012738853503184714 0.0309462320996698
3.0 0.019108280254777073 0.021173737752405553
4.0 0.025477707006369428 0.018459155989276683
5.0 0.03184713375796178 0.018459155989276835
6.0 0.038216560509554146 0.018459155989276683
7.0 0.0445859872611465 0.0162874905787735
8.0 0.050955414012738856 0.015201657873522133
9.0 0.05732484076433121 0.012487076110393118
10.0 0.06369426751592357 0.011944159757767284
11.0 0.07006369426751592 0.010858327052515767
12.0 0.07643312101910829 0.010315410699889935
13.0 0.08280254777070065 0.0097724943472641
14.0 0.089171974522293 0.0097724943472641
15.0 0.09554140127388536 0.00977249434726425
16.0 0.10191082802547771 0.00977249434726425
17.0 0.10828025477707007 0.00977249434726425
18.0 0.11464968152866242 0.00814374528938675
19.0 0.12101910828025478 0.00814374528938675
20.0 0.12738853503184713 0.007057912584135234
21.0 0.1337579617834395 0.00814374528938675
22.0 0.14012738853503184 0.0065149962315094005
23.0 0.1464968152866242 0.005972079878883717
24.0 0.15286624203821658 0.00488624717363205
25.0 0.15923566878980894 0.0054291635262578835
26.0 0.1656050955414013 0.0054291635262578835
27.0 0.17197452229299365 0.00488624717363205
28.0 0.178343949044586 0.00488624717363205
29.0 0.18471337579617836 0.00488624717363205
30.0 0.1910828025477707 0.00488624717363205
31.0 0.19745222929936307 0.004343330821006217
32.0 0.20382165605095542 0.004343330821006217
33.0 0.21019108280254778 0.004343330821006217
34.0 0.21656050955414013 0.004343330821006217
35.0 0.2229299363057325 0.004343330821006217
36.0 0.22929936305732485 0.004343330821006217
37.0 0.2356687898089172 0.004343330821006217
38.0 0.24203821656050956 0.0038004144683803837
39.0 0.2484076433121019 0.0038004144683803837
40.0 0.25477707006369427 0.0038004144683803837
41.0 0.2611464968152866 0.0038004144683803837
42.0 0.267515923566879 0.0038004144683803837
43.0 0.27388535031847133 0.0032574981157547003
44.0 0.2802547770700637 0.0032574981157547003
45.0 0.28662420382165604 0.0032574981157547003
46.0 0.2929936305732484 0.0032574981157547003
47.0 0.29936305732484075 0.0032574981157547003
48.0 0.30573248407643316 0.0032574981157547003
49.0 0.3121019108280255 0.0032574981157547003
50.0 0.3184713375796179 0.0032574981157547003
51.0 0.32484076433121023 0.0032574981157547003
52.0 0.3312101910828026 0.0032574981157547003
53.0 0.33757961783439494 0.0032574981157547003
54.0 0.3439490445859873 0.0032574981157547003
55.0 0.35031847133757965 0.0032574981157547003
56.0 0.356687898089172 0.0032574981157547003
57.0 0.36305732484076436 0.0032574981157547003
58.0 0.3694267515923567 0.0032574981157547003
59.0 0.37579617834394907 0.0032574981157547003
60.0 0.3821656050955414 0.0032574981157547003
61.0 0.3885350318471338 0.0032574981157547003
62.0 0.39490445859872614 0.0032574981157547003
63.0 0.40127388535031844 0.0032574981157547003
64.0 0.40764331210191085 0.0032574981157547003
65.0 0.41401273885350326 0.0032574981157547003
66.0 0.42038216560509556 0.0032574981157547003
67.0 0.42675159235668797 0.0032574981157547003
68.0 0.43312101910828027 0.0027145817631290168
69.0 0.4394904458598727 0.0027145817631290168
70.0 0.445859872611465 0.0027145817631290168
71.0 0.4522292993630574 0.0027145817631290168
72.0 0.4585987261146497 0.0027145817631290168
73.0 0.4649681528662421 0.0027145817631290168
74.0 0.4713375796178344 0.0027145817631290168
75.0 0.4777070063694268 0.0027145817631290168
76.0 0.4840764331210191 0.0027145817631290168
77.0 0.4904458598726115 0.0027145817631290168
78.0 0.4968152866242038 0.0027145817631290168
79.0 0.5031847133757962 0.0027145817631290168
80.0 0.5095541401273885 0.0027145817631290168
81.0 0.5159235668789809 0.0027145817631290168
82.0 0.5222929936305732 0.0027145817631290168
83.0 0.5286624203821656 0.0027145817631290168
84.0 0.535031847133758 0.0027145817631290168
85.0 0.5414012738853503 0.0027145817631290168
86.0 0.5477707006369427 0.0027145817631290168
87.0 0.554140127388535 0.0027145817631290168
88.0 0.5605095541401274 0.0027145817631290168
89.0 0.5668789808917197 0.0027145817631290168
90.0 0.5732484076433121 0.0027145817631290168
91.0 0.5796178343949044 0.0027145817631290168
92.0 0.5859872611464968 0.0027145817631290168
93.0 0.5923566878980892 0.0027145817631290168
94.0 0.5987261146496815 0.0027145817631290168
95.0 0.605095541401274 0.0027145817631290168
96.0 0.6114649681528663 0.0027145817631290168
97.0 0.6178343949044587 0.0027145817631290168
98.0 0.624203821656051 0.0027145817631290168
99.0 0.6305732484076434 0.0027145817631290168
100.0 0.6369426751592357 0.0027145817631290168
101.0 0.6433121019108281 0.0027145817631290168
102.0 0.6496815286624205 0.0027145817631290168
103.0 0.6560509554140128 0.0027145817631290168
104.0 0.6624203821656052 0.0027145817631290168
105.0 0.6687898089171975 0.0027145817631290168
106.0 0.6751592356687899 0.0027145817631290168
107.0 0.6815286624203822 0.0027145817631290168
108.0 0.6878980891719746 0.0027145817631290168
109.0 0.694267515923567 0.0027145817631290168
110.0 0.7006369426751593 0.0027145817631290168
111.0 0.7070063694267517 0.0027145817631290168
112.0 0.713375796178344 0.0027145817631290168
113.0 0.7197452229299364 0.0027145817631290168
114.0 0.7261146496815287 0.0027145817631290168
115.0 0.7324840764331211 0.0027145817631290168
116.0 0.7388535031847134 0.0021716654105031832
117.0 0.7452229299363058 0.0027145817631290168
118.0 0.7515923566878981 0.0021716654105031832
119.0 0.7579617834394905 0.0021716654105031832
120.0 0.7643312101910829 0.0027145817631290168
121.0 0.7707006369426752 0.0021716654105031832
122.0 0.7770700636942676 0.0021716654105031832
123.0 0.7834394904458599 0.0021716654105031832
124.0 0.7898089171974523 0.0021716654105031832
125.0 0.7961783439490446 0.0021716654105031832
126.0 0.8025477707006369 0.0021716654105031832
127.0 0.8089171974522293 0.0021716654105031832
128.0 0.8152866242038217 0.0021716654105031832
129.0 0.821656050955414 0.0021716654105031832
130.0 0.8280254777070065 0.0021716654105031832
131.0 0.8343949044585988 0.0021716654105031832
132.0 0.8407643312101911 0.0021716654105031832
133.0 0.8471337579617835 0.0021716654105031832
134.0 0.8535031847133759 0.0021716654105031832
135.0 0.8598726114649682 0.0021716654105031832
136.0 0.8662420382165605 0.0021716654105031832
137.0 0.8726114649681529 0.0021716654105031832
138.0 0.8789808917197454 0.0021716654105031832
139.0 0.8853503184713376 0.0021716654105031832
140.0 0.89171974522293 0.0021716654105031832
141.0 0.8980891719745223 0.0021716654105031832
142.0 0.9044585987261148 0.0021716654105031832
143.0 0.910828025477707 0.0021716654105031832
144.0 0.9171974522292994 0.0021716654105031832
145.0 0.9235668789808917 0.0021716654105031832
146.0 0.9299363057324842 0.0021716654105031832
147.0 0.9363057324840764 0.0021716654105031832
148.0 0.9426751592356688 0.0021716654105031832
149.0 0.9490445859872612 0.0021716654105031832
150.0 0.9554140127388536 0.0016287490578773501
151.0 0.9617834394904459 0.0016287490578773501
152.0 0.9681528662420382 0.0016287490578773501
153.0 0.9745222929936306 0.0016287490578773501
154.0 0.980891719745223 0.0016287490578773501
155.0 0.9872611464968153 0.0016287490578773501
156.0 0.9936305732484076 0.0016287490578773501
157.0 1.0 0.0016287490578773501
158.0 1.0063694267515924 0.0016287490578773501
159.0 1.0127388535031847 0.0016287490578773501
160.0 1.019108280254777 0.0016287490578773501
161.0 1.0254777070063694 0.0016287490578773501
162.0 1.0318471337579618 0.0016287490578773501
163.0 1.0382165605095544 0.0016287490578773501
164.0 1.0445859872611465 0.0016287490578773501
165.0 1.0509554140127388 0.0016287490578773501
166.0 1.0573248407643312 0.0016287490578773501
167.0 1.0636942675159238 0.0016287490578773501
168.0 1.070063694267516 0.0016287490578773501
169.0 1.0764331210191083 0.0016287490578773501
170.0 1.0828025477707006 0.0016287490578773501
171.0 1.0891719745222932 0.0016287490578773501
172.0 1.0955414012738853 0.0016287490578773501
173.0 1.1019108280254777 0.0016287490578773501
174.0 1.10828025477707 0.0016287490578773501
175.0 1.1146496815286626 0.0016287490578773501
176.0 1.1210191082802548 0.0016287490578773501
177.0 1.127388535031847 0.0016287490578773501
178.0 1.1337579617834395 0.0016287490578773501
179.0 1.140127388535032 0.0016287490578773501
180.0 1.1464968152866242 0.0016287490578773501
181.0 1.1528662420382165 0.0016287490578773501
182.0 1.1592356687898089 0.0016287490578773501
183.0 1.1656050955414015 0.0016287490578773501
184.0 1.1719745222929936 0.0016287490578773501
185.0 1.178343949044586 0.0016287490578773501
186.0 1.1847133757961783 0.0016287490578773501
187.0 1.1910828025477709 0.0016287490578773501
188.0 1.197452229299363 0.0016287490578773501
189.0 1.2038216560509554 0.0016287490578773501
190.0 1.210191082802548 0.0016287490578773501
191.0 1.2165605095541403 0.0016287490578773501
192.0 1.2229299363057327 0.0016287490578773501
193.0 1.2292993630573248 0.0016287490578773501
194.0 1.2356687898089174 0.0016287490578773501
195.0 1.2420382165605097 0.0016287490578773501
196.0 1.248407643312102 0.0016287490578773501
197.0 1.2547770700636942 0.0016287490578773501
198.0 1.2611464968152868 0.0016287490578773501
199.0 1.2675159235668791 0.0016287490578773501
200.0 1.2738853503184715 0.0016287490578773501
201.0 1.2802547770700636 0.0016287490578773501
202.0 1.2866242038216562 0.0016287490578773501
203.0 1.2929936305732486 0.0016287490578773501
204.0 1.299363057324841 0.0016287490578773501
205.0 1.305732484076433 0.0016287490578773501
206.0 1.3121019108280256 0.0016287490578773501
207.0 1.318471337579618 0.0016287490578773501
208.0 1.3248407643312103 0.0016287490578773501
209.0 1.3312101910828025 0.0016287490578773501
210.0 1.337579617834395 0.0016287490578773501
211.0 1.3439490445859874 0.0016287490578773501
212.0 1.3503184713375798 0.0016287490578773501
213.0 1.356687898089172 0.0016287490578773501
214.0 1.3630573248407645 0.0016287490578773501
215.0 1.3694267515923568 0.0016287490578773501
216.0 1.3757961783439492 0.0016287490578773501
217.0 1.3821656050955413 0.0016287490578773501
218.0 1.388535031847134 0.0016287490578773501
219.0 1.3949044585987262 0.0016287490578773501
220.0 1.4012738853503186 0.0016287490578773501
221.0 1.4076433121019107 0.0016287490578773501
222.0 1.4140127388535033 0.0016287490578773501
223.0 1.4203821656050957 0.0016287490578773501
224.0 1.426751592356688 0.0016287490578773501
225.0 1.4331210191082804 0.0016287490578773501
226.0 1.4394904458598727 0.0016287490578773501
227.0 1.445859872611465 0.0016287490578773501
228.0 1.4522292993630574 0.0016287490578773501
229.0 1.4585987261146498 0.0016287490578773501
230.0 1.4649681528662422 0.0016287490578773501
231.0 1.4713375796178345 0.0016287490578773501
232.0 1.4777070063694269 0.0016287490578773501
233.0 1.4840764331210192 0.0016287490578773501
234.0 1.4904458598726116 0.0016287490578773501
235.0 1.496815286624204 0.0016287490578773501
236.0 1.5031847133757963 0.0016287490578773501
237.0 1.5095541401273886 0.0016287490578773501
238.0 1.515923566878981 0.0016287490578773501
239.0 1.5222929936305734 0.0016287490578773501
240.0 1.5286624203821657 0.0016287490578773501
241.0 1.535031847133758 0.0016287490578773501
242.0 1.5414012738853504 0.0016287490578773501
243.0 1.5477707006369428 0.0016287490578773501
244.0 1.5541401273885351 0.0016287490578773501
245.0 1.5605095541401275 0.0016287490578773501
246.0 1.5668789808917198 0.0016287490578773501
247.0 1.5732484076433122 0.0016287490578773501
248.0 1.5796178343949046 0.0016287490578773501
249.0 1.585987261146497 0.0016287490578773501
250.0 1.5923566878980893 0.0016287490578773501
251.0 1.5987261146496816 0.0016287490578773501
252.0 1.6050955414012738 0.0016287490578773501
253.0 1.611464968152866 0.0016287490578773501
254.0 1.6178343949044587 0.0016287490578773501
255.0 1.624203821656051 0.0016287490578773501
256.0 1.6305732484076434 0.0016287490578773501
257.0 1.6369426751592357 0.0016287490578773501
258.0 1.643312101910828 0.0016287490578773501
259.0 1.6496815286624207 0.0016287490578773501
260.0 1.656050955414013 0.0016287490578773501
261.0 1.662420382165605 0.0016287490578773501
262.0 1.6687898089171975 0.0016287490578773501
263.0 1.6751592356687899 0.0016287490578773501
264.0 1.6815286624203822 0.0016287490578773501
265.0 1.6878980891719746 0.0016287490578773501
266.0 1.694267515923567 0.0016287490578773501
267.0 1.7006369426751595 0.0016287490578773501
268.0 1.7070063694267519 0.0016287490578773501
269.0 1.7133757961783438 0.0016287490578773501
270.0 1.7197452229299364 0.0016287490578773501
271.0 1.7261146496815287 0.0016287490578773501
272.0 1.732484076433121 0.0016287490578773501
273.0 1.7388535031847134 0.0016287490578773501
274.0 1.7452229299363058 0.0016287490578773501
275.0 1.7515923566878984 0.0010858327052516664
276.0 1.7579617834394907 0.0010858327052516664
277.0 1.7643312101910826 0.0010858327052516664
278.0 1.7707006369426752 0.0010858327052516664
279.0 1.7770700636942676 0.0010858327052516664
280.0 1.78343949044586 0.0010858327052516664
281.0 1.7898089171974523 0.0010858327052516664
282.0 1.7961783439490446 0.0010858327052516664
283.0 1.8025477707006372 0.0010858327052516664
284.0 1.8089171974522296 0.0010858327052516664
285.0 1.8152866242038215 0.0010858327052516664
286.0 1.821656050955414 0.0010858327052516664
287.0 1.8280254777070064 0.0010858327052516664
288.0 1.8343949044585988 0.0010858327052516664
289.0 1.8407643312101911 0.0010858327052516664
290.0 1.8471337579617835 0.0010858327052516664
291.0 1.853503184713376 0.0010858327052516664
292.0 1.8598726114649684 0.0010858327052516664
293.0 1.8662420382165608 0.0010858327052516664
294.0 1.872611464968153 0.0010858327052516664
295.0 1.8789808917197452 0.0010858327052516664
296.0 1.8853503184713376 0.0010858327052516664
297.0 1.89171974522293 0.0010858327052516664
298.0 1.8980891719745223 0.0010858327052516664
299.0 1.904458598726115 0.0010858327052516664
300.0 1.9108280254777072 0.0010858327052516664
301.0 1.9171974522292996 0.0010858327052516664
302.0 1.9235668789808917 0.0010858327052516664
303.0 1.929936305732484 0.0010858327052516664
304.0 1.9363057324840764 0.0010858327052516664
305.0 1.9426751592356688 0.0010858327052516664
306.0 1.9490445859872612 0.0010858327052516664
307.0 1.9554140127388537 0.0010858327052516664
308.0 1.961783439490446 0.0010858327052516664
309.0 1.9681528662420384 0.0010858327052516664
310.0 1.9745222929936306 0.0010858327052516664
311.0 1.980891719745223 0.0010858327052516664
312.0 1.9872611464968153 0.0010858327052516664
313.0 1.9936305732484076 0.0010858327052516664
314.0 2.0 0.0010858327052516664
315.0 2.0063694267515926 0.0010858327052516664
316.0 2.0127388535031847 0.0010858327052516664
317.0 2.0191082802547773 0.0010858327052516664
318.0 2.0254777070063694 0.0010858327052516664
319.0 2.0318471337579616 0.0010858327052516664
320.0 2.038216560509554 0.0010858327052516664
321.0 2.0445859872611467 0.0010858327052516664
322.0 2.050955414012739 0.0010858327052516664
323.0 2.0573248407643314 0.0010858327052516664
324.0 2.0636942675159236 0.0010858327052516664
325.0 2.070063694267516 0.0010858327052516664
326.0 2.0764331210191087 0.0010858327052516664
327.0 2.0828025477707004 0.0010858327052516664
328.0 2.089171974522293 0.0010858327052516664
329.0 2.0955414012738856 0.0010858327052516664
330.0 2.1019108280254777 0.0010858327052516664
331.0 2.1082802547770703 0.0010858327052516664
332.0 2.1146496815286624 0.0010858327052516664
333.0 2.121019108280255 0.0010858327052516664
334.0 2.1273885350318475 0.0010858327052516664
335.0 2.1337579617834392 0.0010858327052516664
336.0 2.140127388535032 0.0010858327052516664
337.0 2.1464968152866244 0.0010858327052516664
338.0 2.1528662420382165 0.0010858327052516664
339.0 2.159235668789809 0.0010858327052516664
340.0 2.1656050955414012 0.0010858327052516664
341.0 2.171974522292994 0.0010858327052516664
342.0 2.1783439490445864 0.0010858327052516664
343.0 2.184713375796178 0.0010858327052516664
344.0 2.1910828025477707 0.0010858327052516664
345.0 2.1974522292993632 0.0010858327052516664
346.0 2.2038216560509554 0.0010858327052516664
347.0 2.210191082802548 0.0010858327052516664
348.0 2.21656050955414 0.0010858327052516664
349.0 2.2229299363057327 0.0010858327052516664
350.0 2.2292993630573252 0.0010858327052516664
351.0 2.235668789808917 0.0010858327052516664
352.0 2.2420382165605095 0.0010858327052516664
353.0 2.248407643312102 0.0010858327052516664
354.0 2.254777070063694 0.0010858327052516664
355.0 2.261146496815287 0.0010858327052516664
356.0 2.267515923566879 0.0010858327052516664
357.0 2.2738853503184715 0.0010858327052516664
358.0 2.280254777070064 0.0010858327052516664
359.0 2.286624203821656 0.0010858327052516664
360.0 2.2929936305732483 0.0010858327052516664
361.0 2.299363057324841 0.0010858327052516664
362.0 2.305732484076433 0.0010858327052516664
363.0 2.3121019108280256 0.0010858327052516664
364.0 2.3184713375796178 0.0010858327052516664
365.0 2.3248407643312103 0.0010858327052516664
366.0 2.331210191082803 0.0010858327052516664
367.0 2.337579617834395 0.0010858327052516664
368.0 2.343949044585987 0.0010858327052516664
369.0 2.3503184713375798 0.0010858327052516664
370.0 2.356687898089172 0.0010858327052516664
371.0 2.3630573248407645 0.0010858327052516664
372.0 2.3694267515923566 0.0010858327052516664
373.0 2.375796178343949 0.0010858327052516664
374.0 2.3821656050955418 0.0010858327052516664
375.0 2.388535031847134 0.0010858327052516664
376.0 2.394904458598726 0.0010858327052516664
377.0 2.4012738853503186 0.0010858327052516664
378.0 2.4076433121019107 0.0010858327052516664
379.0 2.4140127388535033 0.0010858327052516664
380.0 2.420382165605096 0.0010858327052516664
381.0 2.426751592356688 0.0010858327052516664
382.0 2.4331210191082806 0.0010858327052516664
383.0 2.4394904458598727 0.0010858327052516664
384.0 2.4458598726114653 0.0010858327052516664
385.0 2.4522292993630574 0.0010858327052516664
386.0 2.4585987261146496 0.0010858327052516664
387.0 2.464968152866242 0.0010858327052516664
388.0 2.4713375796178347 0.0010858327052516664
389.0 2.477707006369427 0.0010858327052516664
390.0 2.4840764331210194 0.0010858327052516664
391.0 2.4904458598726116 0.0010858327052516664
392.0 2.496815286624204 0.0010858327052516664
393.0 2.5031847133757963 0.0010858327052516664
394.0 2.5095541401273884 0.0010858327052516664
395.0 2.515923566878981 0.0010858327052516664
396.0 2.5222929936305736 0.0010858327052516664
397.0 2.5286624203821657 0.0010858327052516664
398.0 2.5350318471337583 0.0010858327052516664
399.0 2.5414012738853504 0.0010858327052516664
400.0 2.547770700636943 0.0010858327052516664
401.0 2.554140127388535 0.0010858327052516664
402.0 2.5605095541401273 0.0010858327052516664
403.0 2.56687898089172 0.0010858327052516664
404.0 2.5732484076433124 0.0010858327052516664
405.0 2.5796178343949046 0.0010858327052516664
406.0 2.585987261146497 0.0010858327052516664
407.0 2.5923566878980893 0.0010858327052516664
408.0 2.598726114649682 0.0010858327052516664
409.0 2.605095541401274 0.0010858327052516664
410.0 2.611464968152866 0.0010858327052516664
411.0 2.6178343949044587 0.0010858327052516664
412.0 2.6242038216560513 0.0010858327052516664
413.0 2.6305732484076434 0.0010858327052516664
414.0 2.636942675159236 0.0010858327052516664
415.0 2.643312101910828 0.0010858327052516664
416.0 2.6496815286624207 0.0010858327052516664
417.0 2.6560509554140133 0.0010858327052516664
418.0 2.662420382165605 0.0010858327052516664
419.0 2.6687898089171975 0.0010858327052516664
420.0 2.67515923566879 0.0010858327052516664
421.0 2.6815286624203822 0.0010858327052516664
422.0 2.687898089171975 0.0010858327052516664
423.0 2.694267515923567 0.0010858327052516664
424.0 2.7006369426751595 0.0010858327052516664
425.0 2.707006369426752 0.0010858327052516664
426.0 2.713375796178344 0.0010858327052516664
427.0 2.7197452229299364 0.0010858327052516664
428.0 2.726114649681529 0.0010858327052516664
429.0 2.732484076433121 0.0010858327052516664
430.0 2.7388535031847137 0.0010858327052516664
431.0 2.745222929936306 0.0010858327052516664
432.0 2.7515923566878984 0.0010858327052516664
433.0 2.757961783439491 0.0010858327052516664
434.0 2.7643312101910826 0.0010858327052516664
435.0 2.770700636942675 0.0010858327052516664
436.0 2.777070063694268 0.0010858327052516664
437.0 2.78343949044586 0.0010858327052516664
438.0 2.7898089171974525 0.0010858327052516664
439.0 2.7961783439490446 0.0010858327052516664
440.0 2.802547770700637 0.0010858327052516664
441.0 2.80891719745223 0.0010858327052516664
442.0 2.8152866242038215 0.0010858327052516664
443.0 2.821656050955414 0.0010858327052516664
444.0 2.8280254777070066 0.0010858327052516664
445.0 2.8343949044585988 0.0010858327052516664
446.0 2.8407643312101913 0.0010858327052516664
447.0 2.8471337579617835 0.0010858327052516664
448.0 2.853503184713376 0.0010858327052516664
449.0 2.8598726114649686 0.0010858327052516664
450.0 2.8662420382165608 0.0010858327052516664
451.0 2.872611464968153 0.0010858327052516664
452.0 2.8789808917197455 0.0010858327052516664
453.0 2.8853503184713376 0.0010858327052516664
454.0 2.89171974522293 0.0010858327052516664
455.0 2.8980891719745223 0.0010858327052516664
456.0 2.904458598726115 0.0010858327052516664
457.0 2.9108280254777075 0.0010858327052516664
458.0 2.9171974522292996 0.0010858327052516664
459.0 2.9235668789808917 0.0010858327052516664
460.0 2.9299363057324843 0.0010858327052516664
461.0 2.9363057324840764 0.0010858327052516664
462.0 2.942675159235669 0.0010858327052516664
463.0 2.949044585987261 0.0010858327052516664
464.0 2.9554140127388537 0.0010858327052516664
465.0 2.9617834394904463 0.0010858327052516664
466.0 2.9681528662420384 0.0010858327052516664
467.0 2.9745222929936306 0.0010858327052516664
468.0 2.980891719745223 0.0010858327052516664
469.0 2.9872611464968153 0.0010858327052516664
470.0 2.993630573248408 0.0010858327052516664
471.0 3.0 0.0010858327052516664
472.0 3.0063694267515926 0.0010858327052516664
473.0 3.012738853503185 0.0010858327052516664
474.0 3.0191082802547773 0.0010858327052516664
475.0 3.0254777070063694 0.0010858327052516664
476.0 3.031847133757962 0.0010858327052516664
477.0 3.038216560509554 0.0010858327052516664
478.0 3.0445859872611467 0.0010858327052516664
479.0 3.050955414012739 0.0010858327052516664
480.0 3.0573248407643314 0.0010858327052516664
481.0 3.063694267515924 0.0010858327052516664
482.0 3.070063694267516 0.0010858327052516664
483.0 3.0764331210191087 0.0010858327052516664
484.0 3.082802547770701 0.0010858327052516664
485.0 3.089171974522293 0.0010858327052516664
486.0 3.0955414012738856 0.0010858327052516664
487.0 3.1019108280254777 0.0010858327052516664
488.0 3.1082802547770703 0.0010858327052516664
489.0 3.114649681528663 0.0010858327052516664
490.0 3.121019108280255 0.0010858327052516664
491.0 3.1273885350318475 0.0010858327052516664
492.0 3.1337579617834397 0.0010858327052516664
493.0 3.140127388535032 0.0010858327052516664
494.0 3.1464968152866244 0.0010858327052516664
495.0 3.1528662420382165 0.0010858327052516664
496.0 3.159235668789809 0.0010858327052516664
497.0 3.1656050955414017 0.0010858327052516664
498.0 3.171974522292994 0.0010858327052516664
499.0 3.1783439490445864 0.0010858327052516664
500.0 3.1847133757961785 0.0010858327052516664
501.0 3.1910828025477707 0.0010858327052516664
502.0 3.1974522292993632 0.0010858327052516664
503.0 3.2038216560509554 0.0010858327052516664
504.0 3.2101910828025475 0.0010858327052516664
505.0 3.2165605095541405 0.0010858327052516664
506.0 3.222929936305732 0.0010858327052516664
507.0 3.2292993630573252 0.0010858327052516664
508.0 3.2356687898089174 0.0010858327052516664
509.0 3.24203821656051 0.0010858327052516664
510.0 3.248407643312102 0.0010858327052516664
511.0 3.2547770700636947 0.0010858327052516664
512.0 3.261146496815287 0.0010858327052516664
513.0 3.267515923566879 0.0010858327052516664
514.0 3.2738853503184715 0.0010858327052516664
515.0 3.2802547770700636 0.0010858327052516664
516.0 3.286624203821656 0.0010858327052516664
517.0 3.2929936305732483 0.0010858327052516664
518.0 3.2993630573248414 0.0010858327052516664
519.0 3.305732484076433 0.0010858327052516664
520.0 3.312101910828026 0.0010858327052516664
521.0 3.318471337579618 0.0010858327052516664
522.0 3.32484076433121 0.0010858327052516664
523.0 3.331210191082803 0.0010858327052516664
524.0 3.337579617834395 0.0010858327052516664
525.0 3.3439490445859876 0.0010858327052516664
526.0 3.3503184713375798 0.0010858327052516664
527.0 3.3566878980891723 0.0010858327052516664
528.0 3.3630573248407645 0.0010858327052516664
529.0 3.3694267515923566 0.0010858327052516664
530.0 3.375796178343949 0.0010858327052516664
531.0 3.3821656050955413 0.0010858327052516664
532.0 3.388535031847134 0.0010858327052516664
533.0 3.394904458598726 0.0010858327052516664
534.0 3.401273885350319 0.0010858327052516664
535.0 3.4076433121019107 0.0010858327052516664
536.0 3.4140127388535038 0.0010858327052516664
537.0 3.420382165605096 0.0010858327052516664
538.0 3.4267515923566876 0.0010858327052516664
539.0 3.4331210191082806 0.0010858327052516664
540.0 3.4394904458598727 0.0010858327052516664
541.0 3.4458598726114653 0.0010858327052516664
542.0 3.4522292993630574 0.0010858327052516664
543.0 3.45859872611465 0.0010858327052516664
544.0 3.464968152866242 0.0010858327052516664
545.0 3.4713375796178347 0.0010858327052516664
546.0 3.477707006369427 0.0010858327052516664
547.0 3.484076433121019 0.0010858327052516664
548.0 3.4904458598726116 0.0010858327052516664
549.0 3.4968152866242037 0.0010858327052516664
550.0 3.5031847133757967 0.0010858327052516664
551.0 3.5095541401273884 0.0010858327052516664
552.0 3.5159235668789814 0.0010858327052516664
553.0 3.5222929936305736 0.0010858327052516664
554.0 3.5286624203821653 0.0010858327052516664
555.0 3.5350318471337583 0.0010858327052516664
556.0 3.5414012738853504 0.0010858327052516664
557.0 3.547770700636943 0.0010858327052516664
558.0 3.554140127388535 0.0010858327052516664
559.0 3.5605095541401277 0.0010858327052516664
560.0 3.56687898089172 0.0010858327052516664
561.0 3.5732484076433124 0.0010858327052516664
562.0 3.5796178343949046 0.0010858327052516664
563.0 3.5859872611464967 0.0010858327052516664
564.0 3.5923566878980893 0.0010858327052516664
565.0 3.5987261146496814 0.0010858327052516664
566.0 3.6050955414012744 0.0010858327052516664
567.0 3.611464968152866 0.0010858327052516664
568.0 3.617834394904459 0.0010858327052516664
569.0 3.6242038216560513 0.0010858327052516664
570.0 3.630573248407643 0.0010858327052516664
571.0 3.636942675159236 0.0010858327052516664
572.0 3.643312101910828 0.0010858327052516664
573.0 3.6496815286624207 0.0010858327052516664
574.0 3.656050955414013 0.0010858327052516664
575.0 3.6624203821656054 0.0010858327052516664
576.0 3.6687898089171975 0.0010858327052516664
577.0 3.67515923566879 0.0010858327052516664
578.0 3.6815286624203822 0.0010858327052516664
579.0 3.6878980891719744 0.0010858327052516664
580.0 3.694267515923567 0.0010858327052516664
581.0 3.700636942675159 0.0010858327052516664
582.0 3.707006369426752 0.0010858327052516664
583.0 3.713375796178344 0.0010858327052516664
584.0 3.719745222929937 0.0010858327052516664
585.0 3.726114649681529 0.0010858327052516664
586.0 3.7324840764331215 0.0010858327052516664
587.0 3.7388535031847137 0.0010858327052516664
588.0 3.745222929936306 0.0010858327052516664
589.0 3.7515923566878984 0.0010858327052516664
590.0 3.7579617834394905 0.0010858327052516664
591.0 3.764331210191083 0.0010858327052516664
592.0 3.770700636942675 0.0010858327052516664
593.0 3.777070063694268 0.0010858327052516664
594.0 3.78343949044586 0.0010858327052516664
595.0 3.789808917197452 0.0010858327052516664
596.0 3.7961783439490446 0.0010858327052516664
597.0 3.8025477707006368 0.0010858327052516664
598.0 3.80891719745223 0.0010858327052516664
599.0 3.8152866242038215 0.0010858327052516664
600.0 3.8216560509554145 0.0010858327052516664
601.0 3.8280254777070066 0.0010858327052516664
602.0 3.834394904458599 0.0010858327052516664
603.0 3.8407643312101913 0.0010858327052516664
604.0 3.8471337579617835 0.0010858327052516664
605.0 3.853503184713376 0.0010858327052516664
606.0 3.859872611464968 0.0010858327052516664
607.0 3.8662420382165608 0.0010858327052516664
608.0 3.872611464968153 0.0010858327052516664
609.0 3.8789808917197455 0.0010858327052516664
610.0 3.8853503184713376 0.0010858327052516664
611.0 3.8917197452229306 0.0010858327052516664
612.0 3.8980891719745223 0.0010858327052516664
613.0 3.9044585987261144 0.0010858327052516664
614.0 3.9108280254777075 0.0010858327052516664
615.0 3.917197452229299 0.0010858327052516664
616.0 3.923566878980892 0.0010858327052516664
617.0 3.9299363057324843 0.0010858327052516664
618.0 3.936305732484077 0.0010858327052516664
619.0 3.942675159235669 0.0010858327052516664
620.0 3.949044585987261 0.0010858327052516664
621.0 3.9554140127388537 0.0010858327052516664
622.0 3.961783439490446 0.0010858327052516664
623.0 3.9681528662420384 0.0010858327052516664
624.0 3.9745222929936306 0.0010858327052516664
625.0 3.980891719745223 0.0010858327052516664
626.0 3.9872611464968153 0.0010858327052516664
627.0 3.9936305732484083 0.0010858327052516664
628.0 4.0 0.0010858327052516664
629.0 4.006369426751593 0.0010858327052516664
630.0 4.012738853503185 0.0010858327052516664
631.0 4.019108280254777 0.0010858327052516664
632.0 4.025477707006369 0.0010858327052516664
633.0 4.031847133757962 0.0010858327052516664
634.0 4.038216560509555 0.0010858327052516664
635.0 4.044585987261146 0.0010858327052516664
636.0 4.050955414012739 0.0010858327052516664
637.0 4.057324840764331 0.0010858327052516664
638.0 4.063694267515923 0.0010858327052516664
639.0 4.070063694267517 0.0010858327052516664
640.0 4.076433121019108 0.0010858327052516664
641.0 4.082802547770701 0.0010858327052516664
642.0 4.089171974522293 0.0010858327052516664
643.0 4.095541401273886 0.0010858327052516664
644.0 4.101910828025478 0.0010858327052516664
645.0 4.10828025477707 0.0010858327052516664
646.0 4.114649681528663 0.0010858327052516664
647.0 4.1210191082802545 0.0010858327052516664
648.0 4.127388535031847 0.0010858327052516664
649.0 4.13375796178344 0.0010858327052516664
650.0 4.140127388535032 0.0010858327052516664
651.0 4.146496815286624 0.0010858327052516664
652.0 4.152866242038217 0.0010858327052516664
653.0 4.159235668789809 0.0010858327052516664
654.0 4.165605095541401 0.0010858327052516664
655.0 4.171974522292994 0.0010858327052516664
656.0 4.178343949044586 0.0010858327052516664
657.0 4.1847133757961785 0.0010858327052516664
658.0 4.191082802547771 0.0010858327052516664
659.0 4.197452229299364 0.0010858327052516664
660.0 4.203821656050955 0.0010858327052516664
661.0 4.210191082802548 0.0010858327052516664
662.0 4.2165605095541405 0.0010858327052516664
663.0 4.222929936305732 0.0010858327052516664
664.0 4.229299363057325 0.0010858327052516664
665.0 4.235668789808917 0.0010858327052516664
666.0 4.24203821656051 0.0010858327052516664
667.0 4.248407643312102 0.0010858327052516664
668.0 4.254777070063695 0.0010858327052516664
669.0 4.261146496815287 0.0010858327052516664
670.0 4.2675159235668785 0.0010858327052516664
671.0 4.273885350318472 0.0010858327052516664
672.0 4.280254777070064 0.0010858327052516664
673.0 4.286624203821656 0.0010858327052516664
674.0 4.292993630573249 0.0010858327052516664
675.0 4.299363057324841 0.0010858327052516664
676.0 4.305732484076433 0.0010858327052516664
677.0 4.312101910828026 0.0010858327052516664
678.0 4.318471337579618 0.0010858327052516664
679.0 4.32484076433121 0.0010858327052516664
680.0 4.3312101910828025 0.0010858327052516664
681.0 4.337579617834395 0.0010858327052516664
682.0 4.343949044585988 0.0010858327052516664
683.0 4.350318471337579 0.0010858327052516664
684.0 4.356687898089173 0.0010858327052516664
685.0 4.3630573248407645 0.0010858327052516664
686.0 4.369426751592356 0.0010858327052516664
687.0 4.37579617834395 0.0010858327052516664
688.0 4.382165605095541 0.0010858327052516664
689.0 4.388535031847134 0.0010858327052516664
690.0 4.3949044585987265 0.0010858327052516664
691.0 4.401273885350319 0.0010858327052516664
692.0 4.407643312101911 0.0010858327052516664
693.0 4.414012738853503 0.0010858327052516664
694.0 4.420382165605096 0.0010858327052516664
695.0 4.426751592356688 0.0010858327052516664
696.0 4.43312101910828 0.0010858327052516664
697.0 4.439490445859873 0.0010858327052516664
698.0 4.445859872611465 0.0010858327052516664
699.0 4.452229299363057 0.0010858327052516664
700.0 4.4585987261146505 0.0010858327052516664
701.0 4.464968152866242 0.0010858327052516664
702.0 4.471337579617834 0.0010858327052516664
703.0 4.477707006369427 0.0010858327052516664
704.0 4.484076433121019 0.0010858327052516664
705.0 4.490445859872612 0.0010858327052516664
706.0 4.496815286624204 0.0010858327052516664
707.0 4.503184713375797 0.0010858327052516664
708.0 4.509554140127388 0.0010858327052516664
709.0 4.515923566878981 0.0010858327052516664
710.0 4.522292993630574 0.0010858327052516664
711.0 4.528662420382165 0.0010858327052516664
712.0 4.535031847133758 0.0010858327052516664
713.0 4.54140127388535 0.0010858327052516664
714.0 4.547770700636943 0.0010858327052516664
715.0 4.554140127388535 0.0010858327052516664
716.0 4.560509554140128 0.0010858327052516664
717.0 4.56687898089172 0.0010858327052516664
718.0 4.573248407643312 0.0010858327052516664
719.0 4.579617834394905 0.0010858327052516664
720.0 4.585987261146497 0.0010858327052516664
721.0 4.592356687898089 0.0010858327052516664
722.0 4.598726114649682 0.0010858327052516664
723.0 4.605095541401274 0.0010858327052516664
724.0 4.611464968152866 0.0010858327052516664
725.0 4.617834394904459 0.0010858327052516664
726.0 4.624203821656051 0.0010858327052516664
727.0 4.630573248407643 0.0010858327052516664
728.0 4.6369426751592355 0.0010858327052516664
729.0 4.643312101910828 0.0010858327052516664
730.0 4.649681528662421 0.0005429163526258332
731.0 4.656050955414012 0.0010858327052516664
732.0 4.662420382165606 0.0010858327052516664
733.0 4.6687898089171975 0.0010858327052516664
734.0 4.67515923566879 0.0005429163526258332
735.0 4.681528662420383 0.0010858327052516664
736.0 4.687898089171974 0.0010858327052516664
737.0 4.694267515923567 0.0005429163526258332
738.0 4.7006369426751595 0.0005429163526258332
739.0 4.707006369426752 0.0005429163526258332
740.0 4.713375796178344 0.0005429163526258332
741.0 4.719745222929936 0.0005429163526258332
742.0 4.726114649681529 0.0005429163526258332
743.0 4.7324840764331215 0.0005429163526258332
744.0 4.738853503184713 0.0005429163526258332
745.0 4.745222929936306 0.0005429163526258332
746.0 4.751592356687898 0.0005429163526258332
747.0 4.75796178343949 0.0005429163526258332
748.0 4.7643312101910835 0.0005429163526258332
749.0 4.770700636942675 0.0005429163526258332
750.0 4.777070063694268 0.0005429163526258332
751.0 4.78343949044586 0.0005429163526258332
752.0 4.789808917197452 0.0005429163526258332
753.0 4.796178343949045 0.0005429163526258332
754.0 4.802547770700637 0.0005429163526258332
755.0 4.80891719745223 0.0005429163526258332
756.0 4.8152866242038215 0.0005429163526258332
757.0 4.821656050955415 0.0005429163526258332
758.0 4.828025477707007 0.0005429163526258332
759.0 4.834394904458599 0.0005429163526258332
760.0 4.840764331210192 0.0005429163526258332
761.0 4.8471337579617835 0.0005429163526258332
762.0 4.853503184713376 0.0005429163526258332
763.0 4.859872611464969 0.0005429163526258332
764.0 4.866242038216561 0.0005429163526258332
765.0 4.872611464968153 0.0005429163526258332
766.0 4.8789808917197455 0.0005429163526258332
767.0 4.885350318471338 0.0005429163526258332
768.0 4.891719745222931 0.0005429163526258332
769.0 4.898089171974522 0.0005429163526258332
770.0 4.904458598726115 0.0005429163526258332
771.0 4.9108280254777075 0.0005429163526258332
772.0 4.917197452229299 0.0005429163526258332
773.0 4.923566878980893 0.0005429163526258332
774.0 4.929936305732484 0.0005429163526258332
775.0 4.936305732484077 0.0005429163526258332
776.0 4.9426751592356695 0.0005429163526258332
777.0 4.949044585987261 0.0005429163526258332
778.0 4.955414012738854 0.0005429163526258332
779.0 4.961783439490446 0.0005429163526258332
780.0 4.968152866242039 0.0005429163526258332
781.0 4.974522292993631 0.0005429163526258332
782.0 4.980891719745223 0.0005429163526258332
783.0 4.987261146496816 0.0005429163526258332
784.0 4.993630573248408 0.0005429163526258332
785.0 5.0 0.0005429163526258332
786.0 5.006369426751593 0.0005429163526258332
787.0 5.012738853503185 0.0005429163526258332
788.0 5.019108280254777 0.0005429163526258332
789.0 5.02547770700637 0.0005429163526258332
790.0 5.031847133757962 0.0005429163526258332
791.0 5.038216560509555 0.0005429163526258332
792.0 5.044585987261147 0.0005429163526258332
793.0 5.050955414012739 0.0005429163526258332
794.0 5.057324840764331 0.0005429163526258332
795.0 5.063694267515924 0.0005429163526258332
796.0 5.070063694267517 0.0005429163526258332
797.0 5.076433121019108 0.0005429163526258332
798.0 5.082802547770701 0.0005429163526258332
799.0 5.089171974522293 0.0005429163526258332
800.0 5.095541401273886 0.0005429163526258332
801.0 5.101910828025478 0.0005429163526258332
802.0 5.10828025477707 0.0005429163526258332
803.0 5.114649681528663 0.0005429163526258332
804.0 5.1210191082802545 0.0005429163526258332
805.0 5.127388535031848 0.0005429163526258332
806.0 5.13375796178344 0.0005429163526258332
807.0 5.140127388535032 0.0005429163526258332
808.0 5.146496815286625 0.0005429163526258332
809.0 5.152866242038217 0.0005429163526258332
810.0 5.159235668789809 0.0005429163526258332
811.0 5.165605095541402 0.0005429163526258332
812.0 5.171974522292994 0.0005429163526258332
813.0 5.178343949044586 0.0005429163526258332
814.0 5.1847133757961785 0.0005429163526258332
815.0 5.191082802547771 0.0005429163526258332
816.0 5.197452229299364 0.0005429163526258332
817.0 5.203821656050955 0.0005429163526258332
818.0 5.210191082802548 0.0005429163526258332
819.0 5.2165605095541405 0.0005429163526258332
820.0 5.222929936305732 0.0005429163526258332
821.0 5.229299363057326 0.0005429163526258332
822.0 5.235668789808917 0.0005429163526258332
823.0 5.24203821656051 0.0005429163526258332
824.0 5.2484076433121025 0.0005429163526258332
825.0 5.254777070063695 0.0005429163526258332
826.0 5.261146496815287 0.0005429163526258332
827.0 5.267515923566879 0.0005429163526258332
828.0 5.273885350318472 0.0005429163526258332
829.0 5.280254777070064 0.0005429163526258332
830.0 5.286624203821656 0.0005429163526258332
831.0 5.292993630573249 0.0005429163526258332
832.0 5.299363057324841 0.0005429163526258332
833.0 5.305732484076433 0.0005429163526258332
834.0 5.3121019108280265 0.0005429163526258332
835.0 5.318471337579618 0.0005429163526258332
836.0 5.32484076433121 0.0005429163526258332
837.0 5.331210191082803 0.0005429163526258332
838.0 5.337579617834395 0.0005429163526258332
839.0 5.343949044585988 0.0005429163526258332
840.0 5.35031847133758 0.0005429163526258332
841.0 5.356687898089173 0.0005429163526258332
842.0 5.3630573248407645 0.0005429163526258332
843.0 5.369426751592357 0.0005429163526258332
844.0 5.37579617834395 0.0005429163526258332
845.0 5.382165605095541 0.0005429163526258332
846.0 5.388535031847134 0.0005429163526258332
847.0 5.3949044585987265 0.0005429163526258332
848.0 5.401273885350319 0.0005429163526258332
849.0 5.407643312101911 0.0005429163526258332
850.0 5.414012738853504 0.0005429163526258332
851.0 5.420382165605096 0.0005429163526258332
852.0 5.426751592356688 0.0005429163526258332
853.0 5.433121019108281 0.0005429163526258332
854.0 5.439490445859873 0.0005429163526258332
855.0 5.445859872611465 0.0005429163526258332
856.0 5.452229299363058 0.0005429163526258332
857.0 5.4585987261146505 0.0005429163526258332
858.0 5.464968152866242 0.0005429163526258332
859.0 5.471337579617835 0.0005429163526258332
860.0 5.477707006369427 0.0005429163526258332
861.0 5.484076433121019 0.0005429163526258332
862.0 5.490445859872612 0.0005429163526258332
863.0 5.496815286624204 0.0005429163526258332
864.0 5.503184713375797 0.0005429163526258332
865.0 5.509554140127388 0.0005429163526258332
866.0 5.515923566878982 0.0005429163526258332
867.0 5.522292993630574 0.0005429163526258332
868.0 5.528662420382165 0.0005429163526258332
869.0 5.535031847133759 0.0005429163526258332
870.0 5.54140127388535 0.0005429163526258332
871.0 5.547770700636943 0.0005429163526258332
872.0 5.554140127388536 0.0005429163526258332
873.0 5.560509554140128 0.0005429163526258332
874.0 5.56687898089172 0.0005429163526258332
875.0 5.573248407643312 0.0005429163526258332
876.0 5.579617834394905 0.0005429163526258332
877.0 5.585987261146497 0.0005429163526258332
878.0 5.592356687898089 0.0005429163526258332
879.0 5.598726114649682 0.0005429163526258332
880.0 5.605095541401274 0.0005429163526258332
881.0 5.611464968152866 0.0005429163526258332
882.0 5.61783439490446 0.0005429163526258332
883.0 5.624203821656051 0.0005429163526258332
884.0 5.630573248407643 0.0005429163526258332
885.0 5.636942675159236 0.0005429163526258332
886.0 5.643312101910828 0.0005429163526258332
887.0 5.649681528662421 0.0005429163526258332
888.0 5.656050955414013 0.0005429163526258332
889.0 5.662420382165606 0.0005429163526258332
890.0 5.6687898089171975 0.0005429163526258332
891.0 5.67515923566879 0.0005429163526258332
892.0 5.681528662420383 0.0005429163526258332
893.0 5.687898089171974 0.0005429163526258332
894.0 5.694267515923567 0.0005429163526258332
895.0 5.7006369426751595 0.0005429163526258332
896.0 5.707006369426752 0.0005429163526258332
897.0 5.713375796178344 0.0005429163526258332
898.0 5.719745222929937 0.0005429163526258332
899.0 5.726114649681529 0.0005429163526258332
900.0 5.7324840764331215 0.0005429163526258332
901.0 5.738853503184714 0.0005429163526258332
902.0 5.745222929936306 0.0005429163526258332
903.0 5.751592356687898 0.0005429163526258332
904.0 5.757961783439491 0.0005429163526258332
905.0 5.7643312101910835 0.0005429163526258332
906.0 5.770700636942675 0.0005429163526258332
907.0 5.777070063694268 0.0005429163526258332
908.0 5.78343949044586 0.0005429163526258332
909.0 5.789808917197452 0.0005429163526258332
910.0 5.796178343949045 0.0005429163526258332
911.0 5.802547770700637 0.0005429163526258332
912.0 5.80891719745223 0.0005429163526258332
913.0 5.8152866242038215 0.0005429163526258332
914.0 5.821656050955415 0.0005429163526258332
915.0 5.828025477707007 0.0005429163526258332
916.0 5.834394904458599 0.0005429163526258332
917.0 5.840764331210192 0.0005429163526258332
918.0 5.8471337579617835 0.0005429163526258332
919.0 5.853503184713376 0.0005429163526258332
920.0 5.859872611464969 0.0005429163526258332
921.0 5.866242038216561 0.0005429163526258332
922.0 5.872611464968153 0.0005429163526258332
923.0 5.8789808917197455 0.0005429163526258332
924.0 5.885350318471338 0.0005429163526258332
925.0 5.89171974522293 0.0005429163526258332
926.0 5.898089171974522 0.0005429163526258332
927.0 5.904458598726115 0.0005429163526258332
928.0 5.9108280254777075 0.0005429163526258332
929.0 5.917197452229299 0.0005429163526258332
930.0 5.923566878980893 0.0005429163526258332
931.0 5.929936305732484 0.0005429163526258332
932.0 5.936305732484077 0.0005429163526258332
933.0 5.9426751592356695 0.0005429163526258332
934.0 5.949044585987261 0.0005429163526258332
935.0 5.955414012738854 0.0005429163526258332
936.0 5.961783439490446 0.0005429163526258332
937.0 5.968152866242039 0.0005429163526258332
938.0 5.974522292993631 0.0005429163526258332
939.0 5.980891719745223 0.0005429163526258332
940.0 5.987261146496816 0.0005429163526258332
941.0 5.993630573248408 0.0005429163526258332
942.0 6.0 0.0005429163526258332
943.0 6.006369426751593 0.0005429163526258332
944.0 6.012738853503185 0.0005429163526258332
945.0 6.019108280254777 0.0005429163526258332
946.0 6.02547770700637 0.0005429163526258332
947.0 6.031847133757962 0.0005429163526258332
948.0 6.038216560509555 0.0005429163526258332
949.0 6.044585987261147 0.0005429163526258332
950.0 6.050955414012739 0.0005429163526258332
951.0 6.057324840764331 0.0005429163526258332
952.0 6.063694267515924 0.0005429163526258332
953.0 6.070063694267517 0.0005429163526258332
954.0 6.076433121019108 0.0005429163526258332
955.0 6.082802547770701 0.0005429163526258332
956.0 6.089171974522293 0.0005429163526258332
957.0 6.095541401273886 0.0005429163526258332
958.0 6.101910828025478 0.0005429163526258332
959.0 6.10828025477707 0.0005429163526258332
960.0 6.114649681528663 0.0005429163526258332
961.0 6.1210191082802545 0.0005429163526258332
962.0 6.127388535031848 0.0005429163526258332
963.0 6.13375796178344 0.0005429163526258332
964.0 6.140127388535032 0.0005429163526258332
965.0 6.146496815286625 0.0005429163526258332
966.0 6.152866242038217 0.0005429163526258332
967.0 6.159235668789809 0.0005429163526258332
968.0 6.165605095541402 0.0005429163526258332
969.0 6.171974522292994 0.0005429163526258332
970.0 6.178343949044586 0.0005429163526258332
971.0 6.1847133757961785 0.0005429163526258332
972.0 6.191082802547771 0.0005429163526258332
973.0 6.197452229299364 0.0005429163526258332
974.0 6.203821656050955 0.0005429163526258332
975.0 6.210191082802548 0.0005429163526258332
976.0 6.2165605095541405 0.0005429163526258332
977.0 6.222929936305732 0.0005429163526258332
978.0 6.229299363057326 0.0005429163526258332
979.0 6.235668789808917 0.0005429163526258332
980.0 6.24203821656051 0.0005429163526258332
981.0 6.2484076433121025 0.0005429163526258332
982.0 6.254777070063695 0.0005429163526258332
983.0 6.261146496815287 0.0005429163526258332
984.0 6.267515923566879 0.0005429163526258332
985.0 6.273885350318472 0.0005429163526258332
986.0 6.280254777070064 0.0005429163526258332
987.0 6.286624203821656 0.0005429163526258332
988.0 6.292993630573249 0.0005429163526258332
989.0 6.299363057324841 0.0005429163526258332
990.0 6.305732484076433 0.0005429163526258332
991.0 6.312101910828026 0.0005429163526258332
992.0 6.318471337579618 0.0005429163526258332
993.0 6.32484076433121 0.0005429163526258332
994.0 6.331210191082803 0.0005429163526258332
995.0 6.337579617834395 0.0005429163526258332
996.0 6.343949044585988 0.0005429163526258332
997.0 6.35031847133758 0.0005429163526258332
998.0 6.356687898089173 0.0005429163526258332
999.0 6.3630573248407645 0.0005429163526258332
1000.0 6.369426751592357 0.0005429163526258332
1001.0 6.37579617834395 0.0005429163526258332
1002.0 6.382165605095541 0.0005429163526258332
1003.0 6.388535031847134 0.0005429163526258332
1004.0 6.3949044585987265 0.0005429163526258332
1005.0 6.401273885350318 0.0005429163526258332
1006.0 6.407643312101911 0.0005429163526258332
1007.0 6.414012738853504 0.0005429163526258332
1008.0 6.420382165605095 0.0005429163526258332
1009.0 6.426751592356688 0.0005429163526258332
1010.0 6.433121019108281 0.0005429163526258332
1011.0 6.439490445859874 0.0005429163526258332
1012.0 6.445859872611464 0.0005429163526258332
1013.0 6.452229299363058 0.0005429163526258332
1014.0 6.4585987261146505 0.0005429163526258332
1015.0 6.464968152866243 0.0005429163526258332
1016.0 6.471337579617835 0.0005429163526258332
1017.0 6.477707006369427 0.0005429163526258332
1018.0 6.48407643312102 0.0005429163526258332
1019.0 6.490445859872612 0.0005429163526258332
1020.0 6.496815286624204 0.0005429163526258332
1021.0 6.503184713375797 0.0005429163526258332
1022.0 6.509554140127389 0.0005429163526258332
1023.0 6.515923566878981 0.0005429163526258332
1024.0 6.522292993630574 0.0005429163526258332
1025.0 6.528662420382166 0.0005429163526258332
1026.0 6.535031847133758 0.0005429163526258332
1027.0 6.54140127388535 0.0005429163526258332
1028.0 6.547770700636943 0.0005429163526258332
1029.0 6.554140127388536 0.0005429163526258332
1030.0 6.560509554140127 0.0005429163526258332
1031.0 6.56687898089172 0.0005429163526258332
1032.0 6.573248407643312 0.0005429163526258332
1033.0 6.579617834394904 0.0005429163526258332
1034.0 6.585987261146497 0.0005429163526258332
1035.0 6.592356687898089 0.0005429163526258332
1036.0 6.598726114649683 0.0005429163526258332
1037.0 6.6050955414012735 0.0005429163526258332
1038.0 6.611464968152866 0.0005429163526258332
1039.0 6.61783439490446 0.0005429163526258332
1040.0 6.624203821656052 0.0005429163526258332
1041.0 6.630573248407643 0.0005429163526258332
1042.0 6.636942675159236 0.0005429163526258332
1043.0 6.643312101910829 0.0005429163526258332
1044.0 6.64968152866242 0.0005429163526258332
1045.0 6.656050955414013 0.0005429163526258332
1046.0 6.662420382165606 0.0005429163526258332
1047.0 6.668789808917198 0.0005429163526258332
1048.0 6.67515923566879 0.0005429163526258332
1049.0 6.681528662420383 0.0005429163526258332
1050.0 6.687898089171975 0.0005429163526258332
1051.0 6.694267515923567 0.0005429163526258332
1052.0 6.7006369426751595 0.0005429163526258332
1053.0 6.707006369426752 0.0005429163526258332
1054.0 6.713375796178345 0.0005429163526258332
1055.0 6.719745222929936 0.0005429163526258332
1056.0 6.726114649681529 0.0005429163526258332
1057.0 6.7324840764331215 0.0005429163526258332
1058.0 6.738853503184713 0.0005429163526258332
1059.0 6.745222929936306 0.0005429163526258332
1060.0 6.751592356687898 0.0005429163526258332
1061.0 6.757961783439491 0.0005429163526258332
1062.0 6.764331210191083 0.0005429163526258332
1063.0 6.770700636942675 0.0005429163526258332
1064.0 6.777070063694268 0.0005429163526258332
1065.0 6.783439490445861 0.0005429163526258332
1066.0 6.789808917197452 0.0005429163526258332
1067.0 6.796178343949045 0.0005429163526258332
1068.0 6.802547770700638 0.0005429163526258332
1069.0 6.808917197452229 0.0005429163526258332
1070.0 6.8152866242038215 0.0005429163526258332
1071.0 6.821656050955415 0.0005429163526258332
1072.0 6.8280254777070075 0.0005429163526258332
1073.0 6.834394904458598 0.0005429163526258332
1074.0 6.840764331210192 0.0005429163526258332
1075.0 6.847133757961784 0.0005429163526258332
1076.0 6.853503184713375 0.0005429163526258332
1077.0 6.859872611464969 0.0005429163526258332
1078.0 6.866242038216561 0.0005429163526258332
1079.0 6.872611464968154 0.0005429163526258332
1080.0 6.8789808917197455 0.0005429163526258332
1081.0 6.885350318471338 0.0005429163526258332
1082.0 6.891719745222931 0.0005429163526258332
1083.0 6.898089171974522 0.0005429163526258332
1084.0 6.904458598726115 0.0005429163526258332
1085.0 6.9108280254777075 0.0005429163526258332
1086.0 6.9171974522293 0.0005429163526258332
1087.0 6.923566878980892 0.0005429163526258332
1088.0 6.929936305732484 0.0005429163526258332
1089.0 6.936305732484077 0.0005429163526258332
1090.0 6.9426751592356695 0.0005429163526258332
1091.0 6.949044585987261 0.0005429163526258332
1092.0 6.955414012738854 0.0005429163526258332
1093.0 6.961783439490446 0.0005429163526258332
1094.0 6.968152866242038 0.0005429163526258332
1095.0 6.974522292993631 0.0005429163526258332
1096.0 6.980891719745223 0.0005429163526258332
1097.0 6.987261146496817 0.0005429163526258332
1098.0 6.993630573248407 0.0005429163526258332
1099.0 7.0 0.0005429163526258332
1100.0 7.0063694267515935 0.0005429163526258332
1101.0 7.012738853503184 0.0005429163526258332
1102.0 7.019108280254777 0.0005429163526258332
1103.0 7.02547770700637 0.0005429163526258332
1104.0 7.031847133757963 0.0005429163526258332
1105.0 7.038216560509554 0.0005429163526258332
1106.0 7.044585987261147 0.0005429163526258332
1107.0 7.05095541401274 0.0005429163526258332
1108.0 7.0573248407643305 0.0005429163526258332
1109.0 7.063694267515924 0.0005429163526258332
1110.0 7.070063694267517 0.0005429163526258332
1111.0 7.076433121019109 0.0005429163526258332
1112.0 7.082802547770701 0.0005429163526258332
1113.0 7.089171974522293 0.0005429163526258332
1114.0 7.095541401273886 0.0005429163526258332
1115.0 7.101910828025478 0.0005429163526258332
1116.0 7.10828025477707 0.0005429163526258332
1117.0 7.114649681528663 0.0005429163526258332
1118.0 7.121019108280255 0.0005429163526258332
1119.0 7.127388535031847 0.0005429163526258332
1120.0 7.13375796178344 0.0005429163526258332
1121.0 7.140127388535032 0.0005429163526258332
1122.0 7.146496815286625 0.0005429163526258332
1123.0 7.1528662420382165 0.0005429163526258332
1124.0 7.159235668789809 0.0005429163526258332
1125.0 7.165605095541402 0.0005429163526258332
1126.0 7.171974522292993 0.0005429163526258332
1127.0 7.178343949044586 0.0005429163526258332
1128.0 7.1847133757961785 0.0005429163526258332
1129.0 7.191082802547772 0.0005429163526258332
1130.0 7.197452229299363 0.0005429163526258332
1131.0 7.203821656050955 0.0005429163526258332
1132.0 7.210191082802549 0.0005429163526258332
1133.0 7.21656050955414 0.0005429163526258332
1134.0 7.222929936305732 0.0005429163526258332
1135.0 7.229299363057326 0.0005429163526258332
1136.0 7.235668789808918 0.0005429163526258332
1137.0 7.242038216560509 0.0005429163526258332
1138.0 7.2484076433121025 0.0005429163526258332
1139.0 7.254777070063695 0.0005429163526258332
1140.0 7.261146496815286 0.0005429163526258332
1141.0 7.267515923566879 0.0005429163526258332
1142.0 7.273885350318472 0.0005429163526258332
1143.0 7.2802547770700645 0.0005429163526258332
1144.0 7.286624203821656 0.0005429163526258332
1145.0 7.292993630573249 0.0005429163526258332
1146.0 7.299363057324841 0.0005429163526258332
1147.0 7.305732484076434 0.0005429163526258332
1148.0 7.312101910828026 0.0005429163526258332
1149.0 7.318471337579618 0.0005429163526258332
1150.0 7.324840764331211 0.0005429163526258332
1151.0 7.3312101910828025 0.0005429163526258332
1152.0 7.337579617834395 0.0005429163526258332
1153.0 7.343949044585988 0.0005429163526258332
1154.0 7.35031847133758 0.0005429163526258332
1155.0 7.356687898089172 0.0005429163526258332
1156.0 7.3630573248407645 0.0005429163526258332
1157.0 7.369426751592357 0.0005429163526258332
1158.0 7.375796178343949 0.0005429163526258332
1159.0 7.382165605095541 0.0005429163526258332
1160.0 7.388535031847134 0.0005429163526258332
1161.0 7.394904458598727 0.0005429163526258332
1162.0 7.401273885350318 0.0005429163526258332
1163.0 7.407643312101911 0.0005429163526258332
1164.0 7.414012738853504 0.0005429163526258332
1165.0 7.420382165605095 0.0005429163526258332
1166.0 7.426751592356688 0.0005429163526258332
1167.0 7.433121019108281 0.0005429163526258332
1168.0 7.439490445859874 0.0005429163526258332
1169.0 7.445859872611464 0.0005429163526258332
1170.0 7.452229299363058 0.0005429163526258332
1171.0 7.4585987261146505 0.0005429163526258332
1172.0 7.464968152866243 0.0005429163526258332
1173.0 7.471337579617835 0.0005429163526258332
1174.0 7.477707006369427 0.0005429163526258332
1175.0 7.48407643312102 0.0005429163526258332
1176.0 7.490445859872612 0.0005429163526258332
1177.0 7.496815286624204 0.0005429163526258332
1178.0 7.503184713375797 0.0005429163526258332
1179.0 7.509554140127389 0.0005429163526258332
1180.0 7.515923566878981 0.0005429163526258332
1181.0 7.522292993630574 0.0005429163526258332
1182.0 7.528662420382166 0.0005429163526258332
1183.0 7.535031847133758 0.0005429163526258332
1184.0 7.54140127388535 0.0005429163526258332
1185.0 7.547770700636943 0.0005429163526258332
1186.0 7.554140127388536 0.0005429163526258332
1187.0 7.560509554140127 0.0005429163526258332
1188.0 7.56687898089172 0.0005429163526258332
1189.0 7.573248407643312 0.0005429163526258332
1190.0 7.579617834394904 0.0005429163526258332
1191.0 7.585987261146497 0.0005429163526258332
1192.0 7.592356687898089 0.0005429163526258332
1193.0 7.598726114649683 0.0005429163526258332
1194.0 7.6050955414012735 0.0005429163526258332
1195.0 7.611464968152866 0.0005429163526258332
1196.0 7.61783439490446 0.0005429163526258332
1197.0 7.624203821656052 0.0005429163526258332
1198.0 7.630573248407643 0.0005429163526258332
1199.0 7.636942675159236 0.0005429163526258332
1200.0 7.643312101910829 0.0005429163526258332
1201.0 7.64968152866242 0.0005429163526258332
1202.0 7.656050955414013 0.0005429163526258332
1203.0 7.662420382165606 0.0005429163526258332
1204.0 7.668789808917198 0.0005429163526258332
1205.0 7.67515923566879 0.0005429163526258332
1206.0 7.681528662420383 0.0005429163526258332
1207.0 7.687898089171975 0.0005429163526258332
1208.0 7.694267515923567 0.0005429163526258332
1209.0 7.7006369426751595 0.0005429163526258332
1210.0 7.707006369426752 0.0005429163526258332
1211.0 7.713375796178345 0.0005429163526258332
1212.0 7.719745222929936 0.0005429163526258332
1213.0 7.726114649681529 0.0005429163526258332
1214.0 7.7324840764331215 0.0005429163526258332
1215.0 7.738853503184713 0.0005429163526258332
1216.0 7.745222929936306 0.0005429163526258332
1217.0 7.751592356687898 0.0005429163526258332
1218.0 7.757961783439491 0.0005429163526258332
1219.0 7.764331210191083 0.0005429163526258332
1220.0 7.770700636942675 0.0005429163526258332
1221.0 7.777070063694268 0.0005429163526258332
1222.0 7.783439490445861 0.0005429163526258332
1223.0 7.789808917197452 0.0005429163526258332
1224.0 7.796178343949045 0.0005429163526258332
1225.0 7.802547770700638 0.0005429163526258332
1226.0 7.808917197452229 0.0005429163526258332
1227.0 7.8152866242038215 0.0005429163526258332
1228.0 7.821656050955415 0.0005429163526258332
1229.0 7.8280254777070075 0.0005429163526258332
1230.0 7.834394904458598 0.0005429163526258332
1231.0 7.840764331210192 0.0005429163526258332
1232.0 7.847133757961784 0.0005429163526258332
1233.0 7.853503184713375 0.0005429163526258332
1234.0 7.859872611464969 0.0005429163526258332
1235.0 7.866242038216561 0.0005429163526258332
1236.0 7.872611464968154 0.0005429163526258332
1237.0 7.8789808917197455 0.0005429163526258332
1238.0 7.885350318471338 0.0005429163526258332
1239.0 7.891719745222931 0.0005429163526258332
1240.0 7.898089171974522 0.0005429163526258332
1241.0 7.904458598726115 0.0005429163526258332
1242.0 7.9108280254777075 0.0005429163526258332
1243.0 7.9171974522293 0.0005429163526258332
1244.0 7.923566878980892 0.0005429163526258332
1245.0 7.929936305732484 0.0005429163526258332
1246.0 7.936305732484077 0.0005429163526258332
1247.0 7.942675159235669 0.0005429163526258332
1248.0 7.949044585987261 0.0005429163526258332
1249.0 7.955414012738854 0.0005429163526258332
1250.0 7.961783439490446 0.0005429163526258332
1251.0 7.968152866242038 0.0005429163526258332
1252.0 7.974522292993631 0.0005429163526258332
1253.0 7.980891719745223 0.0005429163526258332
1254.0 7.987261146496817 0.0005429163526258332
1255.0 7.993630573248407 0.0005429163526258332
1256.0 8.0 0.0005429163526258332
1257.0 8.006369426751593 0.0005429163526258332
1258.0 8.012738853503185 0.0005429163526258332
1259.0 8.019108280254777 0.0005429163526258332
1260.0 8.02547770700637 0.0005429163526258332
1261.0 8.031847133757962 0.0005429163526258332
1262.0 8.038216560509554 0.0005429163526258332
1263.0 8.044585987261147 0.0005429163526258332
1264.0 8.050955414012739 0.0005429163526258332
1265.0 8.05732484076433 0.0005429163526258332
1266.0 8.063694267515924 0.0005429163526258332
1267.0 8.070063694267516 0.0005429163526258332
1268.0 8.07643312101911 0.0005429163526258332
1269.0 8.0828025477707 0.0005429163526258332
1270.0 8.089171974522293 0.0005429163526258332
1271.0 8.095541401273886 0.0005429163526258332
1272.0 8.101910828025478 0.0005429163526258332
1273.0 8.10828025477707 0.0005429163526258332
1274.0 8.114649681528663 0.0005429163526258332
1275.0 8.121019108280256 0.0005429163526258332
1276.0 8.127388535031846 0.0005429163526258332
1277.0 8.13375796178344 0.0005429163526258332
1278.0 8.140127388535033 0.0005429163526258332
1279.0 8.146496815286625 0.0005429163526258332
1280.0 8.152866242038217 0.0005429163526258332
1281.0 8.15923566878981 0.0005429163526258332
1282.0 8.165605095541402 0.0005429163526258332
1283.0 8.171974522292993 0.0005429163526258332
1284.0 8.178343949044587 0.0005429163526258332
1285.0 8.184713375796179 0.0005429163526258332
1286.0 8.191082802547772 0.0005429163526258332
1287.0 8.197452229299364 0.0005429163526258332
1288.0 8.203821656050955 0.0005429163526258332
1289.0 8.210191082802549 0.0005429163526258332
1290.0 8.21656050955414 0.0005429163526258332
1291.0 8.222929936305732 0.0005429163526258332
1292.0 8.229299363057326 0.0005429163526258332
1293.0 8.235668789808917 0.0005429163526258332
1294.0 8.242038216560509 0.0005429163526258332
1295.0 8.248407643312103 0.0005429163526258332
1296.0 8.254777070063694 0.0005429163526258332
1297.0 8.261146496815286 0.0005429163526258332
1298.0 8.26751592356688 0.0005429163526258332
1299.0 8.273885350318471 0.0005429163526258332
1300.0 8.280254777070065 0.0005429163526258332
1301.0 8.286624203821656 0.0005429163526258332
1302.0 8.292993630573248 0.0005429163526258332
1303.0 8.299363057324841 0.0005429163526258332
1304.0 8.305732484076435 0.0005429163526258332
1305.0 8.312101910828025 0.0005429163526258332
1306.0 8.318471337579618 0.0005429163526258332
1307.0 8.324840764331212 0.0005429163526258332
1308.0 8.331210191082802 0.0005429163526258332
1309.0 8.337579617834395 0.0005429163526258332
1310.0 8.343949044585989 0.0005429163526258332
1311.0 8.35031847133758 0.0005429163526258332
1312.0 8.356687898089172 0.0005429163526258332
1313.0 8.363057324840765 0.0005429163526258332
1314.0 8.369426751592357 0.0005429163526258332
1315.0 8.375796178343949 0.0005429163526258332
1316.0 8.382165605095542 0.0005429163526258332
1317.0 8.388535031847134 0.0005429163526258332
1318.0 8.394904458598727 0.0005429163526258332
1319.0 8.401273885350319 0.0005429163526258332
1320.0 8.40764331210191 0.0005429163526258332
1321.0 8.414012738853504 0.0005429163526258332
1322.0 8.420382165605096 0.0005429163526258332
1323.0 8.426751592356688 0.0005429163526258332
1324.0 8.433121019108281 0.0005429163526258332
1325.0 8.439490445859873 0.0005429163526258332
1326.0 8.445859872611464 0.0005429163526258332
1327.0 8.452229299363058 0.0005429163526258332
1328.0 8.45859872611465 0.0005429163526258332
1329.0 8.464968152866243 0.0005429163526258332
1330.0 8.471337579617835 0.0005429163526258332
1331.0 8.477707006369426 0.0005429163526258332
1332.0 8.48407643312102 0.0005429163526258332
1333.0 8.490445859872612 0.0005429163526258332
1334.0 8.496815286624203 0.0005429163526258332
1335.0 8.503184713375797 0.0005429163526258332
1336.0 8.50955414012739 0.0005429163526258332
1337.0 8.51592356687898 0.0005429163526258332
1338.0 8.522292993630574 0.0005429163526258332
1339.0 8.528662420382167 0.0005429163526258332
1340.0 8.535031847133757 0.0005429163526258332
1341.0 8.54140127388535 0.0005429163526258332
1342.0 8.547770700636944 0.0005429163526258332
1343.0 8.554140127388536 0.0005429163526258332
1344.0 8.560509554140127 0.0005429163526258332
1345.0 8.56687898089172 0.0005429163526258332
1346.0 8.573248407643312 0.0005429163526258332
1347.0 8.579617834394904 0.0005429163526258332
1348.0 8.585987261146498 0.0005429163526258332
1349.0 8.59235668789809 0.0005429163526258332
1350.0 8.598726114649683 0.0005429163526258332
1351.0 8.605095541401274 0.0005429163526258332
1352.0 8.611464968152866 0.0005429163526258332
1353.0 8.61783439490446 0.0005429163526258332
1354.0 8.624203821656051 0.0005429163526258332
1355.0 8.630573248407643 0.0005429163526258332
1356.0 8.636942675159236 0.0005429163526258332
1357.0 8.643312101910828 0.0005429163526258332
1358.0 8.64968152866242 0.0005429163526258332
1359.0 8.656050955414013 0.0005429163526258332
1360.0 8.662420382165605 0.0005429163526258332
1361.0 8.668789808917198 0.0005429163526258332
1362.0 8.67515923566879 0.0005429163526258332
1363.0 8.681528662420382 0.0005429163526258332
1364.0 8.687898089171975 0.0005429163526258332
1365.0 8.694267515923567 0.0005429163526258332
1366.0 8.700636942675159 0.0005429163526258332
1367.0 8.707006369426752 0.0005429163526258332
1368.0 8.713375796178346 0.0005429163526258332
1369.0 8.719745222929935 0.0005429163526258332
1370.0 8.726114649681529 0.0005429163526258332
1371.0 8.732484076433122 0.0005429163526258332
1372.0 8.738853503184712 0.0005429163526258332
1373.0 8.745222929936306 0.0005429163526258332
1374.0 8.7515923566879 0.0005429163526258332
1375.0 8.757961783439491 0.0005429163526258332
1376.0 8.764331210191083 0.0005429163526258332
1377.0 8.770700636942676 0.0005429163526258332
1378.0 8.777070063694268 0.0005429163526258332
1379.0 8.783439490445861 0.0005429163526258332
1380.0 8.789808917197453 0.0005429163526258332
1381.0 8.796178343949045 0.0005429163526258332
1382.0 8.802547770700638 0.0005429163526258332
1383.0 8.80891719745223 0.0005429163526258332
1384.0 8.815286624203821 0.0005429163526258332
1385.0 8.821656050955415 0.0005429163526258332
1386.0 8.828025477707007 0.0005429163526258332
1387.0 8.834394904458598 0.0005429163526258332
1388.0 8.840764331210192 0.0005429163526258332
1389.0 8.847133757961783 0.0005429163526258332
1390.0 8.853503184713375 0.0005429163526258332
1391.0 8.859872611464969 0.0005429163526258332
1392.0 8.86624203821656 0.0005429163526258332
1393.0 8.872611464968154 0.0005429163526258332
1394.0 8.878980891719745 0.0005429163526258332
1395.0 8.885350318471337 0.0005429163526258332
1396.0 8.89171974522293 0.0005429163526258332
1397.0 8.898089171974522 0.0005429163526258332
1398.0 8.904458598726114 0.0005429163526258332
1399.0 8.910828025477707 0.0005429163526258332
1400.0 8.917197452229301 0.0005429163526258332
1401.0 8.92356687898089 0.0005429163526258332
1402.0 8.929936305732484 0.0005429163526258332
1403.0 8.936305732484078 0.0005429163526258332
1404.0 8.942675159235668 0.0005429163526258332
1405.0 8.949044585987261 0.0005429163526258332
1406.0 8.955414012738855 0.0005429163526258332
1407.0 8.961783439490446 0.0005429163526258332
1408.0 8.968152866242038 0.0005429163526258332
1409.0 8.974522292993631 0.0005429163526258332
1410.0 8.980891719745223 0.0005429163526258332
1411.0 8.987261146496817 0.0005429163526258332
1412.0 8.993630573248408 0.0005429163526258332
1413.0 9.0 0.0005429163526258332
1414.0 9.006369426751593 0.0005429163526258332
1415.0 9.012738853503185 0.0005429163526258332
1416.0 9.019108280254777 0.0005429163526258332
1417.0 9.02547770700637 0.0005429163526258332
1418.0 9.031847133757962 0.0005429163526258332
1419.0 9.038216560509554 0.0005429163526258332
1420.0 9.044585987261147 0.0005429163526258332
1421.0 9.050955414012739 0.0005429163526258332
1422.0 9.05732484076433 0.0005429163526258332
1423.0 9.063694267515924 0.0005429163526258332
1424.0 9.070063694267516 0.0005429163526258332
1425.0 9.07643312101911 0.0005429163526258332
1426.0 9.0828025477707 0.0005429163526258332
1427.0 9.089171974522293 0.0005429163526258332
1428.0 9.095541401273886 0.0005429163526258332
1429.0 9.101910828025478 0.0005429163526258332
1430.0 9.10828025477707 0.0005429163526258332
1431.0 9.114649681528663 0.0005429163526258332
1432.0 9.121019108280256 0.0005429163526258332
1433.0 9.127388535031846 0.0005429163526258332
1434.0 9.13375796178344 0.0005429163526258332
1435.0 9.140127388535033 0.0005429163526258332
1436.0 9.146496815286625 0.0005429163526258332
1437.0 9.152866242038217 0.0005429163526258332
1438.0 9.15923566878981 0.0005429163526258332
1439.0 9.165605095541402 0.0005429163526258332
1440.0 9.171974522292993 0.0005429163526258332
1441.0 9.178343949044587 0.0005429163526258332
1442.0 9.184713375796179 0.0005429163526258332
1443.0 9.191082802547772 0.0005429163526258332
1444.0 9.197452229299364 0.0005429163526258332
1445.0 9.203821656050955 0.0005429163526258332
1446.0 9.210191082802549 0.0005429163526258332
1447.0 9.21656050955414 0.0005429163526258332
1448.0 9.222929936305732 0.0005429163526258332
1449.0 9.229299363057326 0.0005429163526258332
1450.0 9.235668789808917 0.0005429163526258332
1451.0 9.242038216560509 0.0005429163526258332
1452.0 9.248407643312103 0.0005429163526258332
1453.0 9.254777070063694 0.0005429163526258332
1454.0 9.261146496815286 0.0005429163526258332
1455.0 9.26751592356688 0.0005429163526258332
1456.0 9.273885350318471 0.0005429163526258332
1457.0 9.280254777070065 0.0005429163526258332
1458.0 9.286624203821656 0.0005429163526258332
1459.0 9.292993630573248 0.0005429163526258332
1460.0 9.299363057324841 0.0005429163526258332
1461.0 9.305732484076435 0.0005429163526258332
1462.0 9.312101910828025 0.0005429163526258332
1463.0 9.318471337579618 0.0005429163526258332
1464.0 9.324840764331212 0.0005429163526258332
1465.0 9.331210191082802 0.0005429163526258332
1466.0 9.337579617834395 0.0005429163526258332
1467.0 9.343949044585989 0.0005429163526258332
1468.0 9.35031847133758 0.0005429163526258332
1469.0 9.356687898089172 0.0005429163526258332
1470.0 9.363057324840765 0.0005429163526258332
1471.0 9.369426751592357 0.0005429163526258332
1472.0 9.375796178343949 0.0005429163526258332
1473.0 9.382165605095542 0.0005429163526258332
1474.0 9.388535031847134 0.0005429163526258332
1475.0 9.394904458598727 0.0005429163526258332
1476.0 9.401273885350319 0.0005429163526258332
1477.0 9.40764331210191 0.0005429163526258332
1478.0 9.414012738853504 0.0005429163526258332
1479.0 9.420382165605096 0.0005429163526258332
1480.0 9.426751592356688 0.0005429163526258332
1481.0 9.433121019108281 0.0005429163526258332
1482.0 9.439490445859873 0.0005429163526258332
1483.0 9.445859872611464 0.0005429163526258332
1484.0 9.452229299363058 0.0005429163526258332
1485.0 9.45859872611465 0.0005429163526258332
1486.0 9.464968152866243 0.0005429163526258332
1487.0 9.471337579617835 0.0005429163526258332
1488.0 9.477707006369426 0.0005429163526258332
1489.0 9.48407643312102 0.0005429163526258332
1490.0 9.490445859872612 0.0005429163526258332
1491.0 9.496815286624203 0.0005429163526258332
1492.0 9.503184713375797 0.0005429163526258332
1493.0 9.50955414012739 0.0005429163526258332
1494.0 9.51592356687898 0.0005429163526258332
1495.0 9.522292993630574 0.0005429163526258332
1496.0 9.528662420382167 0.0005429163526258332
1497.0 9.535031847133757 0.0005429163526258332
1498.0 9.54140127388535 0.0005429163526258332
1499.0 9.547770700636944 0.0005429163526258332
1500.0 9.554140127388536 0.0005429163526258332
1501.0 9.560509554140127 0.0005429163526258332
1502.0 9.56687898089172 0.0005429163526258332
1503.0 9.573248407643312 0.0005429163526258332
1504.0 9.579617834394904 0.0005429163526258332
1505.0 9.585987261146498 0.0005429163526258332
1506.0 9.59235668789809 0.0005429163526258332
1507.0 9.598726114649683 0.0005429163526258332
1508.0 9.605095541401274 0.0005429163526258332
1509.0 9.611464968152866 0.0005429163526258332
1510.0 9.61783439490446 0.0005429163526258332
1511.0 9.624203821656053 0.0005429163526258332
1512.0 9.630573248407643 0.0005429163526258332
1513.0 9.636942675159236 0.0005429163526258332
1514.0 9.64331210191083 0.0005429163526258332
1515.0 9.64968152866242 0.0005429163526258332
1516.0 9.656050955414013 0.0005429163526258332
1517.0 9.662420382165607 0.0005429163526258332
1518.0 9.668789808917198 0.0005429163526258332
1519.0 9.67515923566879 0.0005429163526258332
1520.0 9.681528662420384 0.0005429163526258332
1521.0 9.687898089171975 0.0005429163526258332
1522.0 9.694267515923567 0.0005429163526258332
1523.0 9.70063694267516 0.0005429163526258332
1524.0 9.707006369426752 0.0005429163526258332
1525.0 9.713375796178346 0.0005429163526258332
1526.0 9.719745222929937 0.0005429163526258332
1527.0 9.726114649681529 0.0005429163526258332
1528.0 9.732484076433122 0.0005429163526258332
1529.0 9.738853503184714 0.0005429163526258332
1530.0 9.745222929936306 0.0005429163526258332
1531.0 9.7515923566879 0.0005429163526258332
1532.0 9.757961783439491 0.0005429163526258332
1533.0 9.764331210191083 0.0005429163526258332
1534.0 9.770700636942676 0.0005429163526258332
1535.0 9.777070063694268 0.0005429163526258332
1536.0 9.783439490445861 0.0005429163526258332
1537.0 9.789808917197453 0.0005429163526258332
1538.0 9.796178343949045 0.0005429163526258332
1539.0 9.802547770700638 0.0005429163526258332
1540.0 9.80891719745223 0.0005429163526258332
1541.0 9.815286624203821 0.0005429163526258332
1542.0 9.821656050955415 0.0005429163526258332
1543.0 9.828025477707008 0.0005429163526258332
1544.0 9.834394904458598 0.0005429163526258332
1545.0 9.840764331210192 0.0005429163526258332
1546.0 9.847133757961785 0.0005429163526258332
1547.0 9.853503184713375 0.0005429163526258332
1548.0 9.859872611464969 0.0005429163526258332
1549.0 9.866242038216562 0.0005429163526258332
1550.0 9.872611464968154 0.0005429163526258332
1551.0 9.878980891719745 0.0005429163526258332
1552.0 9.885350318471339 0.0005429163526258332
1553.0 9.89171974522293 0.0005429163526258332
1554.0 9.898089171974522 0.0005429163526258332
1555.0 9.904458598726116 0.0005429163526258332
1556.0 9.910828025477707 0.0005429163526258332
1557.0 9.917197452229301 0.0005429163526258332
1558.0 9.923566878980893 0.0005429163526258332
1559.0 9.929936305732484 0.0005429163526258332
1560.0 9.936305732484078 0.0005429163526258332
1561.0 9.94267515923567 0.0005429163526258332
1562.0 9.949044585987261 0.0005429163526258332
1563.0 9.955414012738855 0.0005429163526258332
1564.0 9.961783439490446 0.0005429163526258332
1565.0 9.968152866242038 0.0005429163526258332
1566.0 9.974522292993631 0.0005429163526258332
1567.0 9.980891719745223 0.0005429163526258332
1568.0 9.987261146496817 0.0005429163526258332
1569.0 9.993630573248408 0.0005429163526258332
1570.0 10.0 0.0005429163526258332
