1.0 0.006277463904582549 0.021173737752405553
2.0 0.012554927809165098 0.02063082139977987
3.0 0.018832391713747648 0.019002072341902668
4.0 0.025109855618330196 0.01791623963665085
5.0 0.031387319522912745 0.016287490578773652
6.0 0.037664783427495296 0.014115825168270467
7.0 0.04394224733207785 0.01302999246301895
8.0 0.05021971123666039 0.012487076110393118
9.0 0.056497175141242945 0.012487076110393118
10.0 0.06277463904582549 0.011944159757767284
11.0 0.06905210295040803 0.01140124340514145
12.0 0.07532956685499059 0.011401243405141601
13.0 0.08160703075957315 0.010858327052515767
14.0 0.0878844946641557 0.010315410699889935
15.0 0.09416195856873824 0.010315410699889935
16.0 0.10043942247332079 0.00977249434726425
17.0 0.10671688637790333 0.009229577994638418
18.0 0.11299435028248589 0.009229577994638418
19.0 0.11927181418706843 0.009229577994638418
20.0 0.12554927809165098 0.008686661642012584
21.0 0.13182674199623354 0.008686661642012584
22.0 0.13810420590081607 0.008686661642012584
23.0 0.14438166980539863 0.008686661642012584
24.0 0.15065913370998119 0.008686661642012584
25.0 0.15693659761456374 0.008686661642012584
26.0 0.1632140615191463 0.008686661642012584
27.0 0.16949152542372883 0.0081437452893869
28.0 0.1757689893283114 0.0081437452893869
29.0 0.18204645323289392 0.007057912584135234
30.0 0.18832391713747648 0.0054291635262578835
31.0 0.19460138104205904 0.0048862471736322
32.0 0.20087884494664157 0.0043433308210063665
33.0 0.20715630885122416 0.0048862471736322
34.0 0.21343377275580666 0.0043433308210063665
35.0 0.21971123666038925 0.0038004144683805334
36.0 0.22598870056497178 0.0038004144683805334
37.0 0.23226616446955434 0.0038004144683805334
38.0 0.23854362837413687 0.0038004144683805334
39.0 0.24482109227871943 0.0038004144683805334
40.0 0.25109855618330196 0.0038004144683805334
41.0 0.2573760200878845 0.0038004144683805334
42.0 0.2636534839924671 0.0038004144683805334
43.0 0.26993094789704963 0.0038004144683805334
44.0 0.27620841180163214 0.0038004144683805334
45.0 0.2824858757062147 0.0038004144683805334
46.0 0.28876333961079725 0.0038004144683805334
47.0 0.2950408035153798 0.0038004144683805334
48.0 0.30131826741996237 0.0038004144683805334
49.0 0.30759573132454493 0.0038004144683805334
50.0 0.3138731952291275 0.0038004144683805334
51.0 0.32015065913371 0.0038004144683805334
52.0 0.3264281230382926 0.0038004144683805334
53.0 0.3327055869428751 0.0038004144683805334
54.0 0.33898305084745767 0.0038004144683805334
55.0 0.3452605147520402 0.0038004144683805334
56.0 0.3515379786566228 0.0038004144683805334
57.0 0.3578154425612053 0.0038004144683805334
58.0 0.36409290646578785 0.0032574981157547003
59.0 0.3703703703703704 0.0032574981157547003
60.0 0.37664783427495296 0.002714581763128867
61.0 0.38292529817953547 0.0032574981157547003
62.0 0.3892027620841181 0.0032574981157547003
63.0 0.3954802259887006 0.002714581763128867
64.0 0.40175768989328314 0.002714581763128867
65.0 0.4080351537978657 0.002714581763128867
66.0 0.4143126177024483 0.002714581763128867
67.0 0.4205900816070308 0.002714581763128867
68.0 0.4268675455116133 0.002714581763128867
69.0 0.4331450094161959 0.002714581763128867
70.0 0.4394224733207785 0.002714581763128867
71.0 0.445699937225361 0.002714581763128867
72.0 0.45197740112994356 0.002714581763128867
73.0 0.45825486503452606 0.002714581763128867
74.0 0.4645323289391087 0.002714581763128867
75.0 0.4708097928436912 0.002714581763128867
76.0 0.47708725674827374 0.002714581763128867
77.0 0.48336472065285624 0.002714581763128867
78.0 0.48964218455743885 0.002714581763128867
79.0 0.4959196484620214 0.0021716654105031832
80.0 0.5021971123666039 0.0021716654105031832
81.0 0.5084745762711865 0.0021716654105031832
82.0 0.514752040175769 0.0021716654105031832
83.0 0.5210295040803515 0.0021716654105031832
84.0 0.5273069679849341 0.0021716654105031832
85.0 0.5335844318895168 0.0021716654105031832
86.0 0.5398618957940993 0.0021716654105031832
87.0 0.5461393596986818 0.0021716654105031832
88.0 0.5524168236032643 0.0021716654105031832
89.0 0.5586942875078469 0.0021716654105031832
90.0 0.5649717514124294 0.0021716654105031832
91.0 0.571249215317012 0.0021716654105031832
92.0 0.5775266792215945 0.0021716654105031832
93.0 0.5838041431261771 0.0021716654105031832
94.0 0.5900816070307596 0.0021716654105031832
95.0 0.5963590709353421 0.0021716654105031832
96.0 0.6026365348399247 0.0021716654105031832
97.0 0.6089139987445074 0.0021716654105031832
98.0 0.6151914626490899 0.0021716654105031832
99.0 0.6214689265536724 0.0021716654105031832
100.0 0.627746390458255 0.0021716654105031832
101.0 0.6340238543628375 0.0021716654105031832
102.0 0.64030131826742 0.0021716654105031832
103.0 0.6465787821720026 0.0021716654105031832
104.0 0.6528562460765852 0.0021716654105031832
105.0 0.6591337099811677 0.0021716654105031832
106.0 0.6654111738857502 0.0021716654105031832
107.0 0.6716886377903327 0.0021716654105031832
108.0 0.6779661016949153 0.0021716654105031832
109.0 0.6842435655994978 0.0021716654105031832
110.0 0.6905210295040805 0.0021716654105031832
111.0 0.696798493408663 0.0021716654105031832
112.0 0.7030759573132456 0.0021716654105031832
113.0 0.7093534212178281 0.0021716654105031832
114.0 0.7156308851224106 0.0021716654105031832
115.0 0.7219083490269932 0.0021716654105031832
116.0 0.7281858129315757 0.0021716654105031832
117.0 0.7344632768361583 0.0021716654105031832
118.0 0.7407407407407408 0.0021716654105031832
119.0 0.7470182046453234 0.0021716654105031832
120.0 0.7532956685499059 0.0016287490578773501
121.0 0.7595731324544884 0.0016287490578773501
122.0 0.7658505963590709 0.0016287490578773501
123.0 0.7721280602636535 0.0016287490578773501
124.0 0.7784055241682362 0.0016287490578773501
125.0 0.7846829880728187 0.0016287490578773501
126.0 0.7909604519774012 0.0016287490578773501
127.0 0.7972379158819838 0.0016287490578773501
128.0 0.8035153797865663 0.0016287490578773501
129.0 0.8097928436911488 0.0016287490578773501
130.0 0.8160703075957314 0.0016287490578773501
131.0 0.8223477715003139 0.0016287490578773501
132.0 0.8286252354048966 0.0016287490578773501
133.0 0.8349026993094791 0.0016287490578773501
134.0 0.8411801632140616 0.0016287490578773501
135.0 0.8474576271186441 0.0016287490578773501
136.0 0.8537350910232266 0.0016287490578773501
137.0 0.8600125549278093 0.0016287490578773501
138.0 0.8662900188323918 0.0016287490578773501
139.0 0.8725674827369743 0.0016287490578773501
140.0 0.878844946641557 0.0016287490578773501
141.0 0.8851224105461395 0.0016287490578773501
142.0 0.891399874450722 0.0016287490578773501
143.0 0.8976773383553045 0.0016287490578773501
144.0 0.9039548022598871 0.0016287490578773501
145.0 0.9102322661644696 0.0016287490578773501
146.0 0.9165097300690521 0.0016287490578773501
147.0 0.9227871939736348 0.0016287490578773501
148.0 0.9290646578782173 0.0016287490578773501
149.0 0.9353421217827999 0.0016287490578773501
150.0 0.9416195856873824 0.0016287490578773501
151.0 0.947897049591965 0.0016287490578773501
152.0 0.9541745134965475 0.0016287490578773501
153.0 0.96045197740113 0.0016287490578773501
154.0 0.9667294413057125 0.0016287490578773501
155.0 0.9730069052102952 0.0016287490578773501
156.0 0.9792843691148777 0.0016287490578773501
157.0 0.9855618330194602 0.0016287490578773501
158.0 0.9918392969240428 0.0016287490578773501
159.0 0.9981167608286253 0.0016287490578773501
160.0 1.0043942247332078 0.0016287490578773501
161.0 1.0106716886377904 0.0016287490578773501
162.0 1.016949152542373 0.0016287490578773501
163.0 1.0232266164469557 0.0016287490578773501
164.0 1.029504080351538 0.0016287490578773501
165.0 1.0357815442561207 0.0016287490578773501
166.0 1.042059008160703 0.0016287490578773501
167.0 1.0483364720652857 0.0016287490578773501
168.0 1.0546139359698683 0.0016287490578773501
169.0 1.0608913998744507 0.0016287490578773501
170.0 1.0671688637790335 0.0016287490578773501
171.0 1.073446327683616 0.0016287490578773501
172.0 1.0797237915881985 0.0016287490578773501
173.0 1.086001255492781 0.0016287490578773501
174.0 1.0922787193973635 0.0016287490578773501
175.0 1.0985561833019462 0.0016287490578773501
176.0 1.1048336472065285 0.0016287490578773501
177.0 1.1111111111111114 0.0016287490578773501
178.0 1.1173885750156938 0.0016287490578773501
179.0 1.1236660389202764 0.0016287490578773501
180.0 1.1299435028248588 0.0016287490578773501
181.0 1.1362209667294414 0.0016287490578773501
182.0 1.142498430634024 0.0016287490578773501
183.0 1.1487758945386064 0.0016287490578773501
184.0 1.155053358443189 0.0016287490578773501
185.0 1.1613308223477716 0.0016287490578773501
186.0 1.1676082862523542 0.0016287490578773501
187.0 1.1738857501569366 0.0016287490578773501
188.0 1.1801632140615193 0.0016287490578773501
189.0 1.1864406779661019 0.0016287490578773501
190.0 1.1927181418706843 0.0016287490578773501
191.0 1.1989956057752669 0.0016287490578773501
192.0 1.2052730696798495 0.0016287490578773501
193.0 1.211550533584432 0.0016287490578773501
194.0 1.2178279974890147 0.0010858327052516664
195.0 1.224105461393597 0.0010858327052516664
196.0 1.2303829252981797 0.0010858327052516664
197.0 1.2366603892027621 0.0010858327052516664
198.0 1.2429378531073447 0.0010858327052516664
199.0 1.2492153170119273 0.0010858327052516664
200.0 1.25549278091651 0.0010858327052516664
201.0 1.2617702448210926 0.0010858327052516664
202.0 1.268047708725675 0.0010858327052516664
203.0 1.2743251726302576 0.0010858327052516664
204.0 1.28060263653484 0.0010858327052516664
205.0 1.2868801004394226 0.0010858327052516664
206.0 1.2931575643440052 0.0010858327052516664
207.0 1.2994350282485876 0.0010858327052516664
208.0 1.3057124921531704 0.0010858327052516664
209.0 1.3119899560577528 0.0010858327052516664
210.0 1.3182674199623354 0.0010858327052516664
211.0 1.3245448838669178 0.0010858327052516664
212.0 1.3308223477715004 0.0010858327052516664
213.0 1.337099811676083 0.0010858327052516664
214.0 1.3433772755806654 0.0010858327052516664
215.0 1.3496547394852483 0.0010858327052516664
216.0 1.3559322033898307 0.0010858327052516664
217.0 1.3622096672944133 0.0010858327052516664
218.0 1.3684871311989957 0.0010858327052516664
219.0 1.3747645951035783 0.0010858327052516664
220.0 1.381042059008161 0.0010858327052516664
221.0 1.3873195229127433 0.0010858327052516664
222.0 1.393596986817326 0.0010858327052516664
223.0 1.3998744507219085 0.0010858327052516664
224.0 1.4061519146264911 0.0010858327052516664
225.0 1.4124293785310735 0.0010858327052516664
226.0 1.4187068424356561 0.0010858327052516664
227.0 1.4249843063402388 0.0010858327052516664
228.0 1.4312617702448212 0.0010858327052516664
229.0 1.4375392341494038 0.0010858327052516664
230.0 1.4438166980539864 0.0010858327052516664
231.0 1.450094161958569 0.0010858327052516664
232.0 1.4563716258631514 0.0010858327052516664
233.0 1.462649089767734 0.0010858327052516664
234.0 1.4689265536723166 0.0010858327052516664
235.0 1.475204017576899 0.0010858327052516664
236.0 1.4814814814814816 0.0010858327052516664
237.0 1.487758945386064 0.0010858327052516664
238.0 1.4940364092906468 0.0010858327052516664
239.0 1.5003138731952292 0.0010858327052516664
240.0 1.5065913370998119 0.0010858327052516664
241.0 1.5128688010043945 0.0010858327052516664
242.0 1.5191462649089769 0.0010858327052516664
243.0 1.5254237288135595 0.0010858327052516664
244.0 1.5317011927181419 0.0010858327052516664
245.0 1.5379786566227247 0.0010858327052516664
246.0 1.544256120527307 0.0010858327052516664
247.0 1.5505335844318897 0.0010858327052516664
248.0 1.5568110483364723 0.0010858327052516664
249.0 1.5630885122410547 0.0010858327052516664
250.0 1.5693659761456373 0.0010858327052516664
251.0 1.5756434400502197 0.0010858327052516664
252.0 1.5819209039548023 0.0010858327052516664
253.0 1.588198367859385 0.0010858327052516664
254.0 1.5944758317639676 0.0010858327052516664
255.0 1.60075329566855 0.0010858327052516664
256.0 1.6070307595731326 0.0010858327052516664
257.0 1.6133082234777154 0.0010858327052516664
258.0 1.6195856873822976 0.0010858327052516664
259.0 1.6258631512868804 0.0010858327052516664
260.0 1.6321406151914628 0.0010858327052516664
261.0 1.6384180790960454 0.0010858327052516664
262.0 1.6446955430006278 0.0010858327052516664
263.0 1.6509730069052104 0.0010858327052516664
264.0 1.6572504708097933 0.0010858327052516664
265.0 1.6635279347143754 0.0010858327052516664
266.0 1.6698053986189583 0.0010858327052516664
267.0 1.6760828625235407 0.0010858327052516664
268.0 1.6823603264281233 0.0010858327052516664
269.0 1.6886377903327057 0.0010858327052516664
270.0 1.6949152542372883 0.0010858327052516664
271.0 1.7011927181418707 0.0010858327052516664
272.0 1.7074701820464533 0.0010858327052516664
273.0 1.7137476459510361 0.0010858327052516664
274.0 1.7200251098556185 0.0010858327052516664
275.0 1.7263025737602011 0.0010858327052516664
276.0 1.7325800376647835 0.0010858327052516664
277.0 1.7388575015693661 0.0010858327052516664
278.0 1.7451349654739485 0.0010858327052516664
279.0 1.7514124293785311 0.0010858327052516664
280.0 1.757689893283114 0.0010858327052516664
281.0 1.7639673571876964 0.0010858327052516664
282.0 1.770244821092279 0.0010858327052516664
283.0 1.7765222849968614 0.0010858327052516664
284.0 1.782799748901444 0.0010858327052516664
285.0 1.7890772128060264 0.0010858327052516664
286.0 1.795354676710609 0.0010858327052516664
287.0 1.8016321406151918 0.0010858327052516664
288.0 1.8079096045197742 0.0010858327052516664
289.0 1.8141870684243568 0.0010858327052516664
290.0 1.8204645323289392 0.0010858327052516664
291.0 1.8267419962335218 0.0010858327052516664
292.0 1.8330194601381042 0.0010858327052516664
293.0 1.8392969240426869 0.0010858327052516664
294.0 1.8455743879472697 0.0010858327052516664
295.0 1.851851851851852 0.0010858327052516664
296.0 1.8581293157564347 0.0010858327052516664
297.0 1.864406779661017 0.0010858327052516664
298.0 1.8706842435655997 0.0010858327052516664
299.0 1.876961707470182 0.0010858327052516664
300.0 1.8832391713747647 0.0010858327052516664
301.0 1.889516635279347 0.0010858327052516664
302.0 1.89579409918393 0.0010858327052516664
303.0 1.9020715630885126 0.0010858327052516664
304.0 1.908349026993095 0.0010858327052516664
305.0 1.9146264908976776 0.0010858327052516664
306.0 1.92090395480226 0.0010858327052516664
307.0 1.9271814187068426 0.0010858327052516664
308.0 1.933458882611425 0.0010858327052516664
309.0 1.9397363465160078 0.0010858327052516664
310.0 1.9460138104205904 0.0010858327052516664
311.0 1.9522912743251728 0.0010858327052516664
312.0 1.9585687382297554 0.0010858327052516664
313.0 1.9648462021343378 0.0010858327052516664
314.0 1.9711236660389204 0.0010858327052516664
315.0 1.9774011299435028 0.0010858327052516664
316.0 1.9836785938480856 0.0010858327052516664
317.0 1.9899560577526683 0.0010858327052516664
318.0 1.9962335216572507 0.0010858327052516664
319.0 2.0025109855618335 0.0010858327052516664
320.0 2.0087884494664157 0.0010858327052516664
321.0 2.0150659133709983 0.0010858327052516664
322.0 2.021343377275581 0.0010858327052516664
323.0 2.0276208411801635 0.0010858327052516664
324.0 2.033898305084746 0.0010858327052516664
325.0 2.0401757689893283 0.0010858327052516664
326.0 2.0464532328939113 0.0010858327052516664
327.0 2.0527306967984935 0.0010858327052516664
328.0 2.059008160703076 0.0010858327052516664
329.0 2.0652856246076587 0.0010858327052516664
330.0 2.0715630885122414 0.0010858327052516664
331.0 2.0778405524168235 0.0010858327052516664
332.0 2.084118016321406 0.0010858327052516664
333.0 2.090395480225989 0.0010858327052516664
334.0 2.0966729441305714 0.0010858327052516664
335.0 2.102950408035154 0.0010858327052516664
336.0 2.1092278719397366 0.0010858327052516664
337.0 2.115505335844319 0.0010858327052516664
338.0 2.1217827997489014 0.0010858327052516664
339.0 2.128060263653484 0.0010858327052516664
340.0 2.134337727558067 0.0010858327052516664
341.0 2.1406151914626492 0.0010858327052516664
342.0 2.146892655367232 0.0010858327052516664
343.0 2.1531701192718145 0.0010858327052516664
344.0 2.159447583176397 0.0010858327052516664
345.0 2.1657250470809792 0.0010858327052516664
346.0 2.172002510985562 0.0010858327052516664
347.0 2.178279974890145 0.0010858327052516664
348.0 2.184557438794727 0.0010858327052516664
349.0 2.1908349026993097 0.0010858327052516664
350.0 2.1971123666038923 0.0010858327052516664
351.0 2.203389830508475 0.0010858327052516664
352.0 2.209667294413057 0.0010858327052516664
353.0 2.2159447583176397 0.0010858327052516664
354.0 2.2222222222222228 0.0010858327052516664
355.0 2.228499686126805 0.0010858327052516664
356.0 2.2347771500313875 0.0010858327052516664
357.0 2.24105461393597 0.0010858327052516664
358.0 2.2473320778405528 0.0010858327052516664
359.0 2.253609541745135 0.0010858327052516664
360.0 2.2598870056497176 0.0010858327052516664
361.0 2.2661644695543 0.0010858327052516664
362.0 2.272441933458883 0.0010858327052516664
363.0 2.2787193973634654 0.0010858327052516664
364.0 2.284996861268048 0.0010858327052516664
365.0 2.2912743251726306 0.0010858327052516664
366.0 2.297551789077213 0.0010858327052516664
367.0 2.3038292529817954 0.0010858327052516664
368.0 2.310106716886378 0.0010858327052516664
369.0 2.3163841807909606 0.0010858327052516664
370.0 2.3226616446955433 0.0010858327052516664
371.0 2.328939108600126 0.0010858327052516664
372.0 2.3352165725047085 0.0010858327052516664
373.0 2.3414940364092907 0.0010858327052516664
374.0 2.3477715003138733 0.0010858327052516664
375.0 2.354048964218456 0.0010858327052516664
376.0 2.3603264281230385 0.0010858327052516664
377.0 2.366603892027621 0.0010858327052516664
378.0 2.3728813559322037 0.0010858327052516664
379.0 2.3791588198367863 0.0010858327052516664
380.0 2.3854362837413685 0.0010858327052516664
381.0 2.391713747645951 0.0010858327052516664
382.0 2.3979912115505337 0.0010858327052516664
383.0 2.4042686754551164 0.0010858327052516664
384.0 2.410546139359699 0.0010858327052516664
385.0 2.4168236032642816 0.0010858327052516664
386.0 2.423101067168864 0.0010858327052516664
387.0 2.4293785310734464 0.0010858327052516664
388.0 2.4356559949780294 0.0010858327052516664
389.0 2.4419334588826116 0.0010858327052516664
390.0 2.448210922787194 0.0010858327052516664
391.0 2.454488386691777 0.0010858327052516664
392.0 2.4607658505963594 0.0010858327052516664
393.0 2.467043314500942 0.0010858327052516664
394.0 2.4733207784055242 0.0010858327052516664
395.0 2.4795982423101073 0.0010858327052516664
396.0 2.4858757062146895 0.0010858327052516664
397.0 2.492153170119272 0.0010858327052516664
398.0 2.4984306340238547 0.0010858327052516664
399.0 2.5047080979284373 0.0010858327052516664
400.0 2.51098556183302 0.0010858327052516664
401.0 2.517263025737602 0.0010858327052516664
402.0 2.523540489642185 0.0010858327052516664
403.0 2.5298179535467673 0.0010858327052516664
404.0 2.53609541745135 0.0010858327052516664
405.0 2.5423728813559325 0.0010858327052516664
406.0 2.548650345260515 0.0010858327052516664
407.0 2.5549278091650978 0.0010858327052516664
408.0 2.56120527306968 0.0010858327052516664
409.0 2.567482736974263 0.0010858327052516664
410.0 2.573760200878845 0.0010858327052516664
411.0 2.5800376647834278 0.0010858327052516664
412.0 2.5863151286880104 0.0010858327052516664
413.0 2.592592592592593 0.0010858327052516664
414.0 2.598870056497175 0.0010858327052516664
415.0 2.605147520401758 0.0010858327052516664
416.0 2.611424984306341 0.0010858327052516664
417.0 2.617702448210923 0.0010858327052516664
418.0 2.6239799121155056 0.0010858327052516664
419.0 2.6302573760200882 0.0010858327052516664
420.0 2.636534839924671 0.0010858327052516664
421.0 2.642812303829253 0.0010858327052516664
422.0 2.6490897677338356 0.0010858327052516664
423.0 2.6553672316384187 0.0010858327052516664
424.0 2.661644695543001 0.0010858327052516664
425.0 2.6679221594475835 0.0010858327052516664
426.0 2.674199623352166 0.0010858327052516664
427.0 2.6804770872567487 0.0010858327052516664
428.0 2.686754551161331 0.0010858327052516664
429.0 2.6930320150659135 0.0010858327052516664
430.0 2.6993094789704966 0.0010858327052516664
431.0 2.7055869428750787 0.0010858327052516664
432.0 2.7118644067796613 0.0010858327052516664
433.0 2.718141870684244 0.0010858327052516664
434.0 2.7244193345888266 0.0010858327052516664
435.0 2.7306967984934087 0.0010858327052516664
436.0 2.7369742623979914 0.0010858327052516664
437.0 2.7432517263025744 0.0010858327052516664
438.0 2.7495291902071566 0.0010858327052516664
439.0 2.755806654111739 0.0010858327052516664
440.0 2.762084118016322 0.0010858327052516664
441.0 2.7683615819209044 0.0010858327052516664
442.0 2.7746390458254866 0.0010858327052516664
443.0 2.780916509730069 0.0010858327052516664
444.0 2.787193973634652 0.0010858327052516664
445.0 2.7934714375392344 0.0010858327052516664
446.0 2.799748901443817 0.0010858327052516664
447.0 2.8060263653483997 0.0010858327052516664
448.0 2.8123038292529823 0.0010858327052516664
449.0 2.8185812931575644 0.0010858327052516664
450.0 2.824858757062147 0.0010858327052516664
451.0 2.8311362209667297 0.0010858327052516664
452.0 2.8374136848713123 0.0010858327052516664
453.0 2.843691148775895 0.0010858327052516664
454.0 2.8499686126804775 0.0010858327052516664
455.0 2.85624607658506 0.0010858327052516664
456.0 2.8625235404896423 0.0010858327052516664
457.0 2.868801004394225 0.0010858327052516664
458.0 2.8750784682988075 0.0010858327052516664
459.0 2.88135593220339 0.0010858327052516664
460.0 2.8876333961079728 0.0010858327052516664
461.0 2.8939108600125554 0.0010858327052516664
462.0 2.900188323917138 0.0010858327052516664
463.0 2.90646578782172 0.0010858327052516664
464.0 2.9127432517263028 0.0010858327052516664
465.0 2.9190207156308854 0.0010858327052516664
466.0 2.925298179535468 0.0010858327052516664
467.0 2.9315756434400506 0.0010858327052516664
468.0 2.9378531073446332 0.0010858327052516664
469.0 2.944130571249216 0.0010858327052516664
470.0 2.950408035153798 0.0010858327052516664
471.0 2.9566854990583806 0.0010858327052516664
472.0 2.9629629629629632 0.0010858327052516664
473.0 2.969240426867546 0.0010858327052516664
474.0 2.975517890772128 0.0010858327052516664
475.0 2.981795354676711 0.0010858327052516664
476.0 2.9880728185812937 0.0010858327052516664
477.0 2.994350282485876 0.0010858327052516664
478.0 3.0006277463904585 0.0010858327052516664
479.0 3.006905210295041 0.0010858327052516664
480.0 3.0131826741996237 0.0010858327052516664
481.0 3.019460138104206 0.0010858327052516664
482.0 3.025737602008789 0.0010858327052516664
483.0 3.0320150659133716 0.0010858327052516664
484.0 3.0382925298179537 0.0010858327052516664
485.0 3.0445699937225363 0.0010858327052516664
486.0 3.050847457627119 0.0010858327052516664
487.0 3.0571249215317016 0.0010858327052516664
488.0 3.0634023854362837 0.0010858327052516664
489.0 3.069679849340867 0.0010858327052516664
490.0 3.0759573132454494 0.0010858327052516664
491.0 3.0822347771500316 0.0010858327052516664
492.0 3.088512241054614 0.0010858327052516664
493.0 3.094789704959197 0.0010858327052516664
494.0 3.1010671688637794 0.0010858327052516664
495.0 3.1073446327683616 0.0010858327052516664
496.0 3.1136220966729447 0.0010858327052516664
497.0 3.1198995605775273 0.0010858327052516664
498.0 3.1261770244821094 0.0010858327052516664
499.0 3.132454488386692 0.0010858327052516664
500.0 3.1387319522912747 0.0010858327052516664
501.0 3.1450094161958573 0.0010858327052516664
502.0 3.1512868801004394 0.0010858327052516664
503.0 3.1575643440050225 0.0010858327052516664
504.0 3.1638418079096047 0.0010858327052516664
505.0 3.1701192718141873 0.0010858327052516664
506.0 3.17639673571877 0.0010858327052516664
507.0 3.1826741996233525 0.0010858327052516664
508.0 3.188951663527935 0.0010858327052516664
509.0 3.1952291274325173 0.0010858327052516664
510.0 3.2015065913371 0.0010858327052516664
511.0 3.2077840552416825 0.0010858327052516664
512.0 3.214061519146265 0.0010858327052516664
513.0 3.2203389830508478 0.0010858327052516664
514.0 3.226616446955431 0.0010858327052516664
515.0 3.2328939108600125 0.0010858327052516664
516.0 3.239171374764595 0.0010858327052516664
517.0 3.245448838669178 0.0010858327052516664
518.0 3.251726302573761 0.0010858327052516664
519.0 3.2580037664783426 0.0010858327052516664
520.0 3.2642812303829256 0.0010858327052516664
521.0 3.2705586942875082 0.0010858327052516664
522.0 3.276836158192091 0.0010858327052516664
523.0 3.2831136220966735 0.0010858327052516664
524.0 3.2893910860012556 0.0010858327052516664
525.0 3.2956685499058382 0.0010858327052516664
526.0 3.301946013810421 0.0010858327052516664
527.0 3.3082234777150035 0.0010858327052516664
528.0 3.3145009416195865 0.0010858327052516664
529.0 3.3207784055241683 0.0010858327052516664
530.0 3.327055869428751 0.0010858327052516664
531.0 3.333333333333334 0.0010858327052516664
532.0 3.3396107972379165 0.0010858327052516664
533.0 3.3458882611424983 0.0010858327052516664
534.0 3.3521657250470813 0.0010858327052516664
535.0 3.358443188951664 0.0010858327052516664
536.0 3.3647206528562466 0.0010858327052516664
537.0 3.370998116760829 0.0010858327052516664
538.0 3.3772755806654113 0.0010858327052516664
539.0 3.383553044569994 0.0010858327052516664
540.0 3.3898305084745766 0.0010858327052516664
541.0 3.396107972379159 0.0010858327052516664
542.0 3.4023854362837413 0.0010858327052516664
543.0 3.408662900188324 0.0010858327052516664
544.0 3.4149403640929066 0.0010858327052516664
545.0 3.4212178279974896 0.0010858327052516664
546.0 3.4274952919020722 0.0010858327052516664
547.0 3.433772755806654 0.0010858327052516664
548.0 3.440050219711237 0.0010858327052516664
549.0 3.4463276836158196 0.0010858327052516664
550.0 3.4526051475204023 0.0010858327052516664
551.0 3.458882611424985 0.0010858327052516664
552.0 3.465160075329567 0.0010858327052516664
553.0 3.4714375392341497 0.0010858327052516664
554.0 3.4777150031387323 0.0010858327052516664
555.0 3.483992467043315 0.0010858327052516664
556.0 3.490269930947897 0.0010858327052516664
557.0 3.4965473948524797 0.0010858327052516664
558.0 3.5028248587570623 0.0010858327052516664
559.0 3.5091023226616453 0.0010858327052516664
560.0 3.515379786566228 0.0010858327052516664
561.0 3.5216572504708097 0.0010858327052516664
562.0 3.5279347143753927 0.0010858327052516664
563.0 3.5342121782799754 0.0010858327052516664
564.0 3.540489642184558 0.0010858327052516664
565.0 3.5467671060891406 0.0010858327052516664
566.0 3.5530445699937228 0.0010858327052516664
567.0 3.5593220338983054 0.0010858327052516664
568.0 3.565599497802888 0.0010858327052516664
569.0 3.5718769617074706 0.0010858327052516664
570.0 3.5781544256120528 0.0010858327052516664
571.0 3.5844318895166354 0.0010858327052516664
572.0 3.590709353421218 0.0010858327052516664
573.0 3.596986817325801 0.0010858327052516664
574.0 3.6032642812303837 0.0010858327052516664
575.0 3.6095417451349654 0.0010858327052516664
576.0 3.6158192090395485 0.0010858327052516664
577.0 3.622096672944131 0.0010858327052516664
578.0 3.6283741368487137 0.0010858327052516664
579.0 3.634651600753296 0.0010858327052516664
580.0 3.6409290646578785 0.0010858327052516664
581.0 3.647206528562461 0.0010858327052516664
582.0 3.6534839924670437 0.0010858327052516664
583.0 3.6597614563716263 0.0010858327052516664
584.0 3.6660389202762085 0.0010858327052516664
585.0 3.672316384180791 0.0010858327052516664
586.0 3.6785938480853737 0.0010858327052516664
587.0 3.6848713119899568 0.0010858327052516664
588.0 3.6911487758945394 0.0010858327052516664
589.0 3.697426239799121 0.0010858327052516664
590.0 3.703703703703704 0.0010858327052516664
591.0 3.709981167608287 0.0010858327052516664
592.0 3.7162586315128694 0.0010858327052516664
593.0 3.7225360954174516 0.0010858327052516664
594.0 3.728813559322034 0.0010858327052516664
595.0 3.735091023226617 0.0010858327052516664
596.0 3.7413684871311994 0.0010858327052516664
597.0 3.747645951035782 0.0010858327052516664
598.0 3.753923414940364 0.0010858327052516664
599.0 3.760200878844947 0.0010858327052516664
600.0 3.7664783427495294 0.0010858327052516664
601.0 3.7727558066541125 0.0010858327052516664
602.0 3.779033270558694 0.0010858327052516664
603.0 3.785310734463277 0.0010858327052516664
604.0 3.79158819836786 0.0010858327052516664
605.0 3.7978656622724425 0.0010858327052516664
606.0 3.804143126177025 0.0010858327052516664
607.0 3.8104205900816073 0.0010858327052516664
608.0 3.81669805398619 0.0010858327052516664
609.0 3.8229755178907725 0.0010858327052516664
610.0 3.829252981795355 0.0010858327052516664
611.0 3.8355304456999377 0.0010858327052516664
612.0 3.84180790960452 0.0010858327052516664
613.0 3.8480853735091025 0.0010858327052516664
614.0 3.854362837413685 0.0010858327052516664
615.0 3.860640301318268 0.0010858327052516664
616.0 3.86691776522285 0.0010858327052516664
617.0 3.8731952291274325 0.0010858327052516664
618.0 3.8794726930320156 0.0010858327052516664
619.0 3.885750156936598 0.0010858327052516664
620.0 3.892027620841181 0.0010858327052516664
621.0 3.898305084745763 0.0010858327052516664
622.0 3.9045825486503456 0.0010858327052516664
623.0 3.910860012554928 0.0010858327052516664
624.0 3.917137476459511 0.0010858327052516664
625.0 3.9234149403640934 0.0010858327052516664
626.0 3.9296924042686756 0.0010858327052516664
627.0 3.9359698681732582 0.0010858327052516664
628.0 3.942247332077841 0.0010858327052516664
629.0 3.948524795982424 0.0010858327052516664
630.0 3.9548022598870056 0.0010858327052516664
631.0 3.9610797237915882 0.0010858327052516664
632.0 3.9673571876961713 0.0010858327052516664
633.0 3.973634651600754 0.0010858327052516664
634.0 3.9799121155053365 0.0010858327052516664
635.0 3.9861895794099187 0.0010858327052516664
636.0 3.9924670433145013 0.0010858327052516664
637.0 3.998744507219084 0.0010858327052516664
638.0 4.005021971123667 0.0010858327052516664
639.0 4.011299435028248 0.0010858327052516664
640.0 4.017576898932831 0.0010858327052516664
641.0 4.023854362837414 0.0010858327052516664
642.0 4.0301318267419965 0.0010858327052516664
643.0 4.03640929064658 0.0010858327052516664
644.0 4.042686754551162 0.0010858327052516664
645.0 4.048964218455744 0.0010858327052516664
646.0 4.055241682360327 0.0010858327052516664
647.0 4.061519146264909 0.0010858327052516664
648.0 4.067796610169492 0.0010858327052516664
649.0 4.074074074074074 0.0010858327052516664
650.0 4.080351537978657 0.0010858327052516664
651.0 4.08662900188324 0.0010858327052516664
652.0 4.092906465787823 0.0010858327052516664
653.0 4.099183929692404 0.0010858327052516664
654.0 4.105461393596987 0.0010858327052516664
655.0 4.11173885750157 0.0010858327052516664
656.0 4.118016321406152 0.0010858327052516664
657.0 4.124293785310735 0.0010858327052516664
658.0 4.1305712492153175 0.0010858327052516664
659.0 4.1368487131199 0.0010858327052516664
660.0 4.143126177024483 0.0010858327052516664
661.0 4.149403640929065 0.0010858327052516664
662.0 4.155681104833647 0.0010858327052516664
663.0 4.16195856873823 0.0010858327052516664
664.0 4.168236032642812 0.0010858327052516664
665.0 4.174513496547395 0.0010858327052516664
666.0 4.180790960451978 0.0010858327052516664
667.0 4.18706842435656 0.0010858327052516664
668.0 4.193345888261143 0.0010858327052516664
669.0 4.199623352165726 0.0010858327052516664
670.0 4.205900816070308 0.0010858327052516664
671.0 4.212178279974891 0.0010858327052516664
672.0 4.218455743879473 0.0010858327052516664
673.0 4.224733207784055 0.0010858327052516664
674.0 4.231010671688638 0.0010858327052516664
675.0 4.237288135593221 0.0010858327052516664
676.0 4.243565599497803 0.0010858327052516664
677.0 4.249843063402386 0.0010858327052516664
678.0 4.256120527306968 0.0010858327052516664
679.0 4.262397991211551 0.0010858327052516664
680.0 4.268675455116134 0.0010858327052516664
681.0 4.274952919020715 0.0010858327052516664
682.0 4.2812303829252984 0.0010858327052516664
683.0 4.2875078468298815 0.0010858327052516664
684.0 4.293785310734464 0.0010858327052516664
685.0 4.300062774639046 0.0010858327052516664
686.0 4.306340238543629 0.0010858327052516664
687.0 4.312617702448211 0.0010858327052516664
688.0 4.318895166352794 0.0010858327052516664
689.0 4.325172630257376 0.0010858327052516664
690.0 4.3314500941619585 0.0010858327052516664
691.0 4.3377275580665415 0.0010858327052516664
692.0 4.344005021971124 0.0010858327052516664
693.0 4.350282485875707 0.0010858327052516664
694.0 4.35655994978029 0.0010858327052516664
695.0 4.362837413684871 0.0010858327052516664
696.0 4.369114877589454 0.0010858327052516664
697.0 4.375392341494037 0.0010858327052516664
698.0 4.381669805398619 0.0010858327052516664
699.0 4.387947269303202 0.0010858327052516664
700.0 4.394224733207785 0.0010858327052516664
701.0 4.400502197112367 0.0010858327052516664
702.0 4.40677966101695 0.0010858327052516664
703.0 4.413057124921532 0.0010858327052516664
704.0 4.419334588826114 0.0010858327052516664
705.0 4.425612052730697 0.0010858327052516664
706.0 4.431889516635279 0.0010858327052516664
707.0 4.4381669805398625 0.0010858327052516664
708.0 4.4444444444444455 0.0010858327052516664
709.0 4.450721908349027 0.0010858327052516664
710.0 4.45699937225361 0.0010858327052516664
711.0 4.463276836158193 0.0010858327052516664
712.0 4.469554300062775 0.0010858327052516664
713.0 4.475831763967357 0.0010858327052516664
714.0 4.48210922787194 0.0010858327052516664
715.0 4.4883866917765225 0.0010858327052516664
716.0 4.4946641556811056 0.0010858327052516664
717.0 4.500941619585688 0.0010858327052516664
718.0 4.50721908349027 0.0010858327052516664
719.0 4.513496547394853 0.0010858327052516664
720.0 4.519774011299435 0.0010858327052516664
721.0 4.526051475204018 0.0010858327052516664
722.0 4.5323289391086 0.0010858327052516664
723.0 4.5386064030131825 0.0010858327052516664
724.0 4.544883866917766 0.0010858327052516664
725.0 4.551161330822349 0.0010858327052516664
726.0 4.557438794726931 0.0010858327052516664
727.0 4.563716258631513 0.0010858327052516664
728.0 4.569993722536096 0.0010858327052516664
729.0 4.576271186440678 0.0010858327052516664
730.0 4.582548650345261 0.0010858327052516664
731.0 4.588826114249843 0.0010858327052516664
732.0 4.595103578154426 0.0010858327052516664
733.0 4.601381042059009 0.0010858327052516664
734.0 4.607658505963591 0.0010858327052516664
735.0 4.613935969868174 0.0010858327052516664
736.0 4.620213433772756 0.0010858327052516664
737.0 4.626490897677338 0.0010858327052516664
738.0 4.632768361581921 0.0010858327052516664
739.0 4.639045825486504 0.0010858327052516664
740.0 4.6453232893910865 0.0010858327052516664
741.0 4.651600753295669 0.0010858327052516664
742.0 4.657878217200252 0.0010858327052516664
743.0 4.664155681104834 0.0010858327052516664
744.0 4.670433145009417 0.0010858327052516664
745.0 4.676710608913999 0.0010858327052516664
746.0 4.682988072818581 0.0010858327052516664
747.0 4.689265536723164 0.0010858327052516664
748.0 4.6955430006277465 0.0010858327052516664
749.0 4.70182046453233 0.0010858327052516664
750.0 4.708097928436912 0.0010858327052516664
751.0 4.714375392341494 0.0010858327052516664
752.0 4.720652856246077 0.0010858327052516664
753.0 4.72693032015066 0.0010858327052516664
754.0 4.733207784055242 0.0010858327052516664
755.0 4.739485247959824 0.0010858327052516664
756.0 4.7457627118644075 0.0010858327052516664
757.0 4.75204017576899 0.0010858327052516664
758.0 4.758317639673573 0.0010858327052516664
759.0 4.764595103578155 0.0010858327052516664
760.0 4.770872567482737 0.0010858327052516664
761.0 4.77715003138732 0.0010858327052516664
762.0 4.783427495291902 0.0010858327052516664
763.0 4.789704959196485 0.0010858327052516664
764.0 4.7959824231010675 0.0010858327052516664
765.0 4.8022598870056505 0.0010858327052516664
766.0 4.808537350910233 0.0010858327052516664
767.0 4.814814814814816 0.0010858327052516664
768.0 4.821092278719398 0.0010858327052516664
769.0 4.82736974262398 0.0010858327052516664
770.0 4.833647206528563 0.0010858327052516664
771.0 4.839924670433145 0.0010858327052516664
772.0 4.846202134337728 0.0010858327052516664
773.0 4.852479598242311 0.0010858327052516664
774.0 4.858757062146893 0.0010858327052516664
775.0 4.865034526051476 0.0010858327052516664
776.0 4.871311989956059 0.0010858327052516664
777.0 4.877589453860641 0.0010858327052516664
778.0 4.883866917765223 0.0010858327052516664
779.0 4.890144381669806 0.0010858327052516664
780.0 4.896421845574388 0.0010858327052516664
781.0 4.9026993094789715 0.0010858327052516664
782.0 4.908976773383554 0.0010858327052516664
783.0 4.915254237288136 0.0010858327052516664
784.0 4.921531701192719 0.0010858327052516664
785.0 4.927809165097301 0.0010858327052516664
786.0 4.934086629001884 0.0010858327052516664
787.0 4.940364092906466 0.0010858327052516664
788.0 4.9466415568110484 0.0010858327052516664
789.0 4.9529190207156315 0.0010858327052516664
790.0 4.959196484620215 0.0010858327052516664
791.0 4.965473948524797 0.0010858327052516664
792.0 4.971751412429379 0.0010858327052516664
793.0 4.978028876333962 0.0010858327052516664
794.0 4.984306340238544 0.0010858327052516664
795.0 4.990583804143127 0.0010858327052516664
796.0 4.996861268047709 0.0010858327052516664
797.0 5.0031387319522915 0.0010858327052516664
798.0 5.009416195856875 0.0010858327052516664
799.0 5.015693659761457 0.0010858327052516664
800.0 5.02197112366604 0.0010858327052516664
801.0 5.028248587570622 0.0010858327052516664
802.0 5.034526051475204 0.0010858327052516664
803.0 5.040803515379787 0.0010858327052516664
804.0 5.04708097928437 0.0010858327052516664
805.0 5.0533584431889516 0.0010858327052516664
806.0 5.059635907093535 0.0010858327052516664
807.0 5.065913370998118 0.0010858327052516664
808.0 5.0721908349027 0.0010858327052516664
809.0 5.078468298807283 0.0010858327052516664
810.0 5.084745762711865 0.0010858327052516664
811.0 5.091023226616447 0.0010858327052516664
812.0 5.09730069052103 0.0010858327052516664
813.0 5.1035781544256125 0.0010858327052516664
814.0 5.1098556183301955 0.0010858327052516664
815.0 5.116133082234778 0.0010858327052516664
816.0 5.12241054613936 0.0010858327052516664
817.0 5.128688010043943 0.0010858327052516664
818.0 5.134965473948526 0.0010858327052516664
819.0 5.141242937853107 0.0010858327052516664
820.0 5.14752040175769 0.0010858327052516664
821.0 5.153797865662273 0.0010858327052516664
822.0 5.1600753295668556 0.0010858327052516664
823.0 5.166352793471439 0.0010858327052516664
824.0 5.172630257376021 0.0010858327052516664
825.0 5.178907721280603 0.0010858327052516664
826.0 5.185185185185186 0.0010858327052516664
827.0 5.191462649089768 0.0010858327052516664
828.0 5.19774011299435 0.0010858327052516664
829.0 5.204017576898933 0.0010858327052516664
830.0 5.210295040803516 0.0010858327052516664
831.0 5.216572504708099 0.0010858327052516664
832.0 5.222849968612682 0.0010858327052516664
833.0 5.229127432517263 0.0010858327052516664
834.0 5.235404896421846 0.0010858327052516664
835.0 5.241682360326429 0.0010858327052516664
836.0 5.247959824231011 0.0010858327052516664
837.0 5.254237288135594 0.0010858327052516664
838.0 5.2605147520401765 0.0010858327052516664
839.0 5.266792215944759 0.0010858327052516664
840.0 5.273069679849342 0.0010858327052516664
841.0 5.279347143753924 0.0010858327052516664
842.0 5.285624607658506 0.0010858327052516664
843.0 5.291902071563089 0.0010858327052516664
844.0 5.298179535467671 0.0010858327052516664
845.0 5.304456999372254 0.0010858327052516664
846.0 5.310734463276837 0.0010858327052516664
847.0 5.317011927181419 0.0010858327052516664
848.0 5.323289391086002 0.0010858327052516664
849.0 5.329566854990585 0.0010858327052516664
850.0 5.335844318895167 0.0010858327052516664
851.0 5.34212178279975 0.0010858327052516664
852.0 5.348399246704332 0.0010858327052516664
853.0 5.354676710608914 0.0010858327052516664
854.0 5.360954174513497 0.0010858327052516664
855.0 5.36723163841808 0.0010858327052516664
856.0 5.373509102322662 0.0010858327052516664
857.0 5.379786566227245 0.0010858327052516664
858.0 5.386064030131827 0.0010858327052516664
859.0 5.39234149403641 0.0010858327052516664
860.0 5.398618957940993 0.0010858327052516664
861.0 5.404896421845574 0.0010858327052516664
862.0 5.4111738857501575 0.0010858327052516664
863.0 5.4174513496547405 0.0010858327052516664
864.0 5.423728813559323 0.0010858327052516664
865.0 5.430006277463905 0.0010858327052516664
866.0 5.436283741368488 0.0010858327052516664
867.0 5.44256120527307 0.0010858327052516664
868.0 5.448838669177653 0.0010858327052516664
869.0 5.455116133082235 0.0010858327052516664
870.0 5.4613935969868175 0.0010858327052516664
871.0 5.4676710608914005 0.0010858327052516664
872.0 5.473948524795983 0.0010858327052516664
873.0 5.480225988700566 0.0010858327052516664
874.0 5.486503452605149 0.0010858327052516664
875.0 5.49278091650973 0.0010858327052516664
876.0 5.499058380414313 0.0010858327052516664
877.0 5.505335844318896 0.0010858327052516664
878.0 5.511613308223478 0.0010858327052516664
879.0 5.517890772128061 0.0010858327052516664
880.0 5.524168236032644 0.0010858327052516664
881.0 5.530445699937226 0.0010858327052516664
882.0 5.536723163841809 0.0010858327052516664
883.0 5.543000627746391 0.0010858327052516664
884.0 5.549278091650973 0.0010858327052516664
885.0 5.555555555555556 0.0010858327052516664
886.0 5.561833019460138 0.0010858327052516664
887.0 5.5681104833647215 0.0010858327052516664
888.0 5.574387947269304 0.0010858327052516664
889.0 5.580665411173886 0.0010858327052516664
890.0 5.586942875078469 0.0010858327052516664
891.0 5.593220338983052 0.0010858327052516664
892.0 5.599497802887634 0.0010858327052516664
893.0 5.605775266792216 0.0010858327052516664
894.0 5.612052730696799 0.0010858327052516664
895.0 5.6183301946013815 0.0010858327052516664
896.0 5.624607658505965 0.0010858327052516664
897.0 5.630885122410547 0.0010858327052516664
898.0 5.637162586315129 0.0010858327052516664
899.0 5.643440050219712 0.0010858327052516664
900.0 5.649717514124294 0.0010858327052516664
901.0 5.655994978028877 0.0010858327052516664
902.0 5.662272441933459 0.0010858327052516664
903.0 5.6685499058380415 0.0010858327052516664
904.0 5.674827369742625 0.0010858327052516664
905.0 5.681104833647208 0.0010858327052516664
906.0 5.68738229755179 0.0010858327052516664
907.0 5.693659761456372 0.0010858327052516664
908.0 5.699937225360955 0.0010858327052516664
909.0 5.706214689265537 0.0010858327052516664
910.0 5.71249215317012 0.0010858327052516664
911.0 5.718769617074702 0.0010858327052516664
912.0 5.725047080979285 0.0010858327052516664
913.0 5.731324544883868 0.0010858327052516664
914.0 5.73760200878845 0.0010858327052516664
915.0 5.743879472693033 0.0010858327052516664
916.0 5.750156936597615 0.0010858327052516664
917.0 5.756434400502197 0.0010858327052516664
918.0 5.76271186440678 0.0010858327052516664
919.0 5.768989328311363 0.0010858327052516664
920.0 5.7752667922159455 0.0010858327052516664
921.0 5.781544256120528 0.0010858327052516664
922.0 5.787821720025111 0.0010858327052516664
923.0 5.794099183929693 0.0010858327052516664
924.0 5.800376647834276 0.0010858327052516664
925.0 5.806654111738858 0.0010858327052516664
926.0 5.81293157564344 0.0010858327052516664
927.0 5.819209039548023 0.0010858327052516664
928.0 5.8254865034526055 0.0010858327052516664
929.0 5.831763967357189 0.0010858327052516664
930.0 5.838041431261771 0.0010858327052516664
931.0 5.844318895166353 0.0010858327052516664
932.0 5.850596359070936 0.0010858327052516664
933.0 5.856873822975519 0.0010858327052516664
934.0 5.863151286880101 0.0010858327052516664
935.0 5.869428750784683 0.0010858327052516664
936.0 5.8757062146892665 0.0010858327052516664
937.0 5.881983678593849 0.0010858327052516664
938.0 5.888261142498432 0.0010858327052516664
939.0 5.894538606403014 0.0010858327052516664
940.0 5.900816070307596 0.0010858327052516664
941.0 5.907093534212179 0.0010858327052516664
942.0 5.913370998116761 0.0010858327052516664
943.0 5.919648462021344 0.0010858327052516664
944.0 5.9259259259259265 0.0010858327052516664
945.0 5.932203389830509 0.0010858327052516664
946.0 5.938480853735092 0.0010858327052516664
947.0 5.944758317639675 0.0010858327052516664
948.0 5.951035781544256 0.0010858327052516664
949.0 5.957313245448839 0.0010858327052516664
950.0 5.963590709353422 0.0010858327052516664
951.0 5.969868173258004 0.0010858327052516664
952.0 5.976145637162587 0.0010858327052516664
953.0 5.98242310106717 0.0010858327052516664
954.0 5.988700564971752 0.0010858327052516664
955.0 5.994978028876335 0.0010858327052516664
956.0 6.001255492780917 0.0010858327052516664
957.0 6.0075329566855 0.0010858327052516664
958.0 6.013810420590082 0.0010858327052516664
959.0 6.020087884494664 0.0010858327052516664
960.0 6.026365348399247 0.0010858327052516664
961.0 6.0326428123038305 0.0010858327052516664
962.0 6.038920276208412 0.0010858327052516664
963.0 6.045197740112995 0.0010858327052516664
964.0 6.051475204017578 0.0010858327052516664
965.0 6.05775266792216 0.0010858327052516664
966.0 6.064030131826743 0.0010858327052516664
967.0 6.070307595731325 0.0010858327052516664
968.0 6.0765850596359074 0.0010858327052516664
969.0 6.0828625235404905 0.0010858327052516664
970.0 6.089139987445073 0.0010858327052516664
971.0 6.095417451349655 0.0010858327052516664
972.0 6.101694915254238 0.0010858327052516664
973.0 6.10797237915882 0.0010858327052516664
974.0 6.114249843063403 0.0010858327052516664
975.0 6.120527306967986 0.0010858327052516664
976.0 6.1268047708725675 0.0010858327052516664
977.0 6.1330822347771505 0.0010858327052516664
978.0 6.139359698681734 0.0010858327052516664
979.0 6.145637162586316 0.0010858327052516664
980.0 6.151914626490899 0.0010858327052516664
981.0 6.158192090395481 0.0010858327052516664
982.0 6.164469554300063 0.0010858327052516664
983.0 6.170747018204646 0.0010858327052516664
984.0 6.177024482109228 0.0010858327052516664
985.0 6.183301946013811 0.0010858327052516664
986.0 6.189579409918394 0.0010858327052516664
987.0 6.195856873822976 0.0010858327052516664
988.0 6.202134337727559 0.0010858327052516664
989.0 6.208411801632142 0.0010858327052516664
990.0 6.214689265536723 0.0010858327052516664
991.0 6.220966729441306 0.0010858327052516664
992.0 6.227244193345889 0.0010858327052516664
993.0 6.2335216572504715 0.0010858327052516664
994.0 6.2397991211550545 0.0010858327052516664
995.0 6.246076585059637 0.0010858327052516664
996.0 6.252354048964219 0.0010858327052516664
997.0 6.258631512868802 0.0010858327052516664
998.0 6.264908976773384 0.0010858327052516664
999.0 6.271186440677966 0.0010858327052516664
1000.0 6.277463904582549 0.0010858327052516664
1001.0 6.2837413684871315 0.0010858327052516664
1002.0 6.2900188323917146 0.0010858327052516664
1003.0 6.296296296296298 0.0010858327052516664
1004.0 6.302573760200879 0.0010858327052516664
1005.0 6.308851224105462 0.0010858327052516664
1006.0 6.315128688010045 0.0010858327052516664
1007.0 6.321406151914627 0.0010858327052516664
1008.0 6.327683615819209 0.0010858327052516664
1009.0 6.333961079723792 0.0010858327052516664
1010.0 6.340238543628375 0.0010858327052516664
1011.0 6.346516007532958 0.0010858327052516664
1012.0 6.35279347143754 0.0010858327052516664
1013.0 6.359070935342122 0.0010858327052516664
1014.0 6.365348399246705 0.0010858327052516664
1015.0 6.371625863151287 0.0010858327052516664
1016.0 6.37790332705587 0.0010858327052516664
1017.0 6.384180790960453 0.0010858327052516664
1018.0 6.390458254865035 0.0010858327052516664
1019.0 6.396735718769618 0.0010858327052516664
1020.0 6.4030131826742 0.0010858327052516664
1021.0 6.409290646578782 0.0010858327052516664
1022.0 6.415568110483365 0.0010858327052516664
1023.0 6.421845574387948 0.0010858327052516664
1024.0 6.42812303829253 0.0010858327052516664
1025.0 6.434400502197113 0.0010858327052516664
1026.0 6.4406779661016955 0.0010858327052516664
1027.0 6.446955430006279 0.0010858327052516664
1028.0 6.453232893910862 0.0010858327052516664
1029.0 6.459510357815443 0.0010858327052516664
1030.0 6.465787821720025 0.0010858327052516664
1031.0 6.472065285624608 0.0010858327052516664
1032.0 6.47834274952919 0.0010858327052516664
1033.0 6.484620213433773 0.0010858327052516664
1034.0 6.490897677338356 0.0010858327052516664
1035.0 6.497175141242939 0.0010858327052516664
1036.0 6.503452605147522 0.0010858327052516664
1037.0 6.509730069052104 0.0010858327052516664
1038.0 6.516007532956685 0.0010858327052516664
1039.0 6.522284996861268 0.0010858327052516664
1040.0 6.528562460765851 0.0010858327052516664
1041.0 6.534839924670433 0.0010858327052516664
1042.0 6.5411173885750165 0.0010858327052516664
1043.0 6.547394852479599 0.0010858327052516664
1044.0 6.553672316384182 0.0010858327052516664
1045.0 6.559949780288765 0.0010858327052516664
1046.0 6.566227244193347 0.0010858327052516664
1047.0 6.57250470809793 0.0010858327052516664
1048.0 6.578782172002511 0.0010858327052516664
1049.0 6.585059635907093 0.0010858327052516664
1050.0 6.5913370998116765 0.0010858327052516664
1051.0 6.5976145637162595 0.0010858327052516664
1052.0 6.603892027620842 0.0010858327052516664
1053.0 6.610169491525425 0.0010858327052516664
1054.0 6.616446955430007 0.0010858327052516664
1055.0 6.62272441933459 0.0010858327052516664
1056.0 6.629001883239173 0.0010858327052516664
1057.0 6.635279347143754 0.0010858327052516664
1058.0 6.6415568110483365 0.0010858327052516664
1059.0 6.64783427495292 0.0010858327052516664
1060.0 6.654111738857502 0.0010858327052516664
1061.0 6.660389202762085 0.0010858327052516664
1062.0 6.666666666666668 0.0010858327052516664
1063.0 6.67294413057125 0.0010858327052516664
1064.0 6.679221594475833 0.0010858327052516664
1065.0 6.685499058380415 0.0010858327052516664
1066.0 6.6917765222849965 0.0010858327052516664
1067.0 6.69805398618958 0.0010858327052516664
1068.0 6.704331450094163 0.0010858327052516664
1069.0 6.710608913998745 0.0010858327052516664
1070.0 6.716886377903328 0.0010858327052516664
1071.0 6.72316384180791 0.0010858327052516664
1072.0 6.729441305712493 0.0010858327052516664
1073.0 6.735718769617076 0.0010858327052516664
1074.0 6.741996233521658 0.0010858327052516664
1075.0 6.74827369742624 0.0010858327052516664
1076.0 6.754551161330823 0.0010858327052516664
1077.0 6.760828625235405 0.0010858327052516664
1078.0 6.767106089139988 0.0010858327052516664
1079.0 6.773383553044571 0.0010858327052516664
1080.0 6.779661016949153 0.0010858327052516664
1081.0 6.785938480853736 0.0010858327052516664
1082.0 6.792215944758318 0.0010858327052516664
1083.0 6.798493408662901 0.0010858327052516664
1084.0 6.804770872567483 0.0010858327052516664
1085.0 6.811048336472066 0.0010858327052516664
1086.0 6.817325800376648 0.0010858327052516664
1087.0 6.823603264281231 0.0010858327052516664
1088.0 6.829880728185813 0.0010858327052516664
1089.0 6.836158192090396 0.0010858327052516664
1090.0 6.842435655994979 0.0010858327052516664
1091.0 6.848713119899561 0.0010858327052516664
1092.0 6.8549905838041445 0.0010858327052516664
1093.0 6.861268047708727 0.0010858327052516664
1094.0 6.867545511613308 0.0010858327052516664
1095.0 6.873822975517891 0.0010858327052516664
1096.0 6.880100439422474 0.0010858327052516664
1097.0 6.886377903327056 0.0010858327052516664
1098.0 6.892655367231639 0.0010858327052516664
1099.0 6.8989328311362215 0.0010858327052516664
1100.0 6.9052102950408045 0.0010858327052516664
1101.0 6.911487758945388 0.0010858327052516664
1102.0 6.91776522284997 0.0010858327052516664
1103.0 6.924042686754551 0.0010858327052516664
1104.0 6.930320150659134 0.0010858327052516664
1105.0 6.936597614563716 0.0010858327052516664
1106.0 6.942875078468299 0.0010858327052516664
1107.0 6.949152542372882 0.0010858327052516664
1108.0 6.9554300062774645 0.0010858327052516664
1109.0 6.961707470182048 0.0010858327052516664
1110.0 6.96798493408663 0.0010858327052516664
1111.0 6.974262397991213 0.0010858327052516664
1112.0 6.980539861895794 0.0010858327052516664
1113.0 6.986817325800377 0.0010858327052516664
1114.0 6.993094789704959 0.0010858327052516664
1115.0 6.999372253609542 0.0010858327052516664
1116.0 7.005649717514125 0.0010858327052516664
1117.0 7.011927181418708 0.0010858327052516664
1118.0 7.018204645323291 0.0010858327052516664
1119.0 7.024482109227873 0.0010858327052516664
1120.0 7.030759573132456 0.0010858327052516664
1121.0 7.037037037037037 0.0010858327052516664
1122.0 7.043314500941619 0.0010858327052516664
1123.0 7.049591964846202 0.0010858327052516664
1124.0 7.0558694287507855 0.0010858327052516664
1125.0 7.062146892655368 0.0010858327052516664
1126.0 7.068424356559951 0.0010858327052516664
1127.0 7.074701820464533 0.0010858327052516664
1128.0 7.080979284369116 0.0010858327052516664
1129.0 7.087256748273699 0.0010858327052516664
1130.0 7.093534212178281 0.0010858327052516664
1131.0 7.0998116760828625 0.0010858327052516664
1132.0 7.1060891399874455 0.0010858327052516664
1133.0 7.112366603892028 0.0010858327052516664
1134.0 7.118644067796611 0.0010858327052516664
1135.0 7.124921531701194 0.0010858327052516664
1136.0 7.131198995605776 0.0010858327052516664
1137.0 7.137476459510359 0.0010858327052516664
1138.0 7.143753923414941 0.0010858327052516664
1139.0 7.150031387319524 0.0010858327052516664
1140.0 7.1563088512241055 0.0010858327052516664
1141.0 7.162586315128689 0.0010858327052516664
1142.0 7.168863779033271 0.0010858327052516664
1143.0 7.175141242937854 0.0010858327052516664
1144.0 7.181418706842436 0.0010858327052516664
1145.0 7.187696170747019 0.0010858327052516664
1146.0 7.193973634651602 0.0010858327052516664
1147.0 7.200251098556184 0.0010858327052516664
1148.0 7.206528562460767 0.0010858327052516664
1149.0 7.212806026365349 0.0010858327052516664
1150.0 7.219083490269931 0.0010858327052516664
1151.0 7.225360954174514 0.0010858327052516664
1152.0 7.231638418079097 0.0010858327052516664
1153.0 7.237915881983679 0.0010858327052516664
1154.0 7.244193345888262 0.0010858327052516664
1155.0 7.250470809792844 0.0010858327052516664
1156.0 7.256748273697427 0.0010858327052516664
1157.0 7.26302573760201 0.0010858327052516664
1158.0 7.269303201506592 0.0010858327052516664
1159.0 7.275580665411174 0.0010858327052516664
1160.0 7.281858129315757 0.0010858327052516664
1161.0 7.288135593220339 0.0010858327052516664
1162.0 7.294413057124922 0.0010858327052516664
1163.0 7.300690521029505 0.0010858327052516664
1164.0 7.306967984934087 0.0010858327052516664
1165.0 7.3132454488386704 0.0010858327052516664
1166.0 7.319522912743253 0.0010858327052516664
1167.0 7.325800376647834 0.0010858327052516664
1168.0 7.332077840552417 0.0010858327052516664
1169.0 7.338355304457 0.0010858327052516664
1170.0 7.344632768361582 0.0010858327052516664
1171.0 7.350910232266165 0.0010858327052516664
1172.0 7.357187696170747 0.0010858327052516664
1173.0 7.3634651600753305 0.0010858327052516664
1174.0 7.3697426239799135 0.0010858327052516664
1175.0 7.376020087884496 0.0010858327052516664
1176.0 7.382297551789079 0.0010858327052516664
1177.0 7.38857501569366 0.0010858327052516664
1178.0 7.394852479598242 0.0010858327052516664
1179.0 7.401129943502825 0.0010858327052516664
1180.0 7.407407407407408 0.0010858327052516664
1181.0 7.4136848713119905 0.0010858327052516664
1182.0 7.419962335216574 0.0010858327052516664
1183.0 7.426239799121156 0.0010858327052516664
1184.0 7.432517263025739 0.0010858327052516664
1185.0 7.438794726930322 0.0010858327052516664
1186.0 7.445072190834903 0.0010858327052516664
1187.0 7.451349654739485 0.0010858327052516664
1188.0 7.457627118644068 0.0010858327052516664
1189.0 7.4639045825486505 0.0010858327052516664
1190.0 7.470182046453234 0.0010858327052516664
1191.0 7.476459510357817 0.0010858327052516664
1192.0 7.482736974262399 0.0010858327052516664
1193.0 7.489014438166982 0.0010858327052516664
1194.0 7.495291902071564 0.0010858327052516664
1195.0 7.501569365976145 0.0010858327052516664
1196.0 7.507846829880728 0.0010858327052516664
1197.0 7.514124293785311 0.0010858327052516664
1198.0 7.520401757689894 0.0010858327052516664
1199.0 7.526679221594477 0.0010858327052516664
1200.0 7.532956685499059 0.0010858327052516664
1201.0 7.539234149403642 0.0010858327052516664
1202.0 7.545511613308225 0.0005429163526258332
1203.0 7.551789077212807 0.0005429163526258332
1204.0 7.558066541117388 0.0005429163526258332
1205.0 7.5643440050219715 0.0005429163526258332
1206.0 7.570621468926554 0.0005429163526258332
1207.0 7.576898932831137 0.0005429163526258332
1208.0 7.58317639673572 0.0010858327052516664
1209.0 7.589453860640302 0.0005429163526258332
1210.0 7.595731324544885 0.0005429163526258332
1211.0 7.602008788449467 0.0005429163526258332
1212.0 7.60828625235405 0.0005429163526258332
1213.0 7.614563716258633 0.0005429163526258332
1214.0 7.6208411801632145 0.0005429163526258332
1215.0 7.627118644067797 0.0005429163526258332
1216.0 7.63339610797238 0.0005429163526258332
1217.0 7.639673571876962 0.0005429163526258332
1218.0 7.645951035781545 0.0005429163526258332
1219.0 7.652228499686128 0.0005429163526258332
1220.0 7.65850596359071 0.0005429163526258332
1221.0 7.664783427495293 0.0005429163526258332
1222.0 7.6710608913998755 0.0005429163526258332
1223.0 7.677338355304457 0.0005429163526258332
1224.0 7.68361581920904 0.0005429163526258332
1225.0 7.689893283113623 0.0005429163526258332
1226.0 7.696170747018205 0.0005429163526258332
1227.0 7.702448210922788 0.0005429163526258332
1228.0 7.70872567482737 0.0005429163526258332
1229.0 7.715003138731953 0.0005429163526258332
1230.0 7.721280602636536 0.0005429163526258332
1231.0 7.7275580665411185 0.0005429163526258332
1232.0 7.7338355304457 0.0005429163526258332
1233.0 7.740112994350283 0.0005429163526258332
1234.0 7.746390458254865 0.0005429163526258332
1235.0 7.752667922159448 0.0005429163526258332
1236.0 7.758945386064031 0.0005429163526258332
1237.0 7.765222849968613 0.0005429163526258332
1238.0 7.771500313873196 0.0005429163526258332
1239.0 7.777777777777779 0.0005429163526258332
1240.0 7.784055241682362 0.0005429163526258332
1241.0 7.790332705586943 0.0005429163526258332
1242.0 7.796610169491526 0.0005429163526258332
1243.0 7.802887633396108 0.0005429163526258332
1244.0 7.809165097300691 0.0005429163526258332
1245.0 7.815442561205273 0.0005429163526258332
1246.0 7.821720025109856 0.0005429163526258332
1247.0 7.8279974890144395 0.0005429163526258332
1248.0 7.834274952919022 0.0005429163526258332
1249.0 7.840552416823605 0.0005429163526258332
1250.0 7.846829880728187 0.0005429163526258332
1251.0 7.853107344632768 0.0005429163526258332
1252.0 7.859384808537351 0.0005429163526258332
1253.0 7.865662272441934 0.0005429163526258332
1254.0 7.8719397363465164 0.0005429163526258332
1255.0 7.8782172002510995 0.0005429163526258332
1256.0 7.884494664155682 0.0005429163526258332
1257.0 7.890772128060265 0.0005429163526258332
1258.0 7.897049591964848 0.0005429163526258332
1259.0 7.90332705586943 0.0005429163526258332
1260.0 7.909604519774011 0.0005429163526258332
1261.0 7.915881983678594 0.0005429163526258332
1262.0 7.9221594475831765 0.0005429163526258332
1263.0 7.9284369114877595 0.0005429163526258332
1264.0 7.934714375392343 0.0005429163526258332
1265.0 7.940991839296925 0.0005429163526258332
1266.0 7.947269303201508 0.0005429163526258332
1267.0 7.95354676710609 0.0005429163526258332
1268.0 7.959824231010673 0.0005429163526258332
1269.0 7.966101694915254 0.0005429163526258332
1270.0 7.972379158819837 0.0005429163526258332
1271.0 7.97865662272442 0.0005429163526258332
1272.0 7.984934086629003 0.0005429163526258332
1273.0 7.991211550533585 0.0005429163526258332
1274.0 7.997489014438168 0.0005429163526258332
1275.0 8.003766478342751 0.0005429163526258332
1276.0 8.010043942247334 0.0005429163526258332
1277.0 8.016321406151915 0.0005429163526258332
1278.0 8.022598870056497 0.0005429163526258332
1279.0 8.02887633396108 0.0005429163526258332
1280.0 8.035153797865663 0.0005429163526258332
1281.0 8.041431261770246 0.0005429163526258332
1282.0 8.047708725674829 0.0005429163526258332
1283.0 8.05398618957941 0.0005429163526258332
1284.0 8.060263653483993 0.0005429163526258332
1285.0 8.066541117388576 0.0005429163526258332
1286.0 8.07281858129316 0.0005429163526258332
1287.0 8.07909604519774 0.0005429163526258332
1288.0 8.085373509102324 0.0005429163526258332
1289.0 8.091650973006905 0.0005429163526258332
1290.0 8.097928436911488 0.0005429163526258332
1291.0 8.104205900816071 0.0005429163526258332
1292.0 8.110483364720654 0.0005429163526258332
1293.0 8.116760828625237 0.0005429163526258332
1294.0 8.123038292529818 0.0005429163526258332
1295.0 8.129315756434401 0.0005429163526258332
1296.0 8.135593220338984 0.0005429163526258332
1297.0 8.141870684243566 0.0005429163526258332
1298.0 8.148148148148149 0.0005429163526258332
1299.0 8.154425612052732 0.0005429163526258332
1300.0 8.160703075957313 0.0005429163526258332
1301.0 8.166980539861896 0.0005429163526258332
1302.0 8.17325800376648 0.0005429163526258332
1303.0 8.179535467671062 0.0005429163526258332
1304.0 8.185812931575645 0.0005429163526258332
1305.0 8.192090395480227 0.0005429163526258332
1306.0 8.198367859384808 0.0005429163526258332
1307.0 8.204645323289391 0.0005429163526258332
1308.0 8.210922787193974 0.0005429163526258332
1309.0 8.217200251098557 0.0005429163526258332
1310.0 8.22347771500314 0.0005429163526258332
1311.0 8.229755178907721 0.0005429163526258332
1312.0 8.236032642812305 0.0005429163526258332
1313.0 8.242310106716888 0.0005429163526258332
1314.0 8.24858757062147 0.0005429163526258332
1315.0 8.254865034526052 0.0005429163526258332
1316.0 8.261142498430635 0.0005429163526258332
1317.0 8.267419962335216 0.0005429163526258332
1318.0 8.2736974262398 0.0005429163526258332
1319.0 8.279974890144382 0.0005429163526258332
1320.0 8.286252354048965 0.0005429163526258332
1321.0 8.292529817953548 0.0005429163526258332
1322.0 8.29880728185813 0.0005429163526258332
1323.0 8.305084745762713 0.0005429163526258332
1324.0 8.311362209667294 0.0005429163526258332
1325.0 8.317639673571877 0.0005429163526258332
1326.0 8.32391713747646 0.0005429163526258332
1327.0 8.330194601381043 0.0005429163526258332
1328.0 8.336472065285625 0.0005429163526258332
1329.0 8.342749529190208 0.0005429163526258332
1330.0 8.34902699309479 0.0005429163526258332
1331.0 8.355304456999374 0.0005429163526258332
1332.0 8.361581920903957 0.0005429163526258332
1333.0 8.367859384808538 0.0005429163526258332
1334.0 8.37413684871312 0.0005429163526258332
1335.0 8.380414312617702 0.0005429163526258332
1336.0 8.386691776522285 0.0005429163526258332
1337.0 8.392969240426869 0.0005429163526258332
1338.0 8.399246704331452 0.0005429163526258332
1339.0 8.405524168236033 0.0005429163526258332
1340.0 8.411801632140616 0.0005429163526258332
1341.0 8.418079096045199 0.0005429163526258332
1342.0 8.424356559949782 0.0005429163526258332
1343.0 8.430634023854363 0.0005429163526258332
1344.0 8.436911487758946 0.0005429163526258332
1345.0 8.443188951663528 0.0005429163526258332
1346.0 8.44946641556811 0.0005429163526258332
1347.0 8.455743879472694 0.0005429163526258332
1348.0 8.462021343377277 0.0005429163526258332
1349.0 8.46829880728186 0.0005429163526258332
1350.0 8.474576271186441 0.0005429163526258332
1351.0 8.480853735091024 0.0005429163526258332
1352.0 8.487131198995606 0.0005429163526258332
1353.0 8.493408662900189 0.0005429163526258332
1354.0 8.499686126804772 0.0005429163526258332
1355.0 8.505963590709355 0.0005429163526258332
1356.0 8.512241054613936 0.0005429163526258332
1357.0 8.518518518518519 0.0005429163526258332
1358.0 8.524795982423102 0.0005429163526258332
1359.0 8.531073446327685 0.0005429163526258332
1360.0 8.537350910232268 0.0005429163526258332
1361.0 8.54362837413685 0.0005429163526258332
1362.0 8.54990583804143 0.0005429163526258332
1363.0 8.556183301946014 0.0005429163526258332
1364.0 8.562460765850597 0.0005429163526258332
1365.0 8.56873822975518 0.0005429163526258332
1366.0 8.575015693659763 0.0005429163526258332
1367.0 8.581293157564344 0.0005429163526258332
1368.0 8.587570621468927 0.0005429163526258332
1369.0 8.59384808537351 0.0005429163526258332
1370.0 8.600125549278092 0.0005429163526258332
1371.0 8.606403013182675 0.0005429163526258332
1372.0 8.612680477087258 0.0005429163526258332
1373.0 8.618957940991839 0.0005429163526258332
1374.0 8.625235404896422 0.0005429163526258332
1375.0 8.631512868801005 0.0005429163526258332
1376.0 8.637790332705588 0.0005429163526258332
1377.0 8.644067796610171 0.0005429163526258332
1378.0 8.650345260514753 0.0005429163526258332
1379.0 8.656622724419336 0.0005429163526258332
1380.0 8.662900188323917 0.0005429163526258332
1381.0 8.6691776522285 0.0005429163526258332
1382.0 8.675455116133083 0.0005429163526258332
1383.0 8.681732580037666 0.0005429163526258332
1384.0 8.688010043942247 0.0005429163526258332
1385.0 8.69428750784683 0.0005429163526258332
1386.0 8.700564971751414 0.0005429163526258332
1387.0 8.706842435655997 0.0005429163526258332
1388.0 8.71311989956058 0.0005429163526258332
1389.0 8.719397363465161 0.0005429163526258332
1390.0 8.725674827369742 0.0005429163526258332
1391.0 8.731952291274325 0.0005429163526258332
1392.0 8.738229755178908 0.0005429163526258332
1393.0 8.744507219083491 0.0005429163526258332
1394.0 8.750784682988074 0.0005429163526258332
1395.0 8.757062146892656 0.0005429163526258332
1396.0 8.763339610797239 0.0005429163526258332
1397.0 8.769617074701822 0.0005429163526258332
1398.0 8.775894538606403 0.0005429163526258332
1399.0 8.782172002510986 0.0005429163526258332
1400.0 8.78844946641557 0.0005429163526258332
1401.0 8.79472693032015 0.0005429163526258332
1402.0 8.801004394224734 0.0005429163526258332
1403.0 8.807281858129317 0.0005429163526258332
1404.0 8.8135593220339 0.0005429163526258332
1405.0 8.819836785938483 0.0005429163526258332
1406.0 8.826114249843064 0.0005429163526258332
1407.0 8.832391713747645 0.0005429163526258332
1408.0 8.838669177652228 0.0005429163526258332
1409.0 8.844946641556811 0.0005429163526258332
1410.0 8.851224105461394 0.0005429163526258332
1411.0 8.857501569365978 0.0005429163526258332
1412.0 8.863779033270559 0.0005429163526258332
1413.0 8.870056497175142 0.0005429163526258332
1414.0 8.876333961079725 0.0005429163526258332
1415.0 8.882611424984308 0.0005429163526258332
1416.0 8.888888888888891 0.0005429163526258332
1417.0 8.895166352793472 0.0005429163526258332
1418.0 8.901443816698054 0.0005429163526258332
1419.0 8.907721280602637 0.0005429163526258332
1420.0 8.91399874450722 0.0005429163526258332
1421.0 8.920276208411803 0.0005429163526258332
1422.0 8.926553672316386 0.0005429163526258332
1423.0 8.932831136220967 0.0005429163526258332
1424.0 8.93910860012555 0.0005429163526258332
1425.0 8.945386064030133 0.0005429163526258332
1426.0 8.951663527934715 0.0005429163526258332
1427.0 8.957940991839298 0.0005429163526258332
1428.0 8.96421845574388 0.0005429163526258332
1429.0 8.970495919648462 0.0005429163526258332
1430.0 8.976773383553045 0.0005429163526258332
1431.0 8.983050847457628 0.0005429163526258332
1432.0 8.989328311362211 0.0005429163526258332
1433.0 8.995605775266794 0.0005429163526258332
1434.0 9.001883239171375 0.0005429163526258332
1435.0 9.008160703075957 0.0005429163526258332
1436.0 9.01443816698054 0.0005429163526258332
1437.0 9.020715630885123 0.0005429163526258332
1438.0 9.026993094789706 0.0005429163526258332
1439.0 9.033270558694289 0.0005429163526258332
1440.0 9.03954802259887 0.0005429163526258332
1441.0 9.045825486503453 0.0005429163526258332
1442.0 9.052102950408036 0.0005429163526258332
1443.0 9.05838041431262 0.0005429163526258332
1444.0 9.0646578782172 0.0005429163526258332
1445.0 9.070935342121784 0.0005429163526258332
1446.0 9.077212806026365 0.0005429163526258332
1447.0 9.083490269930948 0.0005429163526258332
1448.0 9.089767733835531 0.0005429163526258332
1449.0 9.096045197740114 0.0005429163526258332
1450.0 9.102322661644697 0.0005429163526258332
1451.0 9.108600125549279 0.0005429163526258332
1452.0 9.114877589453862 0.0005429163526258332
1453.0 9.121155053358443 0.0005429163526258332
1454.0 9.127432517263026 0.0005429163526258332
1455.0 9.133709981167609 0.0005429163526258332
1456.0 9.139987445072192 0.0005429163526258332
1457.0 9.146264908976773 0.0005429163526258332
1458.0 9.152542372881356 0.0005429163526258332
1459.0 9.15881983678594 0.0005429163526258332
1460.0 9.165097300690523 0.0005429163526258332
1461.0 9.171374764595106 0.0005429163526258332
1462.0 9.177652228499687 0.0005429163526258332
1463.0 9.183929692404268 0.0005429163526258332
1464.0 9.190207156308851 0.0005429163526258332
1465.0 9.196484620213434 0.0005429163526258332
1466.0 9.202762084118017 0.0005429163526258332
1467.0 9.2090395480226 0.0005429163526258332
1468.0 9.215317011927182 0.0005429163526258332
1469.0 9.221594475831765 0.0005429163526258332
1470.0 9.227871939736348 0.0005429163526258332
1471.0 9.23414940364093 0.0005429163526258332
1472.0 9.240426867545512 0.0005429163526258332
1473.0 9.246704331450095 0.0005429163526258332
1474.0 9.252981795354676 0.0005429163526258332
1475.0 9.25925925925926 0.0005429163526258332
1476.0 9.265536723163843 0.0005429163526258332
1477.0 9.271814187068426 0.0005429163526258332
1478.0 9.278091650973009 0.0005429163526258332
1479.0 9.28436911487759 0.0005429163526258332
1480.0 9.290646578782173 0.0005429163526258332
1481.0 9.296924042686754 0.0005429163526258332
1482.0 9.303201506591337 0.0005429163526258332
1483.0 9.30947897049592 0.0005429163526258332
1484.0 9.315756434400503 0.0005429163526258332
1485.0 9.322033898305085 0.0005429163526258332
1486.0 9.328311362209668 0.0005429163526258332
1487.0 9.334588826114251 0.0005429163526258332
1488.0 9.340866290018834 0.0005429163526258332
1489.0 9.347143753923417 0.0005429163526258332
1490.0 9.353421217827998 0.0005429163526258332
1491.0 9.35969868173258 0.0005429163526258332
1492.0 9.365976145637163 0.0005429163526258332
1493.0 9.372253609541746 0.0005429163526258332
1494.0 9.378531073446329 0.0005429163526258332
1495.0 9.384808537350912 0.0005429163526258332
1496.0 9.391086001255493 0.0005429163526258332
1497.0 9.397363465160076 0.0005429163526258332
1498.0 9.40364092906466 0.0005429163526258332
1499.0 9.409918392969242 0.0005429163526258332
1500.0 9.416195856873824 0.0005429163526258332
1501.0 9.422473320778407 0.0005429163526258332
1502.0 9.428750784682988 0.0005429163526258332
1503.0 9.435028248587571 0.0005429163526258332
1504.0 9.441305712492154 0.0005429163526258332
1505.0 9.447583176396737 0.0005429163526258332
1506.0 9.45386064030132 0.0005429163526258332
1507.0 9.460138104205901 0.0005429163526258332
1508.0 9.466415568110484 0.0005429163526258332
1509.0 9.472693032015066 0.0005429163526258332
1510.0 9.478970495919649 0.0005429163526258332
1511.0 9.485247959824232 0.0005429163526258332
1512.0 9.491525423728815 0.0005429163526258332
1513.0 9.497802887633396 0.0005429163526258332
1514.0 9.50408035153798 0.0005429163526258332
1515.0 9.510357815442562 0.0005429163526258332
1516.0 9.516635279347145 0.0005429163526258332
1517.0 9.522912743251728 0.0005429163526258332
1518.0 9.52919020715631 0.0005429163526258332
1519.0 9.535467671060891 0.0005429163526258332
1520.0 9.541745134965474 0.0005429163526258332
1521.0 9.548022598870057 0.0005429163526258332
1522.0 9.55430006277464 0.0005429163526258332
1523.0 9.560577526679223 0.0005429163526258332
1524.0 9.566854990583805 0.0005429163526258332
1525.0 9.573132454488388 0.0005429163526258332
1526.0 9.57940991839297 0.0005429163526258332
1527.0 9.585687382297552 0.0005429163526258332
1528.0 9.591964846202135 0.0005429163526258332
1529.0 9.598242310106718 0.0005429163526258332
1530.0 9.604519774011301 0.0005429163526258332
1531.0 9.610797237915882 0.0005429163526258332
1532.0 9.617074701820465 0.0005429163526258332
1533.0 9.623352165725048 0.0005429163526258332
1534.0 9.629629629629632 0.0005429163526258332
1535.0 9.635907093534215 0.0005429163526258332
1536.0 9.642184557438796 0.0005429163526258332
1537.0 9.648462021343377 0.0005429163526258332
1538.0 9.65473948524796 0.0005429163526258332
1539.0 9.661016949152543 0.0005429163526258332
1540.0 9.667294413057126 0.0005429163526258332
1541.0 9.67357187696171 0.0005429163526258332
1542.0 9.67984934086629 0.0005429163526258332
1543.0 9.686126804770874 0.0005429163526258332
1544.0 9.692404268675457 0.0005429163526258332
1545.0 9.69868173258004 0.0005429163526258332
1546.0 9.704959196484621 0.0005429163526258332
1547.0 9.711236660389204 0.0005429163526258332
1548.0 9.717514124293785 0.0005429163526258332
1549.0 9.723791588198369 0.0005429163526258332
1550.0 9.730069052102952 0.0005429163526258332
1551.0 9.736346516007535 0.0005429163526258332
1552.0 9.742623979912118 0.0005429163526258332
1553.0 9.748901443816699 0.0005429163526258332
1554.0 9.755178907721282 0.0005429163526258332
1555.0 9.761456371625863 0.0005429163526258332
1556.0 9.767733835530446 0.0005429163526258332
1557.0 9.77401129943503 0.0005429163526258332
1558.0 9.780288763339613 0.0005429163526258332
1559.0 9.786566227244194 0.0005429163526258332
1560.0 9.792843691148777 0.0005429163526258332
1561.0 9.79912115505336 0.0005429163526258332
1562.0 9.805398618957943 0.0005429163526258332
1563.0 9.811676082862526 0.0005429163526258332
1564.0 9.817953546767107 0.0005429163526258332
1565.0 9.824231010671689 0.0005429163526258332
1566.0 9.830508474576272 0.0005429163526258332
1567.0 9.836785938480855 0.0005429163526258332
1568.0 9.843063402385438 0.0005429163526258332
1569.0 9.84934086629002 0.0005429163526258332
1570.0 9.855618330194602 0.0005429163526258332
1571.0 9.861895794099185 0.0005429163526258332
1572.0 9.868173258003768 0.0005429163526258332
1573.0 9.87445072190835 0.0005429163526258332
1574.0 9.880728185812933 0.0005429163526258332
1575.0 9.887005649717516 0.0005429163526258332
1576.0 9.893283113622097 0.0005429163526258332
1577.0 9.89956057752668 0.0005429163526258332
1578.0 9.905838041431263 0.0005429163526258332
1579.0 9.912115505335846 0.0005429163526258332
1580.0 9.91839296924043 0.0005429163526258332
1581.0 9.92467043314501 0.0005429163526258332
1582.0 9.930947897049593 0.0005429163526258332
1583.0 9.937225360954175 0.0005429163526258332
1584.0 9.943502824858758 0.0005429163526258332
1585.0 9.94978028876334 0.0005429163526258332
1586.0 9.956057752667924 0.0005429163526258332
1587.0 9.962335216572505 0.0005429163526258332
1588.0 9.968612680477088 0.0005429163526258332
1589.0 9.974890144381671 0.0005429163526258332
1590.0 9.981167608286254 0.0005429163526258332
1591.0 9.987445072190837 0.0005429163526258332
1592.0 9.993722536095419 0.0005429163526258332
1593.0 10.0 0.0005429163526258332
