1 0.268743594549764
2 0.2329111152764621
3 0.10423993970415085
4 0.050491220794198155
5 0.04289039185743709
6 0.03800414468380504
7 0.035832479273301854
8 0.033660813862798816
9 0.03257498115754715
10 0.029317483041792453
11 0.025517068573412068
12 0.024974152220786236
13 0.0244312358681604
14 0.021716654105031385
15 0.01465874152089615
16 0.014658741520896301
17 0.014658741520896301
18 0.014115825168270467
19 0.014658741520896301
20 0.014115825168270467
21 0.013029992463018801
22 0.013572908815644635
23 0.013029992463018801
24 0.012487076110392967
25 0.013029992463018801
26 0.012487076110392967
27 0.012487076110393118
28 0.011944159757767284
29 0.011944159757767284
30 0.011401243405141601
31 0.011401243405141601
32 0.011401243405141601
33 0.011401243405141601
34 0.01140124340514145
35 0.010858327052515618
36 0.010858327052515767
37 0.010858327052515618
38 0.010858327052515767
39 0.0097724943472641
40 0.00977249434726425
41 0.0097724943472641
42 0.00977249434726425
43 0.00977249434726425
44 0.0097724943472641
45 0.009229577994638418
46 0.009229577994638418
47 0.008686661642012584
48 0.008686661642012584
49 0.00814374528938675
50 0.008686661642012584
51 0.00814374528938675
52 0.008686661642012584
53 0.00814374528938675
54 0.00814374528938675
55 0.0076008289367609175
56 0.0076008289367609175
57 0.007057912584135234
58 0.007057912584135234
59 0.0065149962315094005
60 0.007057912584135234
61 0.0065149962315094005
62 0.0065149962315094005
63 0.0065149962315094005
64 0.00651499623150955
65 0.0065149962315094005
66 0.005972079878883717
67 0.00651499623150955
68 0.005972079878883717
69 0.00651499623150955
70 0.00651499623150955
71 0.005972079878883717
72 0.005972079878883717
73 0.005972079878883717
74 0.005972079878883717
75 0.005972079878883717
76 0.005972079878883717
77 0.005972079878883717
78 0.005972079878883717
79 0.005972079878883717
80 0.005972079878883717
81 0.005972079878883717
82 0.0054291635262578835
83 0.0054291635262578835
84 0.0054291635262578835
85 0.0054291635262578835
86 0.0054291635262578835
87 0.0054291635262578835
88 0.00488624717363205
89 0.00488624717363205
90 0.00488624717363205
91 0.00488624717363205
92 0.00488624717363205
93 0.00488624717363205
94 0.00488624717363205
95 0.00488624717363205
96 0.00488624717363205
97 0.00488624717363205
98 0.00488624717363205
99 0.004343330821006217
100 0.00488624717363205
101 0.00488624717363205
102 0.00488624717363205
103 0.00488624717363205
104 0.00488624717363205
105 0.00488624717363205
106 0.00488624717363205
107 0.00488624717363205
108 0.00488624717363205
109 0.00488624717363205
110 0.004343330821006217
111 0.00488624717363205
112 0.004343330821006217
113 0.004343330821006217
114 0.004343330821006217
115 0.004343330821006217
116 0.004343330821006217
117 0.004343330821006217
118 0.00488624717363205
119 0.004343330821006217
120 0.004343330821006217
121 0.004343330821006217
122 0.004343330821006217
123 0.004343330821006217
124 0.004343330821006217
125 0.004343330821006217
126 0.004343330821006217
127 0.004343330821006217
128 0.004343330821006217
129 0.004343330821006217
130 0.004343330821006217
131 0.004343330821006217
132 0.0038004144683805334
133 0.0038004144683805334
134 0.0038004144683805334
135 0.0038004144683805334
136 0.0038004144683805334
137 0.0038004144683805334
138 0.0038004144683805334
139 0.0038004144683805334
140 0.0038004144683805334
141 0.0038004144683805334
142 0.0038004144683805334
143 0.0038004144683805334
144 0.0038004144683805334
145 0.0038004144683805334
146 0.0038004144683805334
147 0.0038004144683805334
148 0.0038004144683805334
149 0.0038004144683805334
150 0.0038004144683805334
151 0.0038004144683805334
152 0.0038004144683805334
153 0.0038004144683805334
154 0.0038004144683805334
155 0.0038004144683805334
156 0.0038004144683805334
157 0.0038004144683805334
158 0.0038004144683805334
159 0.0038004144683805334
160 0.0032574981157547003
161 0.0032574981157547003
162 0.0032574981157547003
163 0.0032574981157547003
164 0.0032574981157547003
165 0.0032574981157547003
166 0.0032574981157547003
167 0.0032574981157547003
168 0.0032574981157547003
169 0.0032574981157547003
170 0.0032574981157547003
171 0.0032574981157547003
172 0.0032574981157547003
173 0.0032574981157547003
174 0.0032574981157547003
175 0.0038004144683805334
176 0.0032574981157547003
177 0.0038004144683805334
178 0.0038004144683805334
179 0.0038004144683805334
180 0.0038004144683805334
181 0.0038004144683805334
182 0.0038004144683805334
183 0.0038004144683805334
184 0.0038004144683805334
185 0.0038004144683805334
186 0.0038004144683805334
187 0.0038004144683805334
188 0.0032574981157547003
189 0.0032574981157547003
190 0.0032574981157547003
191 0.0032574981157547003
192 0.0032574981157547003
193 0.0032574981157547003
194 0.0032574981157547003
195 0.0032574981157547003
196 0.0032574981157547003
197 0.0032574981157547003
198 0.0032574981157547003
199 0.0032574981157547003
200 0.0032574981157547003
201 0.0032574981157547003
202 0.0032574981157547003
203 0.0032574981157547003
204 0.0032574981157547003
205 0.0032574981157547003
206 0.0032574981157547003
207 0.0032574981157547003
208 0.0032574981157547003
209 0.0032574981157547003
210 0.0032574981157547003
211 0.0032574981157547003
212 0.0032574981157547003
213 0.0032574981157547003
214 0.0032574981157547003
215 0.0032574981157547003
216 0.0032574981157547003
217 0.0032574981157547003
218 0.0032574981157547003
219 0.0032574981157547003
220 0.0032574981157547003
221 0.0032574981157547003
222 0.0032574981157547003
223 0.0032574981157547003
224 0.0032574981157547003
225 0.0032574981157547003
226 0.0032574981157547003
227 0.0032574981157547003
228 0.0032574981157547003
229 0.0032574981157547003
230 0.0032574981157547003
231 0.0032574981157547003
232 0.0032574981157547003
233 0.0032574981157547003
234 0.0032574981157547003
235 0.0032574981157547003
236 0.0032574981157547003
237 0.0032574981157547003
238 0.0032574981157547003
239 0.0032574981157547003
240 0.0032574981157547003
241 0.0032574981157547003
242 0.0032574981157547003
243 0.0032574981157547003
244 0.0032574981157547003
245 0.0032574981157547003
246 0.0032574981157547003
247 0.0032574981157547003
248 0.0032574981157547003
249 0.002714581763128867
250 0.002714581763128867
251 0.002714581763128867
252 0.002714581763128867
253 0.002714581763128867
254 0.002714581763128867
255 0.002714581763128867
256 0.002714581763128867
257 0.002714581763128867
258 0.002714581763128867
259 0.002714581763128867
260 0.002714581763128867
261 0.002714581763128867
262 0.002714581763128867
263 0.002714581763128867
264 0.002714581763128867
265 0.002714581763128867
266 0.002714581763128867
267 0.002714581763128867
268 0.002714581763128867
269 0.002714581763128867
270 0.002714581763128867
271 0.002714581763128867
272 0.002714581763128867
273 0.002714581763128867
274 0.002714581763128867
275 0.002714581763128867
276 0.002714581763128867
277 0.002714581763128867
278 0.002714581763128867
279 0.002714581763128867
280 0.002714581763128867
281 0.002714581763128867
282 0.002714581763128867
283 0.002714581763128867
284 0.002714581763128867
285 0.002714581763128867
286 0.002714581763128867
287 0.002714581763128867
288 0.002714581763128867
289 0.002714581763128867
290 0.002714581763128867
291 0.002714581763128867
292 0.002714581763128867
293 0.002714581763128867
294 0.002714581763128867
295 0.002714581763128867
296 0.002714581763128867
297 0.002714581763128867
298 0.002714581763128867
299 0.002714581763128867
300 0.002714581763128867
301 0.002714581763128867
302 0.002714581763128867
303 0.002714581763128867
304 0.002714581763128867
305 0.002714581763128867
306 0.002714581763128867
307 0.002714581763128867
308 0.002714581763128867
309 0.002714581763128867
310 0.002714581763128867
311 0.002714581763128867
312 0.002714581763128867
313 0.002714581763128867
314 0.002714581763128867
315 0.002714581763128867
316 0.002714581763128867
317 0.002714581763128867
318 0.002714581763128867
319 0.002714581763128867
320 0.002714581763128867
321 0.002714581763128867
322 0.002714581763128867
323 0.002714581763128867
324 0.002714581763128867
325 0.002714581763128867
326 0.002714581763128867
327 0.002714581763128867
328 0.002714581763128867
329 0.002714581763128867
330 0.002714581763128867
331 0.002714581763128867
332 0.002714581763128867
333 0.002714581763128867
334 0.002714581763128867
335 0.002714581763128867
336 0.002714581763128867
337 0.002714581763128867
338 0.002714581763128867
339 0.002714581763128867
340 0.002714581763128867
341 0.002714581763128867
342 0.002714581763128867
343 0.002714581763128867
344 0.002714581763128867
345 0.002714581763128867
346 0.002714581763128867
347 0.002714581763128867
348 0.002714581763128867
349 0.002714581763128867
350 0.002714581763128867
351 0.002714581763128867
352 0.002714581763128867
353 0.002714581763128867
354 0.002714581763128867
355 0.002714581763128867
356 0.002714581763128867
357 0.002714581763128867
358 0.002714581763128867
359 0.002714581763128867
360 0.002714581763128867
361 0.002714581763128867
362 0.0021716654105031832
363 0.002714581763128867
364 0.002714581763128867
365 0.002714581763128867
366 0.002714581763128867
367 0.002714581763128867
368 0.002714581763128867
369 0.002714581763128867
370 0.0021716654105031832
371 0.0021716654105031832
372 0.0021716654105031832
373 0.0021716654105031832
374 0.0021716654105031832
375 0.0021716654105031832
376 0.0021716654105031832
377 0.0021716654105031832
378 0.0021716654105031832
379 0.0021716654105031832
380 0.0021716654105031832
381 0.0021716654105031832
382 0.0021716654105031832
383 0.002714581763128867
384 0.0021716654105031832
385 0.002714581763128867
386 0.0021716654105031832
387 0.0021716654105031832
388 0.0021716654105031832
389 0.0021716654105031832
390 0.0021716654105031832
391 0.0021716654105031832
392 0.0021716654105031832
393 0.0021716654105031832
394 0.0021716654105031832
395 0.0021716654105031832
396 0.0021716654105031832
397 0.0021716654105031832
398 0.0021716654105031832
399 0.0021716654105031832
400 0.0021716654105031832
401 0.002714581763128867
402 0.002714581763128867
403 0.002714581763128867
404 0.0021716654105031832
405 0.0021716654105031832
406 0.0021716654105031832
407 0.0021716654105031832
408 0.0021716654105031832
409 0.0021716654105031832
410 0.0021716654105031832
411 0.0021716654105031832
412 0.0021716654105031832
413 0.0021716654105031832
414 0.0021716654105031832
415 0.0021716654105031832
416 0.0021716654105031832
417 0.0021716654105031832
418 0.0021716654105031832
419 0.0021716654105031832
420 0.0021716654105031832
421 0.0021716654105031832
422 0.0021716654105031832
423 0.0021716654105031832
424 0.0021716654105031832
425 0.0021716654105031832
426 0.0021716654105031832
427 0.0021716654105031832
428 0.0021716654105031832
429 0.0021716654105031832
430 0.0021716654105031832
431 0.0021716654105031832
432 0.0021716654105031832
433 0.0021716654105031832
434 0.0021716654105031832
435 0.0021716654105031832
436 0.0021716654105031832
437 0.0021716654105031832
438 0.0021716654105031832
439 0.0021716654105031832
440 0.0021716654105031832
441 0.0021716654105031832
442 0.0021716654105031832
443 0.0021716654105031832
444 0.0021716654105031832
445 0.0021716654105031832
446 0.0021716654105031832
447 0.0021716654105031832
448 0.0021716654105031832
449 0.0021716654105031832
450 0.0021716654105031832
451 0.0021716654105031832
452 0.0021716654105031832
453 0.0021716654105031832
454 0.0021716654105031832
455 0.0021716654105031832
456 0.0021716654105031832
457 0.0021716654105031832
458 0.0021716654105031832
459 0.0021716654105031832
460 0.0021716654105031832
461 0.0021716654105031832
462 0.0021716654105031832
463 0.0021716654105031832
464 0.0021716654105031832
465 0.0021716654105031832
466 0.0021716654105031832
467 0.0021716654105031832
468 0.0021716654105031832
469 0.0021716654105031832
470 0.0021716654105031832
471 0.0021716654105031832
472 0.0021716654105031832
473 0.0021716654105031832
474 0.0021716654105031832
475 0.0021716654105031832
476 0.002714581763128867
477 0.002714581763128867
478 0.002714581763128867
479 0.002714581763128867
480 0.0021716654105031832
481 0.0021716654105031832
482 0.0021716654105031832
483 0.0021716654105031832
484 0.0021716654105031832
485 0.0021716654105031832
486 0.0021716654105031832
487 0.0021716654105031832
488 0.0021716654105031832
489 0.0021716654105031832
490 0.0021716654105031832
491 0.0021716654105031832
492 0.0021716654105031832
493 0.0021716654105031832
494 0.0021716654105031832
495 0.0021716654105031832
496 0.0021716654105031832
497 0.0021716654105031832
498 0.0021716654105031832
499 0.0021716654105031832
500 0.0021716654105031832
501 0.0021716654105031832
502 0.0021716654105031832
503 0.0021716654105031832
504 0.0021716654105031832
505 0.0021716654105031832
506 0.0021716654105031832
507 0.0021716654105031832
508 0.0021716654105031832
509 0.0021716654105031832
510 0.0021716654105031832
511 0.0021716654105031832
512 0.0021716654105031832
513 0.0021716654105031832
514 0.0021716654105031832
515 0.0021716654105031832
516 0.0021716654105031832
517 0.0021716654105031832
518 0.0021716654105031832
519 0.0021716654105031832
520 0.0021716654105031832
521 0.0021716654105031832
522 0.0021716654105031832
523 0.0021716654105031832
524 0.0021716654105031832
525 0.0021716654105031832
526 0.0021716654105031832
527 0.0021716654105031832
528 0.0021716654105031832
529 0.0021716654105031832
530 0.0021716654105031832
531 0.0021716654105031832
532 0.0021716654105031832
533 0.0021716654105031832
534 0.0021716654105031832
535 0.0021716654105031832
536 0.0021716654105031832
537 0.0021716654105031832
538 0.0021716654105031832
539 0.0021716654105031832
540 0.0021716654105031832
541 0.0021716654105031832
542 0.0021716654105031832
543 0.0021716654105031832
544 0.0021716654105031832
545 0.0021716654105031832
546 0.0021716654105031832
547 0.0021716654105031832
548 0.0021716654105031832
549 0.0021716654105031832
550 0.0021716654105031832
551 0.0021716654105031832
552 0.0021716654105031832
553 0.0021716654105031832
554 0.0021716654105031832
555 0.0021716654105031832
556 0.0021716654105031832
557 0.0021716654105031832
558 0.0021716654105031832
559 0.0021716654105031832
560 0.0021716654105031832
561 0.0021716654105031832
562 0.0021716654105031832
563 0.0021716654105031832
564 0.0021716654105031832
565 0.0021716654105031832
566 0.0021716654105031832
567 0.0021716654105031832
568 0.0021716654105031832
569 0.0021716654105031832
570 0.0021716654105031832
571 0.0021716654105031832
572 0.0021716654105031832
573 0.0021716654105031832
574 0.0021716654105031832
575 0.0021716654105031832
576 0.0021716654105031832
577 0.0021716654105031832
578 0.0021716654105031832
579 0.0021716654105031832
580 0.0021716654105031832
581 0.0021716654105031832
582 0.0021716654105031832
583 0.0021716654105031832
584 0.0021716654105031832
585 0.0021716654105031832
586 0.0021716654105031832
587 0.0021716654105031832
588 0.0021716654105031832
589 0.0021716654105031832
590 0.0021716654105031832
591 0.002714581763128867
592 0.0021716654105031832
593 0.0021716654105031832
594 0.0021716654105031832
595 0.0021716654105031832
596 0.0021716654105031832
597 0.0021716654105031832
598 0.0021716654105031832
599 0.0021716654105031832
600 0.0021716654105031832
601 0.0021716654105031832
602 0.0021716654105031832
603 0.0021716654105031832
604 0.0021716654105031832
605 0.0021716654105031832
606 0.0021716654105031832
607 0.0021716654105031832
608 0.0021716654105031832
609 0.0021716654105031832
610 0.0021716654105031832
611 0.0021716654105031832
612 0.0021716654105031832
613 0.0021716654105031832
614 0.0021716654105031832
615 0.0021716654105031832
616 0.0021716654105031832
617 0.0021716654105031832
618 0.0021716654105031832
619 0.0021716654105031832
620 0.0021716654105031832
621 0.0021716654105031832
622 0.0021716654105031832
623 0.0021716654105031832
624 0.0021716654105031832
625 0.0021716654105031832
626 0.0021716654105031832
627 0.0021716654105031832
628 0.0021716654105031832
629 0.0016287490578774998
630 0.0016287490578774998
631 0.0016287490578774998
632 0.0016287490578774998
633 0.0016287490578774998
634 0.0016287490578774998
635 0.0016287490578774998
636 0.0016287490578774998
637 0.0016287490578774998
638 0.0016287490578774998
639 0.0016287490578774998
640 0.0021716654105031832
641 0.0021716654105031832
642 0.0021716654105031832
643 0.0021716654105031832
644 0.0016287490578774998
645 0.0021716654105031832
646 0.0021716654105031832
647 0.0021716654105031832
648 0.0021716654105031832
649 0.0021716654105031832
650 0.0021716654105031832
651 0.0021716654105031832
652 0.0021716654105031832
653 0.0021716654105031832
654 0.0021716654105031832
655 0.0021716654105031832
656 0.0016287490578774998
657 0.0021716654105031832
658 0.0021716654105031832
659 0.0021716654105031832
660 0.0021716654105031832
661 0.0021716654105031832
662 0.0021716654105031832
663 0.0021716654105031832
664 0.0021716654105031832
665 0.0021716654105031832
666 0.0021716654105031832
667 0.0021716654105031832
668 0.0016287490578774998
669 0.0016287490578774998
670 0.0016287490578774998
671 0.0016287490578774998
672 0.0016287490578774998
673 0.0016287490578774998
674 0.0016287490578774998
675 0.0016287490578774998
676 0.0016287490578774998
677 0.0016287490578774998
678 0.0016287490578774998
679 0.0021716654105031832
680 0.0016287490578774998
681 0.0021716654105031832
682 0.0021716654105031832
683 0.0016287490578774998
684 0.0021716654105031832
685 0.0021716654105031832
686 0.0021716654105031832
687 0.0021716654105031832
688 0.0021716654105031832
689 0.0021716654105031832
690 0.0021716654105031832
691 0.0021716654105031832
692 0.0021716654105031832
693 0.0021716654105031832
694 0.0021716654105031832
695 0.0021716654105031832
696 0.0021716654105031832
697 0.0021716654105031832
698 0.0021716654105031832
699 0.0021716654105031832
700 0.0021716654105031832
701 0.0021716654105031832
702 0.0021716654105031832
703 0.0021716654105031832
704 0.0016287490578774998
705 0.0016287490578774998
706 0.0016287490578774998
707 0.0016287490578774998
708 0.0016287490578774998
709 0.0016287490578774998
710 0.0016287490578774998
711 0.0016287490578774998
712 0.0016287490578774998
713 0.0016287490578774998
714 0.0016287490578774998
715 0.0016287490578774998
716 0.0016287490578774998
717 0.0016287490578774998
718 0.0016287490578774998
719 0.0016287490578774998
720 0.0016287490578774998
721 0.0016287490578774998
722 0.0016287490578774998
723 0.0016287490578774998
724 0.0016287490578774998
725 0.0016287490578774998
726 0.0016287490578774998
727 0.0016287490578774998
728 0.0016287490578774998
729 0.0016287490578774998
730 0.0021716654105031832
731 0.0016287490578774998
732 0.0016287490578774998
733 0.0016287490578774998
734 0.0016287490578774998
735 0.0016287490578774998
736 0.0016287490578774998
737 0.0016287490578774998
738 0.0021716654105031832
739 0.0021716654105031832
740 0.0021716654105031832
741 0.0021716654105031832
742 0.0021716654105031832
743 0.0016287490578774998
744 0.0016287490578774998
745 0.0016287490578774998
746 0.0016287490578774998
747 0.0016287490578774998
748 0.0021716654105031832
749 0.0021716654105031832
750 0.0021716654105031832
751 0.0016287490578774998
752 0.0021716654105031832
753 0.0016287490578774998
754 0.0016287490578774998
755 0.0016287490578774998
756 0.0016287490578774998
757 0.0016287490578774998
758 0.0016287490578774998
759 0.0016287490578774998
760 0.0016287490578774998
761 0.0016287490578774998
762 0.0016287490578774998
763 0.0016287490578774998
764 0.0016287490578774998
765 0.0016287490578774998
766 0.0016287490578774998
767 0.0016287490578774998
768 0.0016287490578774998
769 0.0016287490578774998
770 0.0016287490578774998
771 0.0016287490578774998
772 0.0016287490578774998
773 0.0016287490578774998
774 0.0021716654105031832
775 0.0021716654105031832
776 0.0021716654105031832
777 0.0016287490578774998
778 0.0016287490578774998
779 0.0021716654105031832
780 0.0021716654105031832
781 0.0021716654105031832
782 0.0021716654105031832
783 0.0021716654105031832
784 0.0021716654105031832
785 0.0021716654105031832
786 0.0021716654105031832
787 0.0021716654105031832
788 0.0021716654105031832
789 0.0021716654105031832
790 0.0021716654105031832
791 0.0021716654105031832
792 0.0021716654105031832
793 0.0021716654105031832
794 0.0021716654105031832
795 0.0021716654105031832
796 0.0021716654105031832
797 0.0021716654105031832
798 0.0021716654105031832
799 0.0021716654105031832
800 0.0021716654105031832
801 0.0021716654105031832
802 0.0021716654105031832
803 0.0021716654105031832
804 0.0021716654105031832
805 0.0021716654105031832
806 0.0021716654105031832
807 0.0021716654105031832
808 0.0021716654105031832
809 0.0021716654105031832
810 0.0021716654105031832
811 0.0021716654105031832
812 0.0021716654105031832
813 0.0021716654105031832
814 0.0021716654105031832
815 0.0021716654105031832
816 0.0021716654105031832
817 0.0021716654105031832
818 0.0021716654105031832
819 0.0021716654105031832
820 0.0021716654105031832
821 0.0021716654105031832
822 0.0021716654105031832
823 0.0021716654105031832
824 0.0021716654105031832
825 0.0021716654105031832
826 0.0021716654105031832
827 0.0021716654105031832
828 0.0021716654105031832
829 0.0021716654105031832
830 0.0021716654105031832
831 0.0021716654105031832
832 0.0021716654105031832
833 0.0021716654105031832
834 0.0021716654105031832
835 0.0021716654105031832
836 0.0021716654105031832
837 0.0021716654105031832
838 0.0021716654105031832
839 0.0021716654105031832
840 0.0021716654105031832
841 0.0021716654105031832
842 0.0021716654105031832
843 0.0021716654105031832
844 0.0021716654105031832
845 0.0021716654105031832
846 0.0016287490578774998
847 0.0016287490578774998
848 0.0016287490578774998
849 0.0016287490578774998
850 0.0016287490578774998
851 0.0021716654105031832
852 0.0016287490578774998
853 0.0016287490578774998
854 0.0016287490578774998
855 0.0016287490578774998
856 0.0016287490578774998
857 0.0016287490578774998
858 0.0016287490578774998
859 0.0016287490578774998
860 0.0016287490578774998
861 0.0016287490578774998
862 0.0021716654105031832
863 0.0021716654105031832
864 0.0021716654105031832
865 0.0021716654105031832
866 0.0021716654105031832
867 0.0021716654105031832
868 0.0021716654105031832
869 0.0021716654105031832
870 0.0021716654105031832
871 0.0021716654105031832
872 0.0021716654105031832
873 0.0021716654105031832
874 0.0021716654105031832
875 0.0021716654105031832
876 0.0021716654105031832
877 0.0021716654105031832
878 0.0021716654105031832
879 0.0021716654105031832
880 0.0021716654105031832
881 0.0021716654105031832
882 0.0021716654105031832
883 0.0021716654105031832
884 0.0021716654105031832
885 0.0021716654105031832
886 0.0021716654105031832
887 0.0021716654105031832
888 0.0021716654105031832
889 0.0021716654105031832
890 0.0021716654105031832
891 0.0021716654105031832
892 0.0021716654105031832
893 0.0021716654105031832
894 0.0021716654105031832
895 0.0021716654105031832
896 0.0021716654105031832
897 0.0021716654105031832
898 0.0021716654105031832
899 0.0021716654105031832
900 0.0021716654105031832
901 0.0021716654105031832
902 0.0021716654105031832
903 0.0021716654105031832
904 0.0021716654105031832
905 0.0021716654105031832
906 0.0021716654105031832
907 0.0021716654105031832
908 0.0021716654105031832
909 0.0021716654105031832
910 0.0016287490578774998
911 0.0021716654105031832
912 0.0021716654105031832
913 0.0021716654105031832
914 0.0021716654105031832
915 0.0021716654105031832
916 0.0021716654105031832
917 0.0021716654105031832
918 0.0021716654105031832
919 0.0021716654105031832
920 0.0021716654105031832
921 0.0021716654105031832
922 0.0021716654105031832
923 0.0021716654105031832
924 0.0021716654105031832
925 0.0021716654105031832
926 0.0021716654105031832
927 0.0021716654105031832
928 0.0021716654105031832
929 0.0021716654105031832
930 0.0021716654105031832
931 0.0021716654105031832
932 0.0021716654105031832
933 0.0021716654105031832
934 0.0021716654105031832
935 0.0021716654105031832
936 0.0021716654105031832
937 0.0021716654105031832
938 0.0021716654105031832
939 0.0021716654105031832
940 0.0021716654105031832
941 0.0021716654105031832
942 0.0021716654105031832
943 0.0021716654105031832
944 0.0021716654105031832
945 0.0021716654105031832
946 0.0021716654105031832
947 0.0021716654105031832
948 0.0021716654105031832
949 0.0021716654105031832
950 0.0021716654105031832
951 0.0021716654105031832
952 0.0021716654105031832
953 0.0021716654105031832
954 0.0021716654105031832
955 0.0021716654105031832
956 0.0021716654105031832
957 0.0021716654105031832
958 0.0021716654105031832
959 0.0021716654105031832
960 0.0021716654105031832
961 0.0021716654105031832
962 0.0021716654105031832
963 0.0021716654105031832
964 0.0021716654105031832
965 0.0021716654105031832
966 0.0021716654105031832
967 0.0021716654105031832
968 0.0021716654105031832
969 0.0021716654105031832
970 0.0021716654105031832
971 0.0021716654105031832
972 0.0021716654105031832
973 0.0021716654105031832
974 0.0021716654105031832
975 0.0016287490578774998
976 0.0016287490578774998
977 0.0016287490578774998
978 0.0016287490578774998
979 0.0016287490578774998
980 0.0021716654105031832
981 0.0016287490578774998
982 0.0016287490578774998
983 0.0021716654105031832
984 0.0016287490578774998
985 0.0021716654105031832
986 0.0021716654105031832
987 0.0021716654105031832
988 0.0021716654105031832
989 0.0021716654105031832
990 0.0021716654105031832
991 0.0021716654105031832
992 0.0016287490578774998
993 0.0016287490578774998
994 0.0016287490578774998
995 0.0016287490578774998
996 0.0016287490578774998
997 0.0021716654105031832
998 0.0021716654105031832
999 0.0021716654105031832
1000 0.0021716654105031832
1001 0.0021716654105031832
1002 0.0021716654105031832
1003 0.0021716654105031832
1004 0.0021716654105031832
1005 0.0021716654105031832
1006 0.0021716654105031832
1007 0.0021716654105031832
1008 0.0021716654105031832
1009 0.0021716654105031832
1010 0.0021716654105031832
1011 0.0021716654105031832
1012 0.0021716654105031832
1013 0.0021716654105031832
1014 0.0021716654105031832
1015 0.0021716654105031832
1016 0.0021716654105031832
1017 0.0021716654105031832
1018 0.0021716654105031832
1019 0.0021716654105031832
1020 0.0021716654105031832
1021 0.0021716654105031832
1022 0.0021716654105031832
1023 0.0021716654105031832
1024 0.0021716654105031832
1025 0.0021716654105031832
1026 0.0021716654105031832
1027 0.0021716654105031832
1028 0.0021716654105031832
1029 0.0021716654105031832
1030 0.0021716654105031832
1031 0.0021716654105031832
1032 0.0021716654105031832
1033 0.0016287490578774998
1034 0.0016287490578774998
1035 0.0016287490578774998
1036 0.0016287490578774998
1037 0.0016287490578774998
1038 0.0016287490578774998
1039 0.0021716654105031832
1040 0.0016287490578774998
1041 0.0016287490578774998
1042 0.0016287490578774998
1043 0.0016287490578774998
1044 0.0016287490578774998
1045 0.0016287490578774998
1046 0.0016287490578774998
1047 0.0016287490578774998
1048 0.0016287490578774998
1049 0.0016287490578774998
1050 0.0016287490578774998
1051 0.0016287490578774998
1052 0.0016287490578774998
1053 0.0016287490578774998
1054 0.0016287490578774998
1055 0.0016287490578774998
1056 0.0016287490578774998
1057 0.0016287490578774998
1058 0.0016287490578774998
1059 0.0016287490578774998
1060 0.0016287490578774998
1061 0.0016287490578774998
1062 0.0016287490578774998
1063 0.0016287490578774998
1064 0.0016287490578774998
1065 0.0016287490578774998
1066 0.0016287490578774998
1067 0.0016287490578774998
1068 0.0016287490578774998
1069 0.0016287490578774998
1070 0.0016287490578774998
1071 0.0016287490578774998
1072 0.0016287490578774998
1073 0.0016287490578774998
1074 0.0016287490578774998
1075 0.0016287490578774998
1076 0.0016287490578774998
1077 0.0016287490578774998
1078 0.0016287490578774998
1079 0.0021716654105031832
1080 0.0021716654105031832
1081 0.0021716654105031832
1082 0.0021716654105031832
1083 0.0016287490578774998
1084 0.0016287490578774998
1085 0.0016287490578774998
1086 0.0016287490578774998
1087 0.0016287490578774998
1088 0.0016287490578774998
1089 0.0016287490578774998
1090 0.0016287490578774998
1091 0.0016287490578774998
1092 0.0016287490578774998
1093 0.0016287490578774998
1094 0.0016287490578774998
1095 0.0016287490578774998
1096 0.0016287490578774998
1097 0.0016287490578774998
1098 0.0016287490578774998
1099 0.0016287490578774998
1100 0.0016287490578774998
1101 0.0016287490578774998
1102 0.0016287490578774998
1103 0.0016287490578774998
1104 0.0016287490578774998
1105 0.0016287490578774998
1106 0.0016287490578774998
1107 0.0016287490578774998
1108 0.0016287490578774998
1109 0.0016287490578774998
1110 0.0016287490578774998
1111 0.0016287490578774998
1112 0.0016287490578774998
1113 0.0016287490578774998
1114 0.0016287490578774998
1115 0.0016287490578774998
1116 0.0016287490578774998
1117 0.0016287490578774998
1118 0.0016287490578774998
1119 0.0016287490578774998
1120 0.0016287490578774998
1121 0.0016287490578774998
1122 0.0016287490578774998
1123 0.0016287490578774998
1124 0.0016287490578774998
1125 0.0021716654105031832
1126 0.0021716654105031832
1127 0.0021716654105031832
1128 0.0021716654105031832
1129 0.0021716654105031832
1130 0.0021716654105031832
1131 0.0021716654105031832
1132 0.0021716654105031832
1133 0.0021716654105031832
1134 0.0021716654105031832
1135 0.0021716654105031832
1136 0.0021716654105031832
1137 0.0021716654105031832
1138 0.0021716654105031832
1139 0.0021716654105031832
1140 0.0021716654105031832
1141 0.0021716654105031832
1142 0.0021716654105031832
1143 0.0021716654105031832
1144 0.0021716654105031832
1145 0.0021716654105031832
1146 0.0021716654105031832
1147 0.0021716654105031832
1148 0.0021716654105031832
1149 0.0021716654105031832
1150 0.0021716654105031832
1151 0.0021716654105031832
1152 0.0021716654105031832
1153 0.0021716654105031832
1154 0.0021716654105031832
1155 0.0016287490578773501
1156 0.0021716654105031832
1157 0.0021716654105031832
1158 0.0021716654105031832
1159 0.0021716654105031832
1160 0.0021716654105031832
1161 0.0021716654105031832
1162 0.0016287490578773501
1163 0.0016287490578773501
1164 0.0016287490578773501
1165 0.0016287490578773501
1166 0.0016287490578773501
1167 0.0016287490578773501
1168 0.0016287490578773501
1169 0.0016287490578773501
1170 0.0016287490578773501
1171 0.0016287490578773501
1172 0.0016287490578773501
1173 0.0016287490578773501
1174 0.0016287490578773501
1175 0.0016287490578773501
1176 0.0016287490578773501
1177 0.0016287490578773501
1178 0.0016287490578773501
1179 0.0016287490578773501
1180 0.0016287490578773501
1181 0.0016287490578773501
1182 0.0016287490578773501
1183 0.0016287490578773501
1184 0.0016287490578773501
1185 0.0016287490578773501
1186 0.0016287490578773501
1187 0.0016287490578773501
1188 0.0016287490578773501
1189 0.0016287490578773501
1190 0.0016287490578773501
1191 0.0016287490578773501
1192 0.0016287490578773501
1193 0.0016287490578773501
1194 0.0016287490578773501
1195 0.0016287490578773501
1196 0.0016287490578773501
1197 0.0016287490578773501
1198 0.0016287490578773501
1199 0.0016287490578773501
1200 0.0016287490578773501
1201 0.0016287490578773501
1202 0.0016287490578773501
1203 0.0016287490578773501
1204 0.0016287490578773501
1205 0.0016287490578773501
1206 0.0016287490578773501
1207 0.0016287490578773501
1208 0.0016287490578773501
1209 0.0016287490578773501
1210 0.0016287490578773501
1211 0.0016287490578773501
1212 0.0016287490578773501
1213 0.0016287490578773501
1214 0.0016287490578773501
1215 0.0016287490578773501
1216 0.0016287490578773501
1217 0.0016287490578773501
1218 0.0016287490578773501
1219 0.0016287490578773501
1220 0.0016287490578773501
1221 0.0016287490578773501
1222 0.0016287490578773501
1223 0.0016287490578773501
1224 0.0016287490578773501
1225 0.0016287490578773501
1226 0.0016287490578773501
1227 0.0016287490578773501
1228 0.0016287490578773501
1229 0.0016287490578773501
1230 0.0016287490578773501
1231 0.0016287490578773501
1232 0.0016287490578773501
1233 0.0016287490578773501
1234 0.0016287490578773501
1235 0.0016287490578773501
1236 0.0016287490578773501
1237 0.0016287490578773501
1238 0.0016287490578773501
1239 0.0016287490578773501
1240 0.0016287490578773501
1241 0.0016287490578773501
1242 0.0016287490578773501
1243 0.0016287490578773501
1244 0.0016287490578773501
1245 0.0016287490578773501
1246 0.0016287490578773501
1247 0.0016287490578773501
1248 0.0016287490578773501
1249 0.0016287490578773501
1250 0.0016287490578773501
1251 0.0016287490578773501
1252 0.0016287490578773501
1253 0.0016287490578773501
1254 0.0016287490578773501
1255 0.0016287490578773501
1256 0.0016287490578773501
1257 0.0016287490578773501
1258 0.0016287490578773501
1259 0.0016287490578773501
1260 0.0016287490578773501
1261 0.0016287490578773501
1262 0.0016287490578773501
1263 0.0016287490578773501
1264 0.0016287490578773501
1265 0.0016287490578773501
1266 0.0016287490578773501
1267 0.0016287490578773501
1268 0.0016287490578773501
1269 0.0016287490578773501
1270 0.0016287490578773501
1271 0.0016287490578773501
1272 0.0016287490578773501
1273 0.0016287490578773501
1274 0.0016287490578773501
1275 0.0016287490578773501
1276 0.0016287490578773501
1277 0.0016287490578773501
1278 0.0016287490578773501
1279 0.0016287490578773501
1280 0.0016287490578773501
1281 0.0016287490578773501
1282 0.0016287490578773501
1283 0.0016287490578773501
1284 0.0016287490578773501
1285 0.0016287490578773501
1286 0.0016287490578773501
1287 0.0016287490578773501
1288 0.0016287490578773501
1289 0.0016287490578773501
1290 0.0016287490578773501
1291 0.0016287490578773501
1292 0.0016287490578773501
1293 0.0016287490578773501
1294 0.0016287490578773501
1295 0.0016287490578773501
1296 0.0016287490578773501
1297 0.0016287490578773501
1298 0.0016287490578773501
1299 0.0016287490578773501
1300 0.0016287490578773501
1301 0.0016287490578773501
1302 0.0016287490578773501
1303 0.0016287490578773501
1304 0.0016287490578773501
1305 0.0016287490578773501
1306 0.0016287490578773501
1307 0.0016287490578773501
1308 0.0016287490578773501
1309 0.0016287490578773501
1310 0.0016287490578773501
1311 0.0016287490578773501
1312 0.0016287490578773501
1313 0.0016287490578773501
1314 0.0016287490578773501
1315 0.0016287490578773501
1316 0.0016287490578773501
1317 0.0016287490578773501
1318 0.0016287490578773501
1319 0.0016287490578773501
1320 0.0016287490578773501
1321 0.0016287490578773501
1322 0.0010858327052516664
1323 0.0010858327052516664
1324 0.0010858327052516664
1325 0.0010858327052516664
1326 0.0016287490578773501
1327 0.0016287490578773501
1328 0.0016287490578773501
1329 0.0016287490578773501
1330 0.0016287490578773501
1331 0.0016287490578773501
1332 0.0016287490578773501
1333 0.0016287490578773501
1334 0.0016287490578773501
1335 0.0016287490578773501
1336 0.0016287490578773501
1337 0.0016287490578773501
1338 0.0016287490578773501
1339 0.0016287490578773501
1340 0.0016287490578773501
1341 0.0010858327052516664
1342 0.0010858327052516664
1343 0.0010858327052516664
1344 0.0010858327052516664
1345 0.0010858327052516664
1346 0.0016287490578773501
1347 0.0010858327052516664
1348 0.0010858327052516664
1349 0.0010858327052516664
1350 0.0010858327052516664
1351 0.0010858327052516664
1352 0.0010858327052516664
1353 0.0010858327052516664
1354 0.0010858327052516664
1355 0.0010858327052516664
1356 0.0010858327052516664
1357 0.0010858327052516664
1358 0.0010858327052516664
1359 0.0010858327052516664
1360 0.0010858327052516664
1361 0.0010858327052516664
1362 0.0010858327052516664
1363 0.0010858327052516664
1364 0.0010858327052516664
1365 0.0010858327052516664
1366 0.0010858327052516664
1367 0.0010858327052516664
1368 0.0010858327052516664
1369 0.0010858327052516664
1370 0.0010858327052516664
1371 0.0010858327052516664
1372 0.0010858327052516664
1373 0.0010858327052516664
1374 0.0016287490578773501
1375 0.0016287490578773501
1376 0.0010858327052516664
1377 0.0010858327052516664
1378 0.0010858327052516664
1379 0.0010858327052516664
1380 0.0010858327052516664
1381 0.0010858327052516664
1382 0.0010858327052516664
1383 0.0010858327052516664
1384 0.0010858327052516664
1385 0.0010858327052516664
1386 0.0010858327052516664
1387 0.0010858327052516664
1388 0.0010858327052516664
1389 0.0010858327052516664
1390 0.0010858327052516664
1391 0.0010858327052516664
1392 0.0010858327052516664
1393 0.0010858327052516664
1394 0.0010858327052516664
1395 0.0010858327052516664
1396 0.0010858327052516664
1397 0.0010858327052516664
1398 0.0010858327052516664
1399 0.0010858327052516664
1400 0.0010858327052516664
1401 0.0010858327052516664
1402 0.0010858327052516664
1403 0.0010858327052516664
1404 0.0010858327052516664
1405 0.0010858327052516664
1406 0.0010858327052516664
1407 0.0010858327052516664
1408 0.0010858327052516664
1409 0.0010858327052516664
1410 0.0010858327052516664
1411 0.0010858327052516664
1412 0.0010858327052516664
1413 0.0010858327052516664
1414 0.0010858327052516664
1415 0.0010858327052516664
1416 0.0010858327052516664
1417 0.0010858327052516664
1418 0.0010858327052516664
1419 0.0010858327052516664
1420 0.0010858327052516664
1421 0.0010858327052516664
1422 0.0010858327052516664
1423 0.0010858327052516664
1424 0.0010858327052516664
1425 0.0010858327052516664
1426 0.0010858327052516664
1427 0.0010858327052516664
1428 0.0010858327052516664
1429 0.0010858327052516664
1430 0.0010858327052516664
1431 0.0010858327052516664
1432 0.0010858327052516664
1433 0.0010858327052516664
1434 0.0016287490578774998
1435 0.0016287490578774998
1436 0.0016287490578774998
1437 0.0016287490578774998
1438 0.0016287490578774998
1439 0.0016287490578774998
1440 0.0016287490578774998
1441 0.0010858327052516664
1442 0.0010858327052516664
1443 0.0010858327052516664
1444 0.0010858327052516664
1445 0.0016287490578774998
1446 0.0010858327052516664
1447 0.0010858327052516664
1448 0.0016287490578774998
1449 0.0016287490578774998
1450 0.0016287490578774998
1451 0.0016287490578774998
1452 0.0016287490578774998
1453 0.0016287490578774998
1454 0.0016287490578774998
1455 0.0016287490578774998
1456 0.0016287490578774998
1457 0.0016287490578774998
1458 0.0016287490578774998
1459 0.0016287490578774998
1460 0.0016287490578774998
1461 0.0016287490578774998
1462 0.0016287490578774998
1463 0.0016287490578774998
1464 0.0016287490578774998
1465 0.0016287490578774998
1466 0.0016287490578774998
1467 0.0016287490578774998
1468 0.0016287490578774998
1469 0.0016287490578774998
1470 0.0016287490578774998
1471 0.0016287490578774998
1472 0.0016287490578774998
1473 0.0016287490578774998
1474 0.0016287490578774998
1475 0.0016287490578774998
1476 0.0016287490578774998
1477 0.0016287490578774998
1478 0.0016287490578774998
1479 0.0016287490578774998
1480 0.0016287490578774998
1481 0.0016287490578774998
1482 0.0016287490578774998
1483 0.0016287490578774998
1484 0.0016287490578774998
1485 0.0016287490578774998
1486 0.0016287490578774998
1487 0.0016287490578774998
1488 0.0016287490578774998
1489 0.0016287490578774998
1490 0.0016287490578774998
1491 0.0016287490578774998
1492 0.0016287490578774998
1493 0.0016287490578774998
1494 0.0016287490578774998
1495 0.0016287490578774998
1496 0.0016287490578774998
1497 0.0016287490578774998
1498 0.0016287490578774998
1499 0.0016287490578774998
1500 0.0016287490578774998
1501 0.0016287490578774998
1502 0.0016287490578774998
1503 0.0016287490578774998
1504 0.0016287490578774998
1505 0.0016287490578774998
1506 0.0016287490578774998
1507 0.0016287490578774998
1508 0.0016287490578774998
1509 0.0016287490578774998
1510 0.0016287490578774998
1511 0.0016287490578774998
1512 0.0016287490578774998
1513 0.0016287490578774998
1514 0.0016287490578774998
1515 0.0016287490578774998
1516 0.0016287490578774998
1517 0.0016287490578774998
1518 0.0016287490578774998
1519 0.0016287490578774998
1520 0.0016287490578774998
1521 0.0016287490578774998
1522 0.0016287490578774998
1523 0.0016287490578774998
1524 0.0016287490578774998
1525 0.0016287490578774998
1526 0.0016287490578774998
1527 0.0016287490578774998
1528 0.0016287490578774998
1529 0.0016287490578774998
1530 0.0016287490578774998
1531 0.0016287490578774998
1532 0.0016287490578774998
1533 0.0016287490578774998
1534 0.0016287490578774998
1535 0.0016287490578774998
1536 0.0016287490578774998
1537 0.0016287490578774998
1538 0.0016287490578774998
1539 0.0016287490578774998
1540 0.0016287490578774998
1541 0.0016287490578774998
1542 0.0016287490578774998
1543 0.0016287490578774998
1544 0.0016287490578774998
1545 0.0016287490578774998
1546 0.0016287490578774998
1547 0.0016287490578774998
1548 0.0016287490578774998
1549 0.0016287490578774998
1550 0.0016287490578774998
1551 0.0016287490578774998
1552 0.0016287490578774998
1553 0.0016287490578774998
1554 0.0016287490578774998
1555 0.0016287490578774998
1556 0.0016287490578774998
1557 0.0016287490578774998
1558 0.0016287490578774998
1559 0.0016287490578774998
1560 0.0016287490578774998
1561 0.0016287490578774998
1562 0.0016287490578774998
1563 0.0016287490578774998
1564 0.0016287490578774998
1565 0.0016287490578774998
1566 0.0016287490578774998
1567 0.0016287490578774998
1568 0.0016287490578774998
1569 0.0016287490578774998
1570 0.0016287490578774998
1571 0.0016287490578774998
1572 0.0016287490578774998
1573 0.0016287490578774998
1574 0.0016287490578774998
1575 0.0016287490578774998
1576 0.0016287490578774998
1577 0.0016287490578774998
1578 0.0016287490578774998
1579 0.0016287490578774998
1580 0.0016287490578774998
1581 0.0016287490578774998
1582 0.0016287490578774998
1583 0.0016287490578774998
1584 0.0016287490578774998
1585 0.0016287490578774998
1586 0.0016287490578774998
1587 0.0016287490578774998
1588 0.0016287490578774998
1589 0.0016287490578774998
1590 0.0016287490578774998
1591 0.0016287490578774998
1592 0.0016287490578774998
1593 0.0016287490578774998
1594 0.0016287490578774998
1595 0.0016287490578774998
1596 0.0016287490578774998
1597 0.0016287490578774998
1598 0.0016287490578774998
1599 0.0016287490578774998
1600 0.0016287490578774998
1601 0.0016287490578774998
1602 0.0016287490578774998
1603 0.0016287490578774998
1604 0.0016287490578774998
1605 0.0016287490578774998
1606 0.0016287490578774998
1607 0.0016287490578774998
1608 0.0016287490578774998
1609 0.0016287490578774998
1610 0.0016287490578774998
1611 0.0016287490578774998
1612 0.0016287490578774998
1613 0.0016287490578774998
1614 0.0016287490578774998
1615 0.0016287490578774998
1616 0.0016287490578774998
1617 0.0016287490578774998
1618 0.0016287490578774998
1619 0.0016287490578774998
1620 0.0016287490578774998
1621 0.0016287490578774998
1622 0.0016287490578774998
1623 0.0016287490578774998
1624 0.0016287490578774998
1625 0.0016287490578774998
1626 0.0016287490578774998
1627 0.0016287490578774998
1628 0.0016287490578774998
1629 0.0016287490578774998
1630 0.0016287490578774998
1631 0.0016287490578774998
1632 0.0016287490578774998
1633 0.0016287490578774998
1634 0.0016287490578774998
1635 0.0016287490578774998
1636 0.0016287490578774998
1637 0.0016287490578774998
1638 0.0016287490578774998
1639 0.0016287490578774998
1640 0.0016287490578774998
1641 0.0016287490578774998
1642 0.0016287490578774998
1643 0.0016287490578774998
1644 0.0016287490578774998
1645 0.0016287490578774998
1646 0.0016287490578774998
1647 0.0016287490578774998
1648 0.0016287490578774998
1649 0.0016287490578774998
1650 0.0016287490578774998
1651 0.0016287490578774998
1652 0.0016287490578774998
1653 0.0016287490578774998
1654 0.0016287490578774998
1655 0.0016287490578774998
1656 0.0016287490578774998
1657 0.0016287490578774998
1658 0.0016287490578774998
1659 0.0016287490578774998
1660 0.0016287490578774998
1661 0.0016287490578774998
1662 0.0016287490578774998
1663 0.0016287490578774998
1664 0.0016287490578774998
1665 0.0016287490578774998
1666 0.0016287490578774998
1667 0.0016287490578774998
1668 0.0016287490578774998
1669 0.0016287490578774998
1670 0.0016287490578774998
1671 0.0016287490578774998
1672 0.0016287490578774998
1673 0.0016287490578774998
1674 0.0016287490578774998
1675 0.0016287490578774998
1676 0.0016287490578774998
1677 0.0016287490578774998
1678 0.0016287490578774998
1679 0.0016287490578774998
1680 0.0016287490578774998
1681 0.0016287490578774998
1682 0.0016287490578774998
1683 0.0016287490578774998
1684 0.0016287490578774998
1685 0.0016287490578774998
1686 0.0016287490578774998
1687 0.0016287490578774998
1688 0.0016287490578774998
1689 0.0016287490578774998
1690 0.0016287490578774998
1691 0.0016287490578774998
1692 0.0016287490578774998
1693 0.0016287490578774998
1694 0.0016287490578774998
1695 0.0016287490578774998
1696 0.0016287490578774998
1697 0.0016287490578774998
1698 0.0016287490578774998
1699 0.0016287490578774998
1700 0.0016287490578774998
1701 0.0016287490578774998
1702 0.0016287490578774998
1703 0.0016287490578774998
1704 0.0016287490578774998
1705 0.0016287490578774998
1706 0.0016287490578774998
1707 0.0016287490578774998
1708 0.0016287490578774998
1709 0.0016287490578774998
1710 0.0016287490578774998
1711 0.0016287490578774998
1712 0.0016287490578774998
1713 0.0016287490578774998
1714 0.0016287490578774998
1715 0.0016287490578774998
1716 0.0016287490578774998
1717 0.0016287490578774998
1718 0.0016287490578774998
1719 0.0016287490578774998
1720 0.0016287490578774998
1721 0.0016287490578774998
1722 0.0016287490578774998
1723 0.0016287490578774998
1724 0.0016287490578774998
1725 0.0016287490578774998
1726 0.0016287490578774998
1727 0.0016287490578774998
1728 0.0016287490578774998
1729 0.0016287490578774998
1730 0.0016287490578774998
1731 0.0016287490578774998
1732 0.0016287490578774998
1733 0.0016287490578774998
1734 0.0016287490578774998
1735 0.0016287490578774998
1736 0.0016287490578774998
1737 0.0016287490578774998
1738 0.0016287490578774998
1739 0.0016287490578774998
1740 0.0016287490578774998
1741 0.0016287490578774998
1742 0.0016287490578774998
1743 0.0016287490578774998
1744 0.0016287490578774998
1745 0.0016287490578774998
1746 0.0016287490578774998
1747 0.0016287490578774998
1748 0.0016287490578774998
1749 0.0016287490578774998
1750 0.0016287490578774998
1751 0.0016287490578774998
1752 0.0016287490578774998
1753 0.0016287490578774998
1754 0.0016287490578774998
1755 0.0016287490578774998
1756 0.0016287490578774998
1757 0.0016287490578774998
1758 0.0016287490578774998
1759 0.0016287490578774998
1760 0.0016287490578774998
1761 0.0016287490578774998
1762 0.0016287490578774998
1763 0.0016287490578774998
1764 0.0016287490578774998
1765 0.0016287490578774998
1766 0.0016287490578774998
1767 0.0016287490578774998
1768 0.0016287490578774998
1769 0.0016287490578774998
1770 0.0016287490578774998
1771 0.0016287490578774998
1772 0.0016287490578774998
1773 0.0016287490578774998
1774 0.0016287490578774998
1775 0.0016287490578774998
1776 0.0016287490578774998
1777 0.0016287490578774998
1778 0.0016287490578774998
1779 0.0016287490578774998
1780 0.0016287490578774998
1781 0.0016287490578774998
1782 0.0016287490578774998
1783 0.0016287490578774998
1784 0.0016287490578774998
1785 0.0016287490578774998
1786 0.0016287490578774998
1787 0.0016287490578774998
1788 0.0016287490578774998
1789 0.0016287490578774998
1790 0.0016287490578774998
1791 0.0016287490578774998
1792 0.0016287490578774998
1793 0.0016287490578774998
1794 0.0016287490578774998
1795 0.0016287490578774998
1796 0.0016287490578774998
1797 0.0016287490578774998
1798 0.0016287490578774998
1799 0.0016287490578774998
1800 0.0016287490578774998
1801 0.0016287490578774998
1802 0.0016287490578774998
1803 0.0016287490578774998
1804 0.0016287490578774998
1805 0.0016287490578774998
1806 0.0016287490578774998
1807 0.0016287490578774998
1808 0.0016287490578774998
1809 0.0016287490578774998
1810 0.0016287490578774998
1811 0.0016287490578774998
1812 0.0016287490578774998
1813 0.0016287490578774998
1814 0.0016287490578774998
1815 0.0016287490578774998
1816 0.0016287490578774998
1817 0.0016287490578774998
1818 0.0016287490578774998
1819 0.0016287490578774998
1820 0.0016287490578774998
1821 0.0016287490578774998
1822 0.0016287490578774998
1823 0.0016287490578774998
1824 0.0016287490578774998
1825 0.0016287490578774998
1826 0.0016287490578774998
1827 0.0016287490578774998
1828 0.0016287490578774998
1829 0.0016287490578774998
1830 0.0016287490578774998
1831 0.0016287490578774998
1832 0.0016287490578774998
1833 0.0016287490578774998
1834 0.0016287490578774998
1835 0.0016287490578774998
1836 0.0016287490578774998
1837 0.0016287490578774998
1838 0.0016287490578774998
1839 0.0016287490578774998
1840 0.0016287490578774998
1841 0.0016287490578774998
1842 0.0016287490578774998
1843 0.0016287490578774998
1844 0.0016287490578774998
1845 0.0016287490578774998
1846 0.0016287490578774998
1847 0.0016287490578774998
1848 0.0016287490578774998
1849 0.0016287490578774998
1850 0.0016287490578774998
1851 0.0016287490578774998
1852 0.0016287490578774998
1853 0.0016287490578774998
1854 0.0016287490578774998
1855 0.0016287490578774998
1856 0.0016287490578774998
1857 0.0016287490578774998
1858 0.0016287490578774998
1859 0.0016287490578774998
1860 0.0016287490578774998
1861 0.0016287490578774998
1862 0.0016287490578774998
1863 0.0016287490578774998
1864 0.0016287490578774998
1865 0.0016287490578774998
1866 0.0016287490578774998
1867 0.0016287490578774998
1868 0.0016287490578774998
1869 0.0016287490578774998
1870 0.0016287490578774998
1871 0.0016287490578774998
1872 0.0016287490578774998
1873 0.0016287490578774998
1874 0.0016287490578774998
1875 0.0016287490578774998
1876 0.0016287490578774998
1877 0.0016287490578774998
1878 0.0016287490578774998
1879 0.0016287490578774998
1880 0.0016287490578774998
1881 0.0016287490578774998
1882 0.0016287490578774998
1883 0.0016287490578774998
1884 0.0016287490578774998
1885 0.0016287490578774998
1886 0.0016287490578774998
1887 0.0016287490578774998
1888 0.0016287490578774998
1889 0.0016287490578774998
1890 0.0016287490578774998
1891 0.0016287490578774998
1892 0.0016287490578774998
1893 0.0016287490578774998
1894 0.0016287490578774998
1895 0.0016287490578774998
1896 0.0016287490578774998
1897 0.0016287490578774998
1898 0.0016287490578774998
1899 0.0016287490578774998
1900 0.0016287490578774998
1901 0.0016287490578774998
1902 0.0016287490578774998
1903 0.0016287490578774998
1904 0.0016287490578774998
1905 0.0016287490578774998
1906 0.0016287490578774998
1907 0.0016287490578774998
1908 0.0016287490578774998
1909 0.0016287490578774998
1910 0.0016287490578774998
1911 0.0016287490578774998
1912 0.0016287490578774998
1913 0.0016287490578774998
1914 0.0016287490578774998
1915 0.0016287490578774998
1916 0.0016287490578774998
1917 0.0016287490578774998
1918 0.0016287490578774998
1919 0.0016287490578774998
1920 0.0016287490578774998
1921 0.0016287490578774998
1922 0.0016287490578774998
1923 0.0016287490578774998
1924 0.0016287490578774998
1925 0.0016287490578774998
1926 0.0016287490578774998
1927 0.0016287490578774998
1928 0.0016287490578774998
1929 0.0016287490578774998
1930 0.0016287490578774998
1931 0.0016287490578774998
1932 0.0016287490578774998
1933 0.0016287490578774998
1934 0.0016287490578774998
1935 0.0016287490578774998
1936 0.0016287490578774998
1937 0.0016287490578774998
1938 0.0016287490578774998
1939 0.0016287490578774998
1940 0.0016287490578774998
1941 0.0016287490578774998
1942 0.0016287490578774998
1943 0.0016287490578774998
1944 0.0016287490578774998
1945 0.0016287490578774998
1946 0.0016287490578774998
1947 0.0016287490578774998
1948 0.0016287490578774998
1949 0.0016287490578774998
1950 0.0016287490578774998
1951 0.0016287490578774998
1952 0.0016287490578774998
1953 0.0016287490578774998
1954 0.0016287490578774998
1955 0.0016287490578774998
1956 0.0016287490578774998
1957 0.0016287490578774998
1958 0.0016287490578774998
1959 0.0016287490578774998
1960 0.0016287490578774998
1961 0.0016287490578774998
1962 0.0016287490578774998
1963 0.0016287490578774998
1964 0.0016287490578774998
1965 0.0016287490578774998
1966 0.0016287490578774998
1967 0.0016287490578774998
1968 0.0016287490578774998
1969 0.0016287490578774998
1970 0.0016287490578774998
1971 0.0016287490578774998
1972 0.0016287490578774998
1973 0.0016287490578774998
1974 0.0016287490578774998
1975 0.0016287490578774998
1976 0.0016287490578774998
1977 0.0016287490578774998
1978 0.0016287490578774998
1979 0.0016287490578774998
1980 0.0016287490578774998
1981 0.0016287490578774998
1982 0.0016287490578774998
1983 0.0016287490578774998
1984 0.0016287490578774998
1985 0.0016287490578774998
1986 0.0016287490578774998
1987 0.0016287490578774998
1988 0.0016287490578774998
1989 0.0016287490578774998
1990 0.0016287490578774998
1991 0.0016287490578774998
1992 0.0016287490578774998
1993 0.0016287490578774998
1994 0.0016287490578774998
1995 0.0016287490578774998
1996 0.0016287490578774998
1997 0.0016287490578774998
1998 0.0016287490578774998
1999 0.0016287490578774998
2000 0.0016287490578774998
2001 0.0016287490578774998
2002 0.0016287490578774998
2003 0.0016287490578774998
2004 0.0016287490578774998
2005 0.0016287490578774998
2006 0.0016287490578774998
2007 0.0016287490578774998
2008 0.0016287490578774998
2009 0.0016287490578774998
2010 0.0016287490578774998
2011 0.0016287490578774998
2012 0.0016287490578774998
2013 0.0016287490578774998
2014 0.0016287490578774998
2015 0.0016287490578774998
2016 0.0016287490578774998
2017 0.0016287490578774998
2018 0.0016287490578774998
2019 0.0016287490578774998
2020 0.0016287490578774998
2021 0.0016287490578774998
2022 0.0016287490578774998
2023 0.0016287490578774998
2024 0.0016287490578774998
2025 0.0016287490578774998
2026 0.0016287490578774998
2027 0.0016287490578774998
2028 0.0016287490578774998
2029 0.0016287490578774998
2030 0.0016287490578774998
2031 0.0016287490578774998
2032 0.0016287490578774998
2033 0.0016287490578774998
2034 0.0016287490578774998
2035 0.0016287490578774998
2036 0.0016287490578774998
2037 0.0016287490578774998
2038 0.0016287490578774998
2039 0.0016287490578774998
2040 0.0016287490578774998
2041 0.0016287490578774998
2042 0.0016287490578774998
2043 0.0016287490578774998
2044 0.0016287490578774998
2045 0.0016287490578774998
2046 0.0016287490578774998
2047 0.0016287490578774998
2048 0.0016287490578774998
2049 0.0016287490578774998
2050 0.0016287490578774998
2051 0.0016287490578774998
2052 0.0016287490578774998
2053 0.0016287490578774998
2054 0.0016287490578774998
2055 0.0016287490578774998
2056 0.0016287490578774998
2057 0.0016287490578774998
2058 0.0016287490578774998
2059 0.0016287490578774998
2060 0.0016287490578774998
2061 0.0016287490578774998
2062 0.0016287490578774998
2063 0.0016287490578774998
2064 0.0016287490578774998
2065 0.0016287490578774998
2066 0.0016287490578774998
2067 0.0016287490578774998
2068 0.0016287490578774998
2069 0.0016287490578774998
2070 0.0016287490578774998
2071 0.0016287490578774998
2072 0.0016287490578774998
2073 0.0016287490578774998
2074 0.0016287490578774998
2075 0.0016287490578774998
2076 0.0016287490578774998
2077 0.0016287490578774998
2078 0.0016287490578774998
2079 0.0016287490578774998
2080 0.0016287490578774998
2081 0.0016287490578774998
2082 0.0016287490578774998
2083 0.0016287490578774998
2084 0.0016287490578774998
2085 0.0016287490578774998
2086 0.0016287490578774998
2087 0.0016287490578774998
2088 0.0016287490578774998
2089 0.0016287490578774998
2090 0.0016287490578774998
2091 0.0016287490578774998
2092 0.0016287490578774998
2093 0.0016287490578774998
2094 0.0016287490578774998
2095 0.0016287490578774998
2096 0.0016287490578774998
2097 0.0016287490578774998
2098 0.0016287490578774998
2099 0.0016287490578774998
2100 0.0016287490578774998
2101 0.0016287490578774998
2102 0.0016287490578774998
2103 0.0016287490578774998
2104 0.0016287490578774998
2105 0.0016287490578774998
2106 0.0016287490578774998
2107 0.0016287490578774998
2108 0.0016287490578774998
2109 0.0016287490578774998
2110 0.0016287490578774998
2111 0.0016287490578774998
2112 0.0016287490578774998
2113 0.0016287490578774998
2114 0.0016287490578774998
2115 0.0016287490578774998
2116 0.0016287490578774998
2117 0.0016287490578774998
2118 0.0016287490578774998
2119 0.0016287490578774998
2120 0.0016287490578774998
2121 0.0016287490578774998
2122 0.0016287490578774998
2123 0.0016287490578774998
2124 0.0016287490578774998
2125 0.0016287490578774998
2126 0.0016287490578774998
2127 0.0016287490578774998
2128 0.0016287490578774998
2129 0.0016287490578774998
2130 0.0016287490578774998
2131 0.0016287490578774998
2132 0.0016287490578774998
2133 0.0016287490578774998
2134 0.0016287490578774998
2135 0.0016287490578774998
2136 0.0016287490578774998
2137 0.0016287490578774998
2138 0.0016287490578774998
2139 0.0016287490578774998
2140 0.0016287490578774998
2141 0.0016287490578774998
2142 0.0016287490578774998
2143 0.0016287490578774998
2144 0.0016287490578774998
2145 0.0016287490578774998
2146 0.0016287490578774998
2147 0.0016287490578774998
2148 0.0016287490578774998
2149 0.0016287490578774998
2150 0.0016287490578774998
2151 0.0016287490578774998
2152 0.0016287490578774998
2153 0.0016287490578774998
2154 0.0016287490578774998
2155 0.0016287490578774998
2156 0.0016287490578774998
2157 0.0016287490578774998
2158 0.0016287490578774998
2159 0.0016287490578774998
2160 0.0016287490578774998
2161 0.0016287490578774998
2162 0.0016287490578774998
2163 0.0016287490578774998
2164 0.0016287490578774998
2165 0.0016287490578774998
2166 0.0016287490578774998
2167 0.0016287490578774998
2168 0.0016287490578774998
2169 0.0016287490578774998
2170 0.0016287490578774998
2171 0.0016287490578774998
2172 0.0016287490578774998
2173 0.0016287490578774998
2174 0.0016287490578774998
2175 0.0016287490578774998
2176 0.0016287490578774998
2177 0.0016287490578774998
2178 0.0016287490578774998
2179 0.0016287490578774998
2180 0.0016287490578774998
2181 0.0016287490578774998
2182 0.0016287490578774998
2183 0.0016287490578774998
2184 0.0016287490578774998
2185 0.0016287490578774998
2186 0.0016287490578774998
2187 0.0016287490578774998
2188 0.0016287490578774998
2189 0.0016287490578774998
2190 0.0016287490578774998
2191 0.0016287490578774998
2192 0.0016287490578774998
2193 0.0016287490578774998
2194 0.0016287490578774998
2195 0.0016287490578774998
2196 0.0016287490578774998
2197 0.0016287490578774998
2198 0.0016287490578774998
2199 0.0016287490578774998
2200 0.0016287490578774998
2201 0.0016287490578774998
2202 0.0016287490578774998
2203 0.0016287490578774998
2204 0.0016287490578774998
2205 0.0016287490578774998
2206 0.0016287490578774998
2207 0.0016287490578774998
2208 0.0016287490578774998
2209 0.0016287490578774998
2210 0.0016287490578774998
2211 0.0016287490578774998
2212 0.0016287490578774998
2213 0.0016287490578774998
2214 0.0016287490578774998
2215 0.0016287490578774998
2216 0.0016287490578774998
2217 0.0016287490578774998
2218 0.0016287490578774998
2219 0.0016287490578774998
2220 0.0016287490578774998
2221 0.0016287490578774998
2222 0.0016287490578774998
2223 0.0016287490578774998
2224 0.0016287490578774998
2225 0.0016287490578774998
2226 0.0016287490578774998
2227 0.0016287490578774998
2228 0.0016287490578774998
2229 0.0016287490578774998
2230 0.0016287490578774998
2231 0.0016287490578774998
2232 0.0016287490578774998
2233 0.0016287490578774998
2234 0.0016287490578774998
2235 0.0016287490578774998
2236 0.0016287490578774998
2237 0.0016287490578774998
2238 0.0016287490578774998
2239 0.0016287490578774998
2240 0.0016287490578774998
2241 0.0016287490578774998
2242 0.0016287490578774998
2243 0.0016287490578774998
2244 0.0016287490578774998
2245 0.0016287490578774998
2246 0.0016287490578774998
2247 0.0016287490578774998
2248 0.0016287490578774998
2249 0.0016287490578774998
2250 0.0016287490578774998
2251 0.0016287490578774998
2252 0.0016287490578774998
2253 0.0016287490578774998
2254 0.0016287490578774998
2255 0.0016287490578774998
2256 0.0016287490578774998
2257 0.0016287490578774998
2258 0.0016287490578774998
2259 0.0016287490578774998
2260 0.0016287490578774998
2261 0.0016287490578774998
2262 0.0016287490578774998
2263 0.0016287490578774998
2264 0.0016287490578774998
2265 0.0016287490578774998
2266 0.0016287490578774998
2267 0.0016287490578774998
2268 0.0016287490578774998
2269 0.0016287490578774998
2270 0.0016287490578774998
2271 0.0016287490578774998
2272 0.0016287490578774998
2273 0.0016287490578774998
2274 0.0016287490578774998
2275 0.0016287490578774998
2276 0.0016287490578774998
2277 0.0016287490578774998
2278 0.0016287490578774998
2279 0.0016287490578774998
2280 0.0016287490578774998
2281 0.0016287490578774998
2282 0.0016287490578774998
2283 0.0016287490578774998
2284 0.0016287490578774998
2285 0.0016287490578774998
2286 0.0016287490578774998
2287 0.0016287490578774998
2288 0.0016287490578774998
2289 0.0016287490578774998
2290 0.0016287490578774998
2291 0.0016287490578774998
2292 0.0016287490578774998
2293 0.0016287490578774998
2294 0.0016287490578774998
2295 0.0016287490578774998
2296 0.0016287490578774998
2297 0.0016287490578774998
2298 0.0016287490578774998
2299 0.0016287490578774998
2300 0.0016287490578774998
2301 0.0016287490578774998
2302 0.0016287490578774998
2303 0.0016287490578774998
2304 0.0016287490578774998
2305 0.0016287490578774998
2306 0.0016287490578774998
2307 0.0016287490578774998
2308 0.0016287490578774998
2309 0.0016287490578774998
2310 0.0016287490578774998
2311 0.0016287490578774998
2312 0.0016287490578774998
2313 0.0016287490578774998
2314 0.0016287490578774998
2315 0.0016287490578774998
2316 0.0016287490578774998
2317 0.0016287490578774998
2318 0.0016287490578774998
2319 0.0016287490578774998
2320 0.0016287490578774998
2321 0.0016287490578774998
2322 0.0016287490578774998
2323 0.0016287490578774998
2324 0.0016287490578774998
2325 0.0016287490578774998
2326 0.0016287490578774998
2327 0.0016287490578774998
2328 0.0016287490578774998
2329 0.0016287490578774998
2330 0.0016287490578774998
2331 0.0016287490578774998
2332 0.0016287490578774998
2333 0.0016287490578774998
2334 0.0016287490578774998
2335 0.0016287490578774998
2336 0.0016287490578774998
2337 0.0016287490578774998
2338 0.0016287490578774998
2339 0.0016287490578774998
2340 0.0016287490578774998
2341 0.0016287490578774998
2342 0.0016287490578774998
2343 0.0016287490578774998
2344 0.0016287490578774998
2345 0.0016287490578774998
2346 0.0016287490578774998
2347 0.0016287490578774998
2348 0.0016287490578774998
2349 0.0016287490578774998
2350 0.0016287490578774998
2351 0.0016287490578774998
2352 0.0016287490578774998
2353 0.0016287490578774998
2354 0.0016287490578774998
2355 0.0016287490578774998
2356 0.0016287490578774998
2357 0.0016287490578774998
2358 0.0016287490578774998
2359 0.0016287490578774998
2360 0.0016287490578774998
2361 0.0016287490578774998
2362 0.0016287490578774998
2363 0.0016287490578774998
2364 0.0016287490578774998
2365 0.0016287490578774998
2366 0.0016287490578774998
2367 0.0016287490578774998
2368 0.0016287490578774998
2369 0.0016287490578774998
2370 0.0016287490578774998
2371 0.0016287490578774998
2372 0.0016287490578774998
2373 0.0016287490578774998
2374 0.0016287490578774998
2375 0.0016287490578774998
2376 0.0016287490578774998
2377 0.0016287490578774998
2378 0.0016287490578774998
2379 0.0016287490578774998
2380 0.0016287490578774998
2381 0.0016287490578774998
2382 0.0016287490578774998
2383 0.0016287490578774998
2384 0.0016287490578774998
2385 0.0016287490578774998
2386 0.0016287490578774998
2387 0.0016287490578774998
2388 0.0016287490578774998
2389 0.0016287490578774998
2390 0.0016287490578774998
2391 0.0016287490578774998
2392 0.0016287490578774998
2393 0.0016287490578774998
2394 0.0016287490578774998
2395 0.0016287490578774998
2396 0.0016287490578774998
2397 0.0016287490578774998
2398 0.0016287490578774998
2399 0.0016287490578774998
2400 0.0016287490578774998
2401 0.0016287490578774998
2402 0.0016287490578774998
2403 0.0016287490578774998
2404 0.0016287490578774998
2405 0.0016287490578774998
2406 0.0016287490578774998
2407 0.0016287490578774998
2408 0.0016287490578774998
2409 0.0016287490578774998
2410 0.0016287490578774998
2411 0.0016287490578774998
2412 0.0016287490578774998
2413 0.0016287490578774998
2414 0.0016287490578774998
2415 0.0016287490578774998
2416 0.0016287490578774998
2417 0.0016287490578774998
2418 0.0016287490578774998
2419 0.0016287490578774998
2420 0.0016287490578774998
2421 0.0016287490578774998
2422 0.0016287490578774998
2423 0.0016287490578774998
2424 0.0016287490578774998
2425 0.0016287490578774998
2426 0.0016287490578774998
2427 0.0016287490578774998
2428 0.0016287490578774998
2429 0.0016287490578774998
2430 0.0016287490578774998
2431 0.0016287490578774998
2432 0.0016287490578774998
2433 0.0016287490578774998
2434 0.0016287490578774998
2435 0.0016287490578774998
2436 0.0016287490578774998
2437 0.0016287490578774998
2438 0.0016287490578774998
2439 0.0016287490578774998
2440 0.0016287490578774998
2441 0.0016287490578774998
2442 0.0016287490578774998
2443 0.0016287490578774998
2444 0.0016287490578774998
2445 0.0016287490578774998
2446 0.0016287490578774998
2447 0.0016287490578774998
2448 0.0016287490578774998
2449 0.0016287490578774998
2450 0.0016287490578774998
2451 0.0016287490578774998
2452 0.0016287490578774998
2453 0.0016287490578774998
2454 0.0016287490578774998
2455 0.0016287490578774998
2456 0.0016287490578774998
2457 0.0016287490578774998
2458 0.0016287490578774998
2459 0.0016287490578774998
2460 0.0016287490578774998
2461 0.0016287490578774998
2462 0.0016287490578774998
2463 0.0016287490578774998
2464 0.0016287490578774998
2465 0.0016287490578774998
2466 0.0016287490578774998
2467 0.0016287490578774998
2468 0.0016287490578774998
2469 0.0016287490578774998
2470 0.0016287490578774998
2471 0.0016287490578774998
2472 0.0016287490578774998
2473 0.0016287490578774998
2474 0.0016287490578774998
2475 0.0016287490578774998
2476 0.0016287490578774998
2477 0.0016287490578774998
2478 0.0016287490578774998
2479 0.0016287490578774998
2480 0.0016287490578774998
2481 0.0016287490578774998
2482 0.0016287490578774998
2483 0.0016287490578774998
2484 0.0016287490578774998
2485 0.0016287490578774998
2486 0.0016287490578774998
2487 0.0016287490578774998
2488 0.0016287490578774998
2489 0.0016287490578774998
2490 0.0016287490578774998
2491 0.0016287490578774998
2492 0.0016287490578774998
2493 0.0016287490578774998
2494 0.0016287490578774998
2495 0.0016287490578774998
2496 0.0016287490578774998
2497 0.0016287490578774998
2498 0.0016287490578774998
2499 0.0016287490578774998
2500 0.0016287490578774998
2501 0.0016287490578774998
2502 0.0016287490578774998
2503 0.0016287490578774998
2504 0.0016287490578774998
2505 0.0016287490578774998
2506 0.0016287490578774998
2507 0.0016287490578774998
2508 0.0016287490578774998
2509 0.0016287490578774998
2510 0.0016287490578774998
2511 0.0016287490578774998
2512 0.0016287490578774998
2513 0.0016287490578774998
2514 0.0016287490578774998
2515 0.0016287490578774998
2516 0.0016287490578774998
2517 0.0016287490578774998
2518 0.0016287490578774998
2519 0.0016287490578774998
2520 0.0016287490578774998
2521 0.0016287490578774998
2522 0.0016287490578774998
2523 0.0016287490578774998
2524 0.0016287490578774998
2525 0.0016287490578774998
2526 0.0016287490578774998
2527 0.0016287490578774998
2528 0.0016287490578774998
2529 0.0016287490578774998
2530 0.0016287490578774998
2531 0.0016287490578774998
2532 0.0016287490578774998
2533 0.0016287490578774998
2534 0.0016287490578774998
2535 0.0016287490578774998
2536 0.0016287490578774998
2537 0.0016287490578774998
2538 0.0016287490578774998
2539 0.0016287490578774998
2540 0.0016287490578774998
2541 0.0016287490578774998
2542 0.0016287490578774998
2543 0.0016287490578774998
2544 0.0016287490578774998
2545 0.0016287490578774998
2546 0.0016287490578774998
2547 0.0016287490578774998
2548 0.0016287490578774998
2549 0.0016287490578774998
2550 0.0016287490578774998
2551 0.0016287490578774998
2552 0.0016287490578774998
2553 0.0016287490578774998
2554 0.0016287490578774998
2555 0.0016287490578774998
2556 0.0016287490578774998
2557 0.0016287490578774998
2558 0.0016287490578774998
2559 0.0016287490578774998
2560 0.0016287490578774998
2561 0.0016287490578774998
2562 0.0016287490578774998
2563 0.0016287490578774998
2564 0.0016287490578774998
2565 0.0016287490578774998
2566 0.0016287490578774998
2567 0.0016287490578774998
2568 0.0016287490578774998
2569 0.0016287490578774998
2570 0.0016287490578774998
2571 0.0016287490578774998
2572 0.0016287490578774998
2573 0.0016287490578774998
2574 0.0016287490578774998
2575 0.0016287490578774998
2576 0.0016287490578774998
2577 0.0016287490578774998
2578 0.0016287490578774998
2579 0.0016287490578774998
2580 0.0016287490578774998
2581 0.0016287490578774998
2582 0.0016287490578774998
2583 0.0016287490578774998
2584 0.0016287490578774998
2585 0.0016287490578774998
2586 0.0016287490578774998
2587 0.0016287490578774998
2588 0.0016287490578774998
2589 0.0016287490578774998
2590 0.0016287490578774998
2591 0.0016287490578774998
2592 0.0016287490578774998
2593 0.0016287490578774998
2594 0.0016287490578774998
2595 0.0016287490578774998
2596 0.0016287490578774998
2597 0.0016287490578774998
2598 0.0016287490578774998
2599 0.0016287490578774998
2600 0.0016287490578774998
2601 0.0016287490578774998
2602 0.0016287490578774998
2603 0.0016287490578774998
2604 0.0016287490578774998
2605 0.0016287490578774998
2606 0.0016287490578774998
2607 0.0016287490578774998
2608 0.0016287490578774998
2609 0.0016287490578774998
2610 0.0016287490578774998
2611 0.0016287490578774998
2612 0.0016287490578774998
2613 0.0016287490578774998
2614 0.0016287490578774998
2615 0.0016287490578774998
2616 0.0016287490578774998
2617 0.0016287490578774998
2618 0.0016287490578774998
2619 0.0016287490578774998
2620 0.0016287490578774998
2621 0.0016287490578774998
2622 0.0016287490578774998
2623 0.0016287490578774998
2624 0.0016287490578774998
2625 0.0016287490578774998
2626 0.0016287490578774998
2627 0.0016287490578774998
2628 0.0016287490578774998
2629 0.0016287490578774998
2630 0.0016287490578774998
2631 0.0016287490578774998
2632 0.0016287490578774998
2633 0.0016287490578774998
2634 0.0016287490578774998
2635 0.0016287490578774998
2636 0.0016287490578774998
2637 0.0016287490578774998
2638 0.0016287490578774998
2639 0.0016287490578774998
2640 0.0016287490578774998
2641 0.0016287490578774998
2642 0.0016287490578774998
2643 0.0016287490578774998
2644 0.0016287490578774998
2645 0.0016287490578774998
2646 0.0016287490578774998
2647 0.0016287490578774998
2648 0.0016287490578774998
2649 0.0016287490578774998
2650 0.0016287490578774998
2651 0.0016287490578774998
2652 0.0016287490578774998
2653 0.0016287490578774998
2654 0.0016287490578774998
2655 0.0016287490578774998
2656 0.0016287490578774998
2657 0.0016287490578774998
2658 0.0016287490578774998
2659 0.0016287490578774998
2660 0.0016287490578774998
2661 0.0016287490578774998
2662 0.0016287490578774998
2663 0.0016287490578774998
2664 0.0016287490578774998
2665 0.0016287490578774998
2666 0.0016287490578774998
2667 0.0016287490578774998
2668 0.0016287490578774998
2669 0.0016287490578774998
2670 0.0016287490578774998
2671 0.0016287490578774998
2672 0.0016287490578774998
2673 0.0016287490578774998
2674 0.0016287490578774998
2675 0.0016287490578774998
2676 0.0016287490578774998
2677 0.0016287490578774998
2678 0.0016287490578774998
2679 0.0016287490578774998
2680 0.0016287490578774998
2681 0.0016287490578774998
2682 0.0016287490578774998
2683 0.0016287490578774998
2684 0.0016287490578774998
2685 0.0016287490578774998
2686 0.0016287490578774998
2687 0.0016287490578774998
2688 0.0016287490578774998
2689 0.0016287490578774998
2690 0.0016287490578774998
2691 0.0016287490578774998
2692 0.0016287490578774998
2693 0.0016287490578774998
2694 0.0016287490578774998
2695 0.0016287490578774998
2696 0.0016287490578774998
2697 0.0016287490578774998
2698 0.0016287490578774998
2699 0.0016287490578774998
2700 0.0016287490578774998
2701 0.0010858327052516664
2702 0.0016287490578774998
2703 0.0016287490578774998
2704 0.0016287490578774998
2705 0.0016287490578774998
2706 0.0016287490578774998
2707 0.0016287490578774998
2708 0.0016287490578774998
2709 0.0016287490578774998
2710 0.0016287490578774998
2711 0.0016287490578774998
2712 0.0016287490578774998
2713 0.0016287490578774998
2714 0.0016287490578774998
2715 0.0016287490578774998
2716 0.0016287490578774998
2717 0.0016287490578774998
2718 0.0016287490578774998
2719 0.0016287490578774998
2720 0.0016287490578774998
2721 0.0016287490578774998
2722 0.0016287490578774998
2723 0.0016287490578774998
2724 0.0016287490578774998
2725 0.0016287490578774998
2726 0.0016287490578774998
2727 0.0016287490578774998
2728 0.0016287490578774998
2729 0.0016287490578774998
2730 0.0016287490578774998
2731 0.0016287490578774998
2732 0.0016287490578774998
2733 0.0016287490578774998
2734 0.0016287490578774998
2735 0.0016287490578774998
2736 0.0016287490578774998
2737 0.0016287490578774998
2738 0.0016287490578774998
2739 0.0016287490578774998
2740 0.0016287490578774998
2741 0.0016287490578774998
2742 0.0016287490578774998
2743 0.0016287490578774998
2744 0.0016287490578774998
2745 0.0016287490578774998
2746 0.0016287490578774998
2747 0.0016287490578774998
2748 0.0016287490578774998
2749 0.0016287490578774998
2750 0.0016287490578774998
2751 0.0010858327052516664
2752 0.0010858327052516664
2753 0.0010858327052516664
2754 0.0010858327052516664
2755 0.0010858327052516664
2756 0.0010858327052516664
2757 0.0010858327052516664
2758 0.0010858327052516664
2759 0.0010858327052516664
2760 0.0010858327052516664
2761 0.0010858327052516664
2762 0.0010858327052516664
2763 0.0010858327052516664
2764 0.0010858327052516664
2765 0.0010858327052516664
2766 0.0010858327052516664
2767 0.0010858327052516664
2768 0.0010858327052516664
2769 0.0010858327052516664
2770 0.0010858327052516664
2771 0.0010858327052516664
2772 0.0010858327052516664
2773 0.0010858327052516664
2774 0.0010858327052516664
2775 0.0010858327052516664
2776 0.0010858327052516664
2777 0.0010858327052516664
2778 0.0010858327052516664
2779 0.0010858327052516664
2780 0.0010858327052516664
2781 0.0010858327052516664
2782 0.0010858327052516664
2783 0.0010858327052516664
2784 0.0010858327052516664
2785 0.0010858327052516664
2786 0.0010858327052516664
2787 0.0010858327052516664
2788 0.0010858327052516664
2789 0.0010858327052516664
2790 0.0010858327052516664
2791 0.0010858327052516664
2792 0.0010858327052516664
2793 0.0010858327052516664
2794 0.0010858327052516664
2795 0.0010858327052516664
2796 0.0010858327052516664
2797 0.0010858327052516664
2798 0.0010858327052516664
2799 0.0010858327052516664
2800 0.0010858327052516664
2801 0.0010858327052516664
2802 0.0010858327052516664
2803 0.0010858327052516664
2804 0.0010858327052516664
2805 0.0010858327052516664
2806 0.0010858327052516664
2807 0.0010858327052516664
2808 0.0010858327052516664
2809 0.0010858327052516664
2810 0.0010858327052516664
2811 0.0010858327052516664
2812 0.0010858327052516664
2813 0.0010858327052516664
2814 0.0010858327052516664
2815 0.0010858327052516664
2816 0.0010858327052516664
2817 0.0010858327052516664
2818 0.0010858327052516664
2819 0.0010858327052516664
2820 0.0010858327052516664
2821 0.0010858327052516664
2822 0.0010858327052516664
2823 0.0010858327052516664
2824 0.0010858327052516664
2825 0.0010858327052516664
2826 0.0010858327052516664
2827 0.0010858327052516664
2828 0.0010858327052516664
2829 0.0010858327052516664
2830 0.0010858327052516664
2831 0.0010858327052516664
2832 0.0010858327052516664
2833 0.0010858327052516664
2834 0.0010858327052516664
2835 0.0010858327052516664
2836 0.0010858327052516664
2837 0.0010858327052516664
2838 0.0010858327052516664
2839 0.0010858327052516664
2840 0.0010858327052516664
2841 0.0010858327052516664
2842 0.0010858327052516664
2843 0.0010858327052516664
2844 0.0010858327052516664
2845 0.0010858327052516664
2846 0.0010858327052516664
2847 0.0010858327052516664
2848 0.0010858327052516664
2849 0.0010858327052516664
2850 0.0010858327052516664
2851 0.0010858327052516664
2852 0.0010858327052516664
2853 0.0010858327052516664
2854 0.0010858327052516664
2855 0.0010858327052516664
2856 0.0010858327052516664
2857 0.0010858327052516664
2858 0.0010858327052516664
2859 0.0010858327052516664
2860 0.0010858327052516664
2861 0.0010858327052516664
2862 0.0010858327052516664
2863 0.0010858327052516664
2864 0.0010858327052516664
2865 0.0010858327052516664
2866 0.0010858327052516664
2867 0.0010858327052516664
2868 0.0010858327052516664
2869 0.0010858327052516664
2870 0.0010858327052516664
2871 0.0010858327052516664
2872 0.0010858327052516664
2873 0.0010858327052516664
2874 0.0010858327052516664
2875 0.0010858327052516664
2876 0.0010858327052516664
2877 0.0010858327052516664
2878 0.0010858327052516664
2879 0.0010858327052516664
2880 0.0010858327052516664
2881 0.0010858327052516664
2882 0.0010858327052516664
2883 0.0010858327052516664
2884 0.0010858327052516664
2885 0.0010858327052516664
2886 0.0010858327052516664
2887 0.0010858327052516664
2888 0.0010858327052516664
2889 0.0010858327052516664
2890 0.0010858327052516664
2891 0.0010858327052516664
2892 0.0010858327052516664
2893 0.0010858327052516664
2894 0.0010858327052516664
2895 0.0010858327052516664
2896 0.0010858327052516664
2897 0.0010858327052516664
2898 0.0010858327052516664
2899 0.0010858327052516664
2900 0.0010858327052516664
2901 0.0010858327052516664
2902 0.0010858327052516664
2903 0.0010858327052516664
2904 0.0010858327052516664
2905 0.0010858327052516664
2906 0.0010858327052516664
2907 0.0010858327052516664
2908 0.0010858327052516664
2909 0.0010858327052516664
2910 0.0010858327052516664
2911 0.0010858327052516664
2912 0.0010858327052516664
2913 0.0010858327052516664
2914 0.0010858327052516664
2915 0.0010858327052516664
2916 0.0010858327052516664
2917 0.0010858327052516664
2918 0.0010858327052516664
2919 0.0010858327052516664
2920 0.0010858327052516664
2921 0.0010858327052516664
2922 0.0010858327052516664
2923 0.0010858327052516664
2924 0.0010858327052516664
2925 0.0010858327052516664
2926 0.0010858327052516664
2927 0.0010858327052516664
2928 0.0010858327052516664
2929 0.0010858327052516664
2930 0.0010858327052516664
2931 0.0010858327052516664
2932 0.0010858327052516664
2933 0.0010858327052516664
2934 0.0010858327052516664
2935 0.0010858327052516664
2936 0.0010858327052516664
2937 0.0010858327052516664
2938 0.0010858327052516664
2939 0.0010858327052516664
2940 0.0010858327052516664
2941 0.0010858327052516664
2942 0.0010858327052516664
2943 0.0010858327052516664
2944 0.0010858327052516664
2945 0.0010858327052516664
2946 0.0010858327052516664
2947 0.0010858327052516664
2948 0.0010858327052516664
2949 0.0010858327052516664
2950 0.0010858327052516664
2951 0.0010858327052516664
2952 0.0010858327052516664
2953 0.0010858327052516664
2954 0.0010858327052516664
2955 0.0010858327052516664
2956 0.0010858327052516664
2957 0.0010858327052516664
2958 0.0010858327052516664
2959 0.0010858327052516664
2960 0.0010858327052516664
2961 0.0010858327052516664
2962 0.0010858327052516664
2963 0.0010858327052516664
2964 0.0010858327052516664
2965 0.0010858327052516664
2966 0.0010858327052516664
2967 0.0010858327052516664
2968 0.0010858327052516664
2969 0.0010858327052516664
2970 0.0010858327052516664
2971 0.0010858327052516664
2972 0.0010858327052516664
2973 0.0010858327052516664
2974 0.0010858327052516664
2975 0.0010858327052516664
2976 0.0010858327052516664
2977 0.0010858327052516664
2978 0.0010858327052516664
2979 0.0010858327052516664
2980 0.0010858327052516664
2981 0.0010858327052516664
2982 0.0010858327052516664
2983 0.0010858327052516664
2984 0.0010858327052516664
2985 0.0010858327052516664
2986 0.0010858327052516664
2987 0.0010858327052516664
2988 0.0010858327052516664
2989 0.0010858327052516664
2990 0.0010858327052516664
2991 0.0010858327052516664
2992 0.0010858327052516664
2993 0.0010858327052516664
2994 0.0010858327052516664
2995 0.0010858327052516664
2996 0.0010858327052516664
2997 0.0010858327052516664
2998 0.0010858327052516664
2999 0.0010858327052516664
3000 0.0010858327052516664
3001 0.0010858327052516664
3002 0.0010858327052516664
3003 0.0010858327052516664
3004 0.0010858327052516664
3005 0.0010858327052516664
3006 0.0010858327052516664
3007 0.0010858327052516664
3008 0.0010858327052516664
3009 0.0010858327052516664
3010 0.0010858327052516664
3011 0.0010858327052516664
3012 0.0010858327052516664
3013 0.0010858327052516664
3014 0.0010858327052516664
3015 0.0010858327052516664
3016 0.0010858327052516664
3017 0.0010858327052516664
3018 0.0010858327052516664
3019 0.0010858327052516664
3020 0.0010858327052516664
3021 0.0010858327052516664
3022 0.0010858327052516664
3023 0.0010858327052516664
3024 0.0010858327052516664
3025 0.0010858327052516664
3026 0.0010858327052516664
3027 0.0010858327052516664
3028 0.0010858327052516664
3029 0.0010858327052516664
3030 0.0010858327052516664
3031 0.0010858327052516664
3032 0.0010858327052516664
3033 0.0010858327052516664
3034 0.0010858327052516664
3035 0.0010858327052516664
3036 0.0010858327052516664
3037 0.0010858327052516664
3038 0.0010858327052516664
3039 0.0010858327052516664
3040 0.0010858327052516664
3041 0.0010858327052516664
3042 0.0010858327052516664
3043 0.0010858327052516664
3044 0.0010858327052516664
3045 0.0010858327052516664
3046 0.0010858327052516664
3047 0.0010858327052516664
3048 0.0010858327052516664
3049 0.0010858327052516664
3050 0.0010858327052516664
3051 0.0010858327052516664
3052 0.0010858327052516664
3053 0.0010858327052516664
3054 0.0010858327052516664
3055 0.0010858327052516664
3056 0.0010858327052516664
3057 0.0010858327052516664
3058 0.0010858327052516664
3059 0.0010858327052516664
3060 0.0010858327052516664
3061 0.0010858327052516664
3062 0.0010858327052516664
3063 0.0010858327052516664
3064 0.0010858327052516664
3065 0.0010858327052516664
3066 0.0010858327052516664
3067 0.0010858327052516664
3068 0.0010858327052516664
3069 0.0010858327052516664
3070 0.0010858327052516664
3071 0.0010858327052516664
3072 0.0010858327052516664
3073 0.0010858327052516664
3074 0.0010858327052516664
3075 0.0010858327052516664
3076 0.0010858327052516664
3077 0.0010858327052516664
3078 0.0010858327052516664
3079 0.0010858327052516664
3080 0.0010858327052516664
3081 0.0010858327052516664
3082 0.0010858327052516664
3083 0.0010858327052516664
3084 0.0010858327052516664
3085 0.0010858327052516664
3086 0.0010858327052516664
3087 0.0010858327052516664
3088 0.0010858327052516664
3089 0.0010858327052516664
3090 0.0010858327052516664
3091 0.0010858327052516664
3092 0.0010858327052516664
3093 0.0010858327052516664
3094 0.0010858327052516664
3095 0.0010858327052516664
3096 0.0010858327052516664
3097 0.0010858327052516664
3098 0.0010858327052516664
3099 0.0010858327052516664
3100 0.0010858327052516664
3101 0.0010858327052516664
3102 0.0010858327052516664
3103 0.0010858327052516664
3104 0.0010858327052516664
3105 0.0010858327052516664
3106 0.0010858327052516664
3107 0.0010858327052516664
3108 0.0010858327052516664
3109 0.0010858327052516664
3110 0.0010858327052516664
3111 0.0010858327052516664
3112 0.0010858327052516664
3113 0.0010858327052516664
3114 0.0010858327052516664
3115 0.0010858327052516664
3116 0.0010858327052516664
3117 0.0010858327052516664
3118 0.0010858327052516664
3119 0.0010858327052516664
3120 0.0010858327052516664
3121 0.0010858327052516664
3122 0.0010858327052516664
3123 0.0010858327052516664
3124 0.0010858327052516664
3125 0.0010858327052516664
3126 0.0010858327052516664
3127 0.0010858327052516664
3128 0.0010858327052516664
3129 0.0010858327052516664
3130 0.0010858327052516664
3131 0.0010858327052516664
3132 0.0010858327052516664
3133 0.0010858327052516664
3134 0.0010858327052516664
3135 0.0010858327052516664
3136 0.0010858327052516664
3137 0.0010858327052516664
3138 0.0010858327052516664
3139 0.0010858327052516664
3140 0.0010858327052516664
3141 0.0010858327052516664
3142 0.0010858327052516664
3143 0.0010858327052516664
3144 0.0010858327052516664
3145 0.0010858327052516664
3146 0.0010858327052516664
3147 0.0010858327052516664
3148 0.0010858327052516664
3149 0.0010858327052516664
3150 0.0010858327052516664
3151 0.0010858327052516664
3152 0.0010858327052516664
3153 0.0010858327052516664
3154 0.0010858327052516664
3155 0.0010858327052516664
3156 0.0010858327052516664
3157 0.0010858327052516664
3158 0.0010858327052516664
3159 0.0010858327052516664
3160 0.0010858327052516664
3161 0.0010858327052516664
3162 0.0010858327052516664
3163 0.0010858327052516664
3164 0.0010858327052516664
3165 0.0010858327052516664
3166 0.0010858327052516664
3167 0.0010858327052516664
3168 0.0010858327052516664
3169 0.0010858327052516664
3170 0.0010858327052516664
3171 0.0010858327052516664
3172 0.0010858327052516664
3173 0.0010858327052516664
3174 0.0010858327052516664
3175 0.0010858327052516664
3176 0.0010858327052516664
3177 0.0010858327052516664
3178 0.0010858327052516664
3179 0.0010858327052516664
3180 0.0010858327052516664
3181 0.0010858327052516664
3182 0.0010858327052516664
3183 0.0010858327052516664
3184 0.0010858327052516664
3185 0.0010858327052516664
3186 0.0010858327052516664
3187 0.0010858327052516664
3188 0.0010858327052516664
3189 0.0010858327052516664
3190 0.0010858327052516664
3191 0.0010858327052516664
3192 0.0010858327052516664
3193 0.0010858327052516664
3194 0.0010858327052516664
3195 0.0010858327052516664
3196 0.0010858327052516664
3197 0.0010858327052516664
3198 0.0010858327052516664
3199 0.0010858327052516664
3200 0.0010858327052516664
3201 0.0010858327052516664
3202 0.0010858327052516664
3203 0.0010858327052516664
3204 0.0010858327052516664
3205 0.0010858327052516664
3206 0.0010858327052516664
3207 0.0010858327052516664
3208 0.0010858327052516664
3209 0.0010858327052516664
3210 0.0010858327052516664
3211 0.0010858327052516664
3212 0.0010858327052516664
3213 0.0010858327052516664
3214 0.0010858327052516664
3215 0.0010858327052516664
3216 0.0010858327052516664
3217 0.0010858327052516664
3218 0.0010858327052516664
3219 0.0010858327052516664
3220 0.0010858327052516664
3221 0.0010858327052516664
3222 0.0010858327052516664
3223 0.0010858327052516664
3224 0.0010858327052516664
3225 0.0010858327052516664
3226 0.0010858327052516664
3227 0.0010858327052516664
3228 0.0010858327052516664
3229 0.0010858327052516664
3230 0.0010858327052516664
3231 0.0010858327052516664
3232 0.0010858327052516664
3233 0.0010858327052516664
3234 0.0010858327052516664
3235 0.0010858327052516664
3236 0.0010858327052516664
3237 0.0010858327052516664
3238 0.0010858327052516664
3239 0.0010858327052516664
3240 0.0010858327052516664
3241 0.0010858327052516664
3242 0.0010858327052516664
3243 0.0010858327052516664
3244 0.0010858327052516664
3245 0.0010858327052516664
3246 0.0010858327052516664
3247 0.0010858327052516664
3248 0.0010858327052516664
3249 0.0010858327052516664
3250 0.0010858327052516664
3251 0.0010858327052516664
3252 0.0010858327052516664
3253 0.0010858327052516664
3254 0.0010858327052516664
3255 0.0010858327052516664
3256 0.0010858327052516664
3257 0.0010858327052516664
3258 0.0010858327052516664
3259 0.0010858327052516664
3260 0.0010858327052516664
3261 0.0010858327052516664
3262 0.0010858327052516664
3263 0.0010858327052516664
3264 0.0010858327052516664
3265 0.0010858327052516664
3266 0.0010858327052516664
3267 0.0010858327052516664
3268 0.0010858327052516664
3269 0.0010858327052516664
3270 0.0010858327052516664
3271 0.0010858327052516664
3272 0.0010858327052516664
3273 0.0010858327052516664
3274 0.0010858327052516664
3275 0.0010858327052516664
3276 0.0010858327052516664
3277 0.0010858327052516664
3278 0.0010858327052516664
3279 0.0010858327052516664
3280 0.0010858327052516664
3281 0.0010858327052516664
3282 0.0010858327052516664
3283 0.0010858327052516664
3284 0.0010858327052516664
3285 0.0010858327052516664
3286 0.0010858327052516664
3287 0.0010858327052516664
3288 0.0010858327052516664
3289 0.0010858327052516664
3290 0.0010858327052516664
3291 0.0010858327052516664
3292 0.0010858327052516664
3293 0.0010858327052516664
3294 0.0010858327052516664
3295 0.0010858327052516664
3296 0.0010858327052516664
3297 0.0010858327052516664
3298 0.0010858327052516664
3299 0.0010858327052516664
3300 0.0010858327052516664
3301 0.0010858327052516664
3302 0.0010858327052516664
3303 0.0010858327052516664
3304 0.0010858327052516664
3305 0.0010858327052516664
3306 0.0010858327052516664
3307 0.0010858327052516664
3308 0.0010858327052516664
3309 0.0010858327052516664
3310 0.0010858327052516664
3311 0.0010858327052516664
3312 0.0010858327052516664
3313 0.0010858327052516664
3314 0.0010858327052516664
3315 0.0010858327052516664
3316 0.0010858327052516664
3317 0.0010858327052516664
3318 0.0010858327052516664
3319 0.0010858327052516664
3320 0.0010858327052516664
3321 0.0010858327052516664
3322 0.0010858327052516664
3323 0.0010858327052516664
3324 0.0010858327052516664
3325 0.0010858327052516664
3326 0.0010858327052516664
3327 0.0010858327052516664
3328 0.0010858327052516664
3329 0.0010858327052516664
3330 0.0010858327052516664
3331 0.0010858327052516664
3332 0.0010858327052516664
3333 0.0010858327052516664
3334 0.0010858327052516664
3335 0.0010858327052516664
3336 0.0010858327052516664
3337 0.0010858327052516664
3338 0.0010858327052516664
3339 0.0010858327052516664
3340 0.0010858327052516664
3341 0.0010858327052516664
3342 0.0010858327052516664
3343 0.0010858327052516664
3344 0.0010858327052516664
3345 0.0010858327052516664
3346 0.0010858327052516664
3347 0.0010858327052516664
3348 0.0010858327052516664
3349 0.0010858327052516664
3350 0.0010858327052516664
3351 0.0010858327052516664
3352 0.0010858327052516664
3353 0.0010858327052516664
3354 0.0010858327052516664
3355 0.0010858327052516664
3356 0.0010858327052516664
3357 0.0010858327052516664
3358 0.0010858327052516664
3359 0.0010858327052516664
3360 0.0010858327052516664
3361 0.0010858327052516664
3362 0.0010858327052516664
3363 0.0010858327052516664
3364 0.0010858327052516664
3365 0.0010858327052516664
3366 0.0010858327052516664
3367 0.0010858327052516664
3368 0.0010858327052516664
3369 0.0010858327052516664
3370 0.0010858327052516664
3371 0.0010858327052516664
3372 0.0010858327052516664
3373 0.0010858327052516664
3374 0.0010858327052516664
3375 0.0010858327052516664
3376 0.0010858327052516664
3377 0.0010858327052516664
3378 0.0010858327052516664
3379 0.0010858327052516664
3380 0.0010858327052516664
3381 0.0010858327052516664
3382 0.0010858327052516664
3383 0.0010858327052516664
3384 0.0010858327052516664
3385 0.0010858327052516664
3386 0.0010858327052516664
3387 0.0010858327052516664
3388 0.0010858327052516664
3389 0.0010858327052516664
3390 0.0010858327052516664
3391 0.0010858327052516664
3392 0.0010858327052516664
3393 0.0010858327052516664
3394 0.0010858327052516664
3395 0.0010858327052516664
3396 0.0010858327052516664
3397 0.0010858327052516664
3398 0.0010858327052516664
3399 0.0010858327052516664
3400 0.0010858327052516664
3401 0.0010858327052516664
3402 0.0010858327052516664
3403 0.0010858327052516664
3404 0.0010858327052516664
3405 0.0010858327052516664
3406 0.0010858327052516664
3407 0.0010858327052516664
3408 0.0010858327052516664
3409 0.0010858327052516664
3410 0.0010858327052516664
3411 0.0010858327052516664
3412 0.0010858327052516664
3413 0.0010858327052516664
3414 0.0010858327052516664
3415 0.0010858327052516664
3416 0.0010858327052516664
3417 0.0010858327052516664
3418 0.0010858327052516664
3419 0.0010858327052516664
3420 0.0010858327052516664
3421 0.0010858327052516664
3422 0.0010858327052516664
3423 0.0010858327052516664
3424 0.0010858327052516664
3425 0.0010858327052516664
3426 0.0010858327052516664
3427 0.0010858327052516664
3428 0.0010858327052516664
3429 0.0010858327052516664
3430 0.0010858327052516664
3431 0.0010858327052516664
3432 0.0010858327052516664
3433 0.0010858327052516664
3434 0.0010858327052516664
3435 0.0010858327052516664
3436 0.0010858327052516664
3437 0.0010858327052516664
3438 0.0010858327052516664
3439 0.0010858327052516664
3440 0.0010858327052516664
3441 0.0010858327052516664
3442 0.0010858327052516664
3443 0.0010858327052516664
3444 0.0010858327052516664
3445 0.0010858327052516664
3446 0.0010858327052516664
3447 0.0010858327052516664
3448 0.0010858327052516664
3449 0.0010858327052516664
3450 0.0010858327052516664
3451 0.0010858327052516664
3452 0.0010858327052516664
3453 0.0010858327052516664
3454 0.0010858327052516664
3455 0.0010858327052516664
3456 0.0010858327052516664
3457 0.0010858327052516664
3458 0.0010858327052516664
3459 0.0010858327052516664
3460 0.0010858327052516664
3461 0.0010858327052516664
3462 0.0010858327052516664
3463 0.0010858327052516664
3464 0.0010858327052516664
3465 0.0010858327052516664
3466 0.0010858327052516664
3467 0.0010858327052516664
3468 0.0010858327052516664
3469 0.0010858327052516664
3470 0.0010858327052516664
3471 0.0010858327052516664
3472 0.0010858327052516664
3473 0.0010858327052516664
3474 0.0010858327052516664
3475 0.0010858327052516664
3476 0.0010858327052516664
3477 0.0010858327052516664
3478 0.0010858327052516664
3479 0.0010858327052516664
3480 0.0010858327052516664
3481 0.0010858327052516664
3482 0.0010858327052516664
3483 0.0010858327052516664
3484 0.0010858327052516664
3485 0.0010858327052516664
3486 0.0010858327052516664
3487 0.0010858327052516664
3488 0.0010858327052516664
3489 0.0010858327052516664
3490 0.0010858327052516664
3491 0.0010858327052516664
3492 0.0010858327052516664
3493 0.0010858327052516664
3494 0.0010858327052516664
3495 0.0010858327052516664
3496 0.0010858327052516664
3497 0.0010858327052516664
3498 0.0010858327052516664
3499 0.0010858327052516664
3500 0.0010858327052516664
3501 0.0010858327052516664
3502 0.0010858327052516664
3503 0.0010858327052516664
3504 0.0010858327052516664
3505 0.0010858327052516664
3506 0.0010858327052516664
3507 0.0010858327052516664
3508 0.0010858327052516664
3509 0.0010858327052516664
3510 0.0010858327052516664
3511 0.0010858327052516664
3512 0.0010858327052516664
3513 0.0010858327052516664
3514 0.0010858327052516664
3515 0.0010858327052516664
3516 0.0010858327052516664
3517 0.0010858327052516664
3518 0.0010858327052516664
3519 0.0010858327052516664
3520 0.0010858327052516664
3521 0.0010858327052516664
3522 0.0010858327052516664
3523 0.0010858327052516664
3524 0.0010858327052516664
3525 0.0010858327052516664
3526 0.0010858327052516664
