1.0 0.006138735420503377 0.052662886204701186
2.0 0.012277470841006754 0.03800414468380504
3.0 0.01841620626151013 0.022259570457657366
4.0 0.02455494168201351 0.02063082139977987
5.0 0.030693677102516883 0.015201657873522133
6.0 0.03683241252302026 0.013572908815644784
7.0 0.042971147943523635 0.012487076110393118
8.0 0.04910988336402702 0.011944159757767284
9.0 0.05524861878453039 0.00977249434726425
10.0 0.061387354205033766 0.009229577994638418
11.0 0.06752608962553715 0.008686661642012733
12.0 0.07366482504604052 0.0081437452893869
13.0 0.07980356046654391 0.0076008289367609175
14.0 0.08594229588704727 0.007057912584135234
15.0 0.09208103130755066 0.0065149962315094005
16.0 0.09821976672805403 0.005972079878883567
17.0 0.10435850214855741 0.005972079878883567
18.0 0.11049723756906078 0.005972079878883567
19.0 0.11663597298956417 0.0054291635262578835
20.0 0.12277470841006753 0.0054291635262578835
21.0 0.1289134438305709 0.0054291635262578835
22.0 0.1350521792510743 0.00488624717363205
23.0 0.14119091467157768 0.00488624717363205
24.0 0.14732965009208104 0.00488624717363205
25.0 0.15346838551258443 0.00488624717363205
26.0 0.15960712093308782 0.00488624717363205
27.0 0.16574585635359118 0.004343330821006217
28.0 0.17188459177409454 0.004343330821006217
29.0 0.17802332719459793 0.004343330821006217
30.0 0.18416206261510132 0.004343330821006217
31.0 0.19030079803560468 0.004343330821006217
32.0 0.19643953345610807 0.004343330821006217
33.0 0.20257826887661146 0.004343330821006217
34.0 0.20871700429711482 0.004343330821006217
35.0 0.2148557397176182 0.0038004144683803837
36.0 0.22099447513812157 0.0038004144683803837
37.0 0.22713321055862493 0.0038004144683803837
38.0 0.23327194597912834 0.0038004144683803837
39.0 0.2394106813996317 0.0038004144683803837
40.0 0.24554941682013506 0.0032574981157547003
41.0 0.25168815224063845 0.0032574981157547003
42.0 0.2578268876611418 0.0038004144683803837
43.0 0.2639656230816452 0.0038004144683803837
44.0 0.2701043585021486 0.0032574981157547003
45.0 0.27624309392265195 0.0032574981157547003
46.0 0.28238182934315537 0.0032574981157547003
47.0 0.2885205647636587 0.0032574981157547003
48.0 0.2946593001841621 0.0032574981157547003
49.0 0.3007980356046655 0.0032574981157547003
50.0 0.30693677102516886 0.0032574981157547003
51.0 0.3130755064456722 0.0032574981157547003
52.0 0.31921424186617564 0.0032574981157547003
53.0 0.325352977286679 0.0032574981157547003
54.0 0.33149171270718236 0.0032574981157547003
55.0 0.3376304481276857 0.0032574981157547003
56.0 0.3437691835481891 0.0032574981157547003
57.0 0.34990791896869244 0.0027145817631290168
58.0 0.35604665438919586 0.0027145817631290168
59.0 0.3621853898096992 0.0027145817631290168
60.0 0.36832412523020264 0.0027145817631290168
61.0 0.374462860650706 0.0032574981157547003
62.0 0.38060159607120936 0.0027145817631290168
63.0 0.3867403314917128 0.0027145817631290168
64.0 0.39287906691221613 0.0027145817631290168
65.0 0.3990178023327195 0.0027145817631290168
66.0 0.4051565377532229 0.0027145817631290168
67.0 0.4112952731737263 0.0027145817631290168
68.0 0.41743400859422963 0.0027145817631290168
69.0 0.423572744014733 0.0027145817631290168
70.0 0.4297114794352364 0.0027145817631290168
71.0 0.4358502148557397 0.0027145817631290168
72.0 0.44198895027624313 0.0027145817631290168
73.0 0.44812768569674655 0.0027145817631290168
74.0 0.45426642111724985 0.0027145817631290168
75.0 0.46040515653775327 0.0027145817631290168
76.0 0.4665438919582567 0.0027145817631290168
77.0 0.47268262737876 0.0027145817631290168
78.0 0.4788213627992634 0.0027145817631290168
79.0 0.4849600982197668 0.0027145817631290168
80.0 0.4910988336402701 0.0027145817631290168
81.0 0.49723756906077354 0.0027145817631290168
82.0 0.5033763044812769 0.0027145817631290168
83.0 0.5095150399017803 0.0027145817631290168
84.0 0.5156537753222836 0.0027145817631290168
85.0 0.5217925107427871 0.0027145817631290168
86.0 0.5279312461632903 0.0027145817631290168
87.0 0.5340699815837938 0.0027145817631290168
88.0 0.5402087170042972 0.0027145817631290168
89.0 0.5463474524248005 0.0027145817631290168
90.0 0.5524861878453039 0.0027145817631290168
91.0 0.5586249232658073 0.0027145817631290168
92.0 0.5647636586863107 0.0027145817631290168
93.0 0.570902394106814 0.0027145817631290168
94.0 0.5770411295273175 0.0027145817631290168
95.0 0.5831798649478208 0.0027145817631290168
96.0 0.5893186003683242 0.0027145817631290168
97.0 0.5954573357888275 0.0027145817631290168
98.0 0.601596071209331 0.0027145817631290168
99.0 0.6077348066298343 0.0027145817631290168
100.0 0.6138735420503377 0.0027145817631290168
101.0 0.6200122774708411 0.0027145817631290168
102.0 0.6261510128913444 0.0027145817631290168
103.0 0.6322897483118478 0.0027145817631290168
104.0 0.6384284837323513 0.0027145817631290168
105.0 0.6445672191528545 0.0021716654105031832
106.0 0.650705954573358 0.0027145817631290168
107.0 0.6568446899938614 0.0027145817631290168
108.0 0.6629834254143647 0.0027145817631290168
109.0 0.6691221608348681 0.0027145817631290168
110.0 0.6752608962553714 0.0027145817631290168
111.0 0.6813996316758748 0.0027145817631290168
112.0 0.6875383670963782 0.0027145817631290168
113.0 0.6936771025168816 0.0021716654105031832
114.0 0.6998158379373849 0.0021716654105031832
115.0 0.7059545733578884 0.0021716654105031832
116.0 0.7120933087783917 0.0027145817631290168
117.0 0.7182320441988952 0.0021716654105031832
118.0 0.7243707796193984 0.0021716654105031832
119.0 0.7305095150399019 0.0027145817631290168
120.0 0.7366482504604053 0.0027145817631290168
121.0 0.7427869858809086 0.0021716654105031832
122.0 0.748925721301412 0.0021716654105031832
123.0 0.7550644567219154 0.0021716654105031832
124.0 0.7612031921424187 0.0021716654105031832
125.0 0.7673419275629221 0.0021716654105031832
126.0 0.7734806629834255 0.0021716654105031832
127.0 0.7796193984039288 0.0021716654105031832
128.0 0.7857581338244323 0.0021716654105031832
129.0 0.7918968692449356 0.0021716654105031832
130.0 0.798035604665439 0.0021716654105031832
131.0 0.8041743400859425 0.0021716654105031832
132.0 0.8103130755064458 0.0021716654105031832
133.0 0.8164518109269491 0.0021716654105031832
134.0 0.8225905463474525 0.0021716654105031832
135.0 0.8287292817679559 0.0021716654105031832
136.0 0.8348680171884593 0.0021716654105031832
137.0 0.8410067526089627 0.0021716654105031832
138.0 0.847145488029466 0.0021716654105031832
139.0 0.8532842234499693 0.0016287490578773501
140.0 0.8594229588704728 0.0016287490578773501
141.0 0.8655616942909762 0.0016287490578773501
142.0 0.8717004297114794 0.0016287490578773501
143.0 0.877839165131983 0.0016287490578773501
144.0 0.8839779005524863 0.0016287490578773501
145.0 0.8901166359729896 0.0016287490578773501
146.0 0.8962553713934931 0.0021716654105031832
147.0 0.9023941068139965 0.0016287490578773501
148.0 0.9085328422344997 0.0016287490578773501
149.0 0.9146715776550032 0.0016287490578773501
150.0 0.9208103130755065 0.0016287490578773501
151.0 0.9269490484960099 0.0016287490578773501
152.0 0.9330877839165134 0.0016287490578773501
153.0 0.9392265193370166 0.0016287490578773501
154.0 0.94536525475752 0.0016287490578773501
155.0 0.9515039901780235 0.0016287490578773501
156.0 0.9576427255985268 0.0016287490578773501
157.0 0.9637814610190301 0.0016287490578773501
158.0 0.9699201964395336 0.0016287490578773501
159.0 0.9760589318600369 0.0016287490578773501
160.0 0.9821976672805403 0.0016287490578773501
161.0 0.9883364027010437 0.0016287490578773501
162.0 0.9944751381215471 0.0016287490578773501
163.0 1.0006138735420504 0.0016287490578773501
164.0 1.0067526089625538 0.0016287490578773501
165.0 1.0128913443830572 0.0016287490578773501
166.0 1.0190300798035605 0.0016287490578773501
167.0 1.025168815224064 0.0016287490578773501
168.0 1.0313075506445673 0.0016287490578773501
169.0 1.0374462860650706 0.0016287490578773501
170.0 1.0435850214855742 0.0016287490578773501
171.0 1.0497237569060773 0.0016287490578773501
172.0 1.0558624923265807 0.0016287490578773501
173.0 1.0620012277470843 0.0016287490578773501
174.0 1.0681399631675876 0.0016287490578773501
175.0 1.0742786985880908 0.0016287490578773501
176.0 1.0804174340085944 0.0016287490578773501
177.0 1.0865561694290977 0.0016287490578773501
178.0 1.092694904849601 0.0016287490578773501
179.0 1.0988336402701044 0.0016287490578773501
180.0 1.1049723756906078 0.0016287490578773501
181.0 1.1111111111111114 0.0016287490578773501
182.0 1.1172498465316145 0.0016287490578773501
183.0 1.1233885819521179 0.0016287490578773501
184.0 1.1295273173726215 0.0016287490578773501
185.0 1.1356660527931248 0.0010858327052516664
186.0 1.141804788213628 0.0016287490578773501
187.0 1.1479435236341315 0.0010858327052516664
188.0 1.154082259054635 0.0010858327052516664
189.0 1.1602209944751383 0.0016287490578773501
190.0 1.1663597298956416 0.0010858327052516664
191.0 1.172498465316145 0.0010858327052516664
192.0 1.1786372007366483 0.0010858327052516664
193.0 1.1847759361571517 0.0010858327052516664
194.0 1.190914671577655 0.0010858327052516664
195.0 1.1970534069981584 0.0016287490578773501
196.0 1.203192142418662 0.0010858327052516664
197.0 1.2093308778391654 0.0010858327052516664
198.0 1.2154696132596685 0.0016287490578773501
199.0 1.221608348680172 0.0016287490578773501
200.0 1.2277470841006755 0.0016287490578773501
201.0 1.2338858195211788 0.0016287490578773501
202.0 1.2400245549416822 0.0016287490578773501
203.0 1.2461632903621855 0.0016287490578773501
204.0 1.252302025782689 0.0016287490578773501
205.0 1.2584407612031923 0.0016287490578773501
206.0 1.2645794966236956 0.0016287490578773501
207.0 1.270718232044199 0.0016287490578773501
208.0 1.2768569674647026 0.0016287490578773501
209.0 1.2829957028852057 0.0016287490578773501
210.0 1.289134438305709 0.0010858327052516664
211.0 1.2952731737262126 0.0010858327052516664
212.0 1.301411909146716 0.0010858327052516664
213.0 1.3075506445672191 0.0010858327052516664
214.0 1.3136893799877227 0.0010858327052516664
215.0 1.319828115408226 0.0010858327052516664
216.0 1.3259668508287294 0.0010858327052516664
217.0 1.3321055862492328 0.0010858327052516664
218.0 1.3382443216697362 0.0010858327052516664
219.0 1.3443830570902395 0.0010858327052516664
220.0 1.350521792510743 0.0010858327052516664
221.0 1.3566605279312463 0.0010858327052516664
222.0 1.3627992633517496 0.0010858327052516664
223.0 1.3689379987722532 0.0010858327052516664
224.0 1.3750767341927563 0.0010858327052516664
225.0 1.3812154696132597 0.0010858327052516664
226.0 1.3873542050337633 0.0010858327052516664
227.0 1.3934929404542666 0.0010858327052516664
228.0 1.3996316758747698 0.0010858327052516664
229.0 1.4057704112952734 0.0010858327052516664
230.0 1.4119091467157767 0.0010858327052516664
231.0 1.41804788213628 0.0010858327052516664
232.0 1.4241866175567834 0.0010858327052516664
233.0 1.4303253529772868 0.0010858327052516664
234.0 1.4364640883977904 0.0016287490578773501
235.0 1.4426028238182935 0.0010858327052516664
236.0 1.4487415592387969 0.0016287490578773501
237.0 1.4548802946593005 0.0016287490578773501
238.0 1.4610190300798038 0.0016287490578773501
239.0 1.467157765500307 0.0016287490578773501
240.0 1.4732965009208105 0.0016287490578773501
241.0 1.479435236341314 0.0016287490578773501
242.0 1.4855739717618173 0.0010858327052516664
243.0 1.4917127071823206 0.0010858327052516664
244.0 1.497851442602824 0.0010858327052516664
245.0 1.5039901780233274 0.0010858327052516664
246.0 1.5101289134438307 0.0010858327052516664
247.0 1.516267648864334 0.0010858327052516664
248.0 1.5224063842848374 0.0010858327052516664
249.0 1.528545119705341 0.0010858327052516664
250.0 1.5346838551258442 0.0010858327052516664
251.0 1.5408225905463475 0.0010858327052516664
252.0 1.546961325966851 0.0010858327052516664
253.0 1.5531000613873545 0.0010858327052516664
254.0 1.5592387968078576 0.0010858327052516664
255.0 1.5653775322283612 0.0010858327052516664
256.0 1.5715162676488645 0.0010858327052516664
257.0 1.577655003069368 0.0010858327052516664
258.0 1.5837937384898713 0.0010858327052516664
259.0 1.5899324739103746 0.0010858327052516664
260.0 1.596071209330878 0.0010858327052516664
261.0 1.6022099447513813 0.0010858327052516664
262.0 1.608348680171885 0.0010858327052516664
263.0 1.614487415592388 0.0010858327052516664
264.0 1.6206261510128916 0.0010858327052516664
265.0 1.626764886433395 0.0010858327052516664
266.0 1.6329036218538981 0.0010858327052516664
267.0 1.6390423572744017 0.0010858327052516664
268.0 1.645181092694905 0.0010858327052516664
269.0 1.6513198281154082 0.0010858327052516664
270.0 1.6574585635359118 0.0010858327052516664
271.0 1.6635972989564154 0.0010858327052516664
272.0 1.6697360343769185 0.0010858327052516664
273.0 1.675874769797422 0.0010858327052516664
274.0 1.6820135052179255 0.0010858327052516664
275.0 1.6881522406384286 0.0010858327052516664
276.0 1.694290976058932 0.0010858327052516664
277.0 1.7004297114794356 0.0010858327052516664
278.0 1.7065684468999387 0.0010858327052516664
279.0 1.7127071823204423 0.0010858327052516664
280.0 1.7188459177409456 0.0010858327052516664
281.0 1.7249846531614488 0.0010858327052516664
282.0 1.7311233885819524 0.0010858327052516664
283.0 1.7372621240024557 0.0010858327052516664
284.0 1.7434008594229589 0.0010858327052516664
285.0 1.7495395948434624 0.0010858327052516664
286.0 1.755678330263966 0.0010858327052516664
287.0 1.7618170656844692 0.0010858327052516664
288.0 1.7679558011049725 0.0010858327052516664
289.0 1.774094536525476 0.0010858327052516664
290.0 1.7802332719459792 0.0010858327052516664
291.0 1.7863720073664826 0.0010858327052516664
292.0 1.7925107427869862 0.0010858327052516664
293.0 1.7986494782074893 0.0010858327052516664
294.0 1.804788213627993 0.0010858327052516664
295.0 1.8109269490484963 0.0010858327052516664
296.0 1.8170656844689994 0.0010858327052516664
297.0 1.823204419889503 0.0010858327052516664
298.0 1.8293431553100064 0.0010858327052516664
299.0 1.8354818907305095 0.0010858327052516664
300.0 1.841620626151013 0.0010858327052516664
301.0 1.8477593615715167 0.0010858327052516664
302.0 1.8538980969920198 0.0010858327052516664
303.0 1.8600368324125232 0.0010858327052516664
304.0 1.8661755678330267 0.0010858327052516664
305.0 1.8723143032535299 0.0010858327052516664
306.0 1.8784530386740332 0.0010858327052516664
307.0 1.8845917740945368 0.0010858327052516664
308.0 1.89073050951504 0.0010858327052516664
309.0 1.8968692449355435 0.0010858327052516664
310.0 1.903007980356047 0.0010858327052516664
311.0 1.90914671577655 0.0010858327052516664
312.0 1.9152854511970536 0.0010858327052516664
313.0 1.921424186617557 0.0010858327052516664
314.0 1.9275629220380601 0.0010858327052516664
315.0 1.9337016574585637 0.0010858327052516664
316.0 1.9398403928790673 0.0010858327052516664
317.0 1.9459791282995704 0.0010858327052516664
318.0 1.9521178637200738 0.0010858327052516664
319.0 1.9582565991405774 0.0010858327052516664
320.0 1.9643953345610805 0.0010858327052516664
321.0 1.9705340699815839 0.0010858327052516664
322.0 1.9766728054020875 0.0010858327052516664
323.0 1.9828115408225906 0.0010858327052516664
324.0 1.9889502762430942 0.0010858327052516664
325.0 1.9950890116635975 0.0010858327052516664
326.0 2.001227747084101 0.0010858327052516664
327.0 2.007366482504604 0.0010858327052516664
328.0 2.0135052179251076 0.0010858327052516664
329.0 2.0196439533456108 0.0010858327052516664
330.0 2.0257826887661143 0.0010858327052516664
331.0 2.031921424186618 0.0010858327052516664
332.0 2.038060159607121 0.0010858327052516664
333.0 2.0441988950276246 0.0010858327052516664
334.0 2.050337630448128 0.0010858327052516664
335.0 2.056476365868631 0.0010858327052516664
336.0 2.0626151012891345 0.0010858327052516664
337.0 2.068753836709638 0.0010858327052516664
338.0 2.074892572130141 0.0010858327052516664
339.0 2.081031307550645 0.0010858327052516664
340.0 2.0871700429711484 0.0010858327052516664
341.0 2.0933087783916515 0.0010858327052516664
342.0 2.0994475138121547 0.0010858327052516664
343.0 2.1055862492326582 0.0010858327052516664
344.0 2.1117249846531614 0.0010858327052516664
345.0 2.117863720073665 0.0010858327052516664
346.0 2.1240024554941686 0.0010858327052516664
347.0 2.1301411909146717 0.0010858327052516664
348.0 2.1362799263351753 0.0010858327052516664
349.0 2.1424186617556784 0.0010858327052516664
350.0 2.1485573971761815 0.0010858327052516664
351.0 2.154696132596685 0.0010858327052516664
352.0 2.1608348680171887 0.0010858327052516664
353.0 2.166973603437692 0.0010858327052516664
354.0 2.1731123388581954 0.0010858327052516664
355.0 2.179251074278699 0.0010858327052516664
356.0 2.185389809699202 0.0010858327052516664
357.0 2.1915285451197053 0.0010858327052516664
358.0 2.197667280540209 0.0010858327052516664
359.0 2.2038060159607125 0.0010858327052516664
360.0 2.2099447513812156 0.0010858327052516664
361.0 2.216083486801719 0.0010858327052516664
362.0 2.2222222222222228 0.0010858327052516664
363.0 2.228360957642726 0.0010858327052516664
364.0 2.234499693063229 0.0010858327052516664
365.0 2.2406384284837326 0.0010858327052516664
366.0 2.2467771639042358 0.0010858327052516664
367.0 2.2529158993247393 0.0010858327052516664
368.0 2.259054634745243 0.0010858327052516664
369.0 2.265193370165746 0.0010858327052516664
370.0 2.2713321055862497 0.0010858327052516664
371.0 2.277470841006753 0.0010858327052516664
372.0 2.283609576427256 0.0010858327052516664
373.0 2.2897483118477595 0.0010858327052516664
374.0 2.295887047268263 0.0010858327052516664
375.0 2.3020257826887662 0.0010858327052516664
376.0 2.30816451810927 0.0010858327052516664
377.0 2.3143032535297734 0.0010858327052516664
378.0 2.3204419889502765 0.0010858327052516664
379.0 2.3265807243707797 0.0010858327052516664
380.0 2.3327194597912833 0.0010858327052516664
381.0 2.3388581952117864 0.0010858327052516664
382.0 2.34499693063229 0.0010858327052516664
383.0 2.3511356660527936 0.0010858327052516664
384.0 2.3572744014732967 0.0010858327052516664
385.0 2.3634131368938003 0.0010858327052516664
386.0 2.3695518723143034 0.0010858327052516664
387.0 2.3756906077348066 0.0010858327052516664
388.0 2.38182934315531 0.0010858327052516664
389.0 2.3879680785758137 0.0010858327052516664
390.0 2.394106813996317 0.0010858327052516664
391.0 2.4002455494168204 0.0010858327052516664
392.0 2.406384284837324 0.0010858327052516664
393.0 2.412523020257827 0.0010858327052516664
394.0 2.4186617556783307 0.0010858327052516664
395.0 2.424800491098834 0.0010858327052516664
396.0 2.430939226519337 0.0010858327052516664
397.0 2.4370779619398406 0.0010858327052516664
398.0 2.443216697360344 0.0010858327052516664
399.0 2.4493554327808473 0.0010858327052516664
400.0 2.455494168201351 0.0010858327052516664
401.0 2.4616329036218545 0.0010858327052516664
402.0 2.4677716390423576 0.0010858327052516664
403.0 2.4739103744628608 0.0010858327052516664
404.0 2.4800491098833644 0.0010858327052516664
405.0 2.4861878453038675 0.0010858327052516664
406.0 2.492326580724371 0.0010858327052516664
407.0 2.4984653161448747 0.0010858327052516664
408.0 2.504604051565378 0.0010858327052516664
409.0 2.5107427869858814 0.0010858327052516664
410.0 2.5168815224063845 0.0010858327052516664
411.0 2.5230202578268877 0.0010858327052516664
412.0 2.5291589932473912 0.0010858327052516664
413.0 2.535297728667895 0.0010858327052516664
414.0 2.541436464088398 0.0010858327052516664
415.0 2.5475751995089015 0.0010858327052516664
416.0 2.553713934929405 0.0010858327052516664
417.0 2.5598526703499083 0.0010858327052516664
418.0 2.5659914057704114 0.0010858327052516664
419.0 2.572130141190915 0.0010858327052516664
420.0 2.578268876611418 0.0010858327052516664
421.0 2.5844076120319217 0.0010858327052516664
422.0 2.5905463474524253 0.0010858327052516664
423.0 2.5966850828729284 0.0010858327052516664
424.0 2.602823818293432 0.0010858327052516664
425.0 2.608962553713935 0.0010858327052516664
426.0 2.6151012891344383 0.0010858327052516664
427.0 2.621240024554942 0.0010858327052516664
428.0 2.6273787599754455 0.0010858327052516664
429.0 2.6335174953959486 0.0010858327052516664
430.0 2.639656230816452 0.0010858327052516664
431.0 2.6457949662369558 0.0010858327052516664
432.0 2.651933701657459 0.0010858327052516664
433.0 2.658072437077962 0.0010858327052516664
434.0 2.6642111724984656 0.0010858327052516664
435.0 2.6703499079189688 0.0010858327052516664
436.0 2.6764886433394723 0.0010858327052516664
437.0 2.682627378759976 0.0010858327052516664
438.0 2.688766114180479 0.0010858327052516664
439.0 2.6949048496009826 0.0010858327052516664
440.0 2.701043585021486 0.0010858327052516664
441.0 2.707182320441989 0.0010858327052516664
442.0 2.7133210558624925 0.0010858327052516664
443.0 2.719459791282996 0.0010858327052516664
444.0 2.7255985267034992 0.0010858327052516664
445.0 2.731737262124003 0.0010858327052516664
446.0 2.7378759975445064 0.0010858327052516664
447.0 2.7440147329650095 0.0010858327052516664
448.0 2.7501534683855127 0.0010858327052516664
449.0 2.7562922038060162 0.0010858327052516664
450.0 2.7624309392265194 0.0010858327052516664
451.0 2.768569674647023 0.0010858327052516664
452.0 2.7747084100675266 0.0010858327052516664
453.0 2.7808471454880297 0.0010858327052516664
454.0 2.7869858809085333 0.0010858327052516664
455.0 2.7931246163290364 0.0010858327052516664
456.0 2.7992633517495396 0.0010858327052516664
457.0 2.805402087170043 0.0010858327052516664
458.0 2.8115408225905467 0.0010858327052516664
459.0 2.81767955801105 0.0010858327052516664
460.0 2.8238182934315534 0.0010858327052516664
461.0 2.829957028852057 0.0010858327052516664
462.0 2.83609576427256 0.0010858327052516664
463.0 2.8422344996930633 0.0010858327052516664
464.0 2.848373235113567 0.0010858327052516664
465.0 2.8545119705340705 0.0010858327052516664
466.0 2.8606507059545736 0.0010858327052516664
467.0 2.866789441375077 0.0010858327052516664
468.0 2.8729281767955808 0.0010858327052516664
469.0 2.879066912216084 0.0010858327052516664
470.0 2.885205647636587 0.0010858327052516664
471.0 2.8913443830570906 0.0010858327052516664
472.0 2.8974831184775938 0.0010858327052516664
473.0 2.9036218538980973 0.0010858327052516664
474.0 2.909760589318601 0.0010858327052516664
475.0 2.915899324739104 0.0010858327052516664
476.0 2.9220380601596077 0.0010858327052516664
477.0 2.928176795580111 0.0010858327052516664
478.0 2.934315531000614 0.0010858327052516664
479.0 2.9404542664211175 0.0010858327052516664
480.0 2.946593001841621 0.0010858327052516664
481.0 2.9527317372621242 0.0010858327052516664
482.0 2.958870472682628 0.0010858327052516664
483.0 2.9650092081031314 0.0010858327052516664
484.0 2.9711479435236345 0.0010858327052516664
485.0 2.9772866789441377 0.0010858327052516664
486.0 2.9834254143646413 0.0010858327052516664
487.0 2.9895641497851444 0.0010858327052516664
488.0 2.995702885205648 0.0010858327052516664
489.0 3.0018416206261516 0.0010858327052516664
490.0 3.0079803560466547 0.0010858327052516664
491.0 3.0141190914671583 0.0010858327052516664
492.0 3.0202578268876614 0.0010858327052516664
493.0 3.0263965623081646 0.0010858327052516664
494.0 3.032535297728668 0.0010858327052516664
495.0 3.0386740331491717 0.0010858327052516664
496.0 3.044812768569675 0.0010858327052516664
497.0 3.0509515039901784 0.0010858327052516664
498.0 3.057090239410682 0.0010858327052516664
499.0 3.063228974831185 0.0010858327052516664
500.0 3.0693677102516883 0.0010858327052516664
501.0 3.075506445672192 0.0010858327052516664
502.0 3.081645181092695 0.0010858327052516664
503.0 3.0877839165131986 0.0010858327052516664
504.0 3.093922651933702 0.0010858327052516664
505.0 3.1000613873542053 0.0010858327052516664
506.0 3.106200122774709 0.0010858327052516664
507.0 3.112338858195212 0.0010858327052516664
508.0 3.118477593615715 0.0010858327052516664
509.0 3.1246163290362188 0.0010858327052516664
510.0 3.1307550644567224 0.0010858327052516664
511.0 3.1368937998772255 0.0010858327052516664
512.0 3.143032535297729 0.0010858327052516664
513.0 3.1491712707182327 0.0010858327052516664
514.0 3.155310006138736 0.0010858327052516664
515.0 3.161448741559239 0.0010858327052516664
516.0 3.1675874769797425 0.0010858327052516664
517.0 3.1737262124002457 0.0010858327052516664
518.0 3.1798649478207492 0.0010858327052516664
519.0 3.186003683241253 0.0010858327052516664
520.0 3.192142418661756 0.0010858327052516664
521.0 3.1982811540822595 0.0010858327052516664
522.0 3.2044198895027627 0.0010858327052516664
523.0 3.210558624923266 0.0010858327052516664
524.0 3.21669736034377 0.0010858327052516664
525.0 3.222836095764273 0.0010858327052516664
526.0 3.228974831184776 0.0010858327052516664
527.0 3.23511356660528 0.0010858327052516664
528.0 3.2412523020257833 0.0010858327052516664
529.0 3.2473910374462864 0.0010858327052516664
530.0 3.25352977286679 0.0010858327052516664
531.0 3.259668508287293 0.0010858327052516664
532.0 3.2658072437077963 0.0010858327052516664
533.0 3.2719459791283003 0.0010858327052516664
534.0 3.2780847145488035 0.0010858327052516664
535.0 3.2842234499693066 0.0010858327052516664
536.0 3.29036218538981 0.0010858327052516664
537.0 3.2965009208103133 0.0010858327052516664
538.0 3.3026396562308165 0.0010858327052516664
539.0 3.3087783916513205 0.0010858327052516664
540.0 3.3149171270718236 0.0010858327052516664
541.0 3.3210558624923268 0.0010858327052516664
542.0 3.327194597912831 0.0010858327052516664
543.0 3.333333333333334 0.0010858327052516664
544.0 3.339472068753837 0.0010858327052516664
545.0 3.3456108041743406 0.0010858327052516664
546.0 3.351749539594844 0.0010858327052516664
547.0 3.357888275015347 0.0010858327052516664
548.0 3.364027010435851 0.0010858327052516664
549.0 3.370165745856354 0.0010858327052516664
550.0 3.3763044812768572 0.0010858327052516664
551.0 3.382443216697361 0.0010858327052516664
552.0 3.388581952117864 0.0010858327052516664
553.0 3.394720687538367 0.0010858327052516664
554.0 3.400859422958871 0.0010858327052516664
555.0 3.4069981583793743 0.0010858327052516664
556.0 3.4131368937998774 0.0010858327052516664
557.0 3.4192756292203814 0.0010858327052516664
558.0 3.4254143646408846 0.0010858327052516664
559.0 3.4315531000613877 0.0010858327052516664
560.0 3.4376918354818913 0.0010858327052516664
561.0 3.4438305709023944 0.0010858327052516664
562.0 3.4499693063228976 0.0010858327052516664
563.0 3.4561080417434016 0.0010858327052516664
564.0 3.4622467771639047 0.0010858327052516664
565.0 3.468385512584408 0.0010858327052516664
566.0 3.4745242480049114 0.0010858327052516664
567.0 3.4806629834254146 0.0010858327052516664
568.0 3.4868017188459177 0.0010858327052516664
569.0 3.4929404542664217 0.0010858327052516664
570.0 3.499079189686925 0.0010858327052516664
571.0 3.505217925107428 0.0010858327052516664
572.0 3.511356660527932 0.0010858327052516664
573.0 3.517495395948435 0.0010858327052516664
574.0 3.5236341313689383 0.0010858327052516664
575.0 3.529772866789442 0.0010858327052516664
576.0 3.535911602209945 0.0010858327052516664
577.0 3.542050337630448 0.0010858327052516664
578.0 3.548189073050952 0.0010858327052516664
579.0 3.5543278084714554 0.0010858327052516664
580.0 3.5604665438919585 0.0010858327052516664
581.0 3.566605279312462 0.0010858327052516664
582.0 3.572744014732965 0.0010858327052516664
583.0 3.5788827501534684 0.0010858327052516664
584.0 3.5850214855739724 0.0010858327052516664
585.0 3.5911602209944755 0.0010858327052516664
586.0 3.5972989564149787 0.0010858327052516664
587.0 3.6034376918354827 0.0010858327052516664
588.0 3.609576427255986 0.0010858327052516664
589.0 3.615715162676489 0.0010858327052516664
590.0 3.6218538980969925 0.0010858327052516664
591.0 3.6279926335174957 0.0010858327052516664
592.0 3.634131368937999 0.0010858327052516664
593.0 3.640270104358503 0.0010858327052516664
594.0 3.646408839779006 0.0010858327052516664
595.0 3.652547575199509 0.0010858327052516664
596.0 3.6586863106200127 0.0010858327052516664
597.0 3.664825046040516 0.0010858327052516664
598.0 3.670963781461019 0.0010858327052516664
599.0 3.677102516881523 0.0010858327052516664
600.0 3.683241252302026 0.0010858327052516664
601.0 3.6893799877225293 0.0010858327052516664
602.0 3.6955187231430333 0.0010858327052516664
603.0 3.7016574585635365 0.0010858327052516664
604.0 3.7077961939840396 0.0010858327052516664
605.0 3.713934929404543 0.0010858327052516664
606.0 3.7200736648250463 0.0010858327052516664
607.0 3.7262124002455494 0.0010858327052516664
608.0 3.7323511356660535 0.0010858327052516664
609.0 3.7384898710865566 0.0010858327052516664
610.0 3.7446286065070598 0.0010858327052516664
611.0 3.7507673419275633 0.0010858327052516664
612.0 3.7569060773480665 0.0010858327052516664
613.0 3.7630448127685696 0.0010858327052516664
614.0 3.7691835481890736 0.0010858327052516664
615.0 3.775322283609577 0.0010858327052516664
616.0 3.78146101903008 0.0010858327052516664
617.0 3.787599754450584 0.0010858327052516664
618.0 3.793738489871087 0.0010858327052516664
619.0 3.79987722529159 0.0010858327052516664
620.0 3.806015960712094 0.0010858327052516664
621.0 3.812154696132597 0.0010858327052516664
622.0 3.8182934315531 0.0010858327052516664
623.0 3.824432166973604 0.0010858327052516664
624.0 3.8305709023941072 0.0010858327052516664
625.0 3.8367096378146104 0.0010858327052516664
626.0 3.842848373235114 0.0010858327052516664
627.0 3.848987108655617 0.0010858327052516664
628.0 3.8551258440761202 0.0010858327052516664
629.0 3.8612645794966243 0.0010858327052516664
630.0 3.8674033149171274 0.0010858327052516664
631.0 3.8735420503376305 0.0010858327052516664
632.0 3.8796807857581346 0.0010858327052516664
633.0 3.8858195211786377 0.0010858327052516664
634.0 3.891958256599141 0.0010858327052516664
635.0 3.8980969920196444 0.0010858327052516664
636.0 3.9042357274401476 0.0010858327052516664
637.0 3.9103744628606507 0.0010858327052516664
638.0 3.9165131982811547 0.0010858327052516664
639.0 3.922651933701658 0.0010858327052516664
640.0 3.928790669122161 0.0010858327052516664
641.0 3.9349294045426646 0.0010858327052516664
642.0 3.9410681399631677 0.0010858327052516664
643.0 3.947206875383671 0.0010858327052516664
644.0 3.953345610804175 0.0010858327052516664
645.0 3.959484346224678 0.0010858327052516664
646.0 3.965623081645181 0.0010858327052516664
647.0 3.971761817065685 0.0010858327052516664
648.0 3.9779005524861883 0.0010858327052516664
649.0 3.9840392879066915 0.0010858327052516664
650.0 3.990178023327195 0.0010858327052516664
651.0 3.996316758747698 0.0010858327052516664
652.0 4.002455494168202 0.0010858327052516664
653.0 4.008594229588705 0.0010858327052516664
654.0 4.014732965009208 0.0010858327052516664
655.0 4.020871700429711 0.0010858327052516664
656.0 4.027010435850215 0.0010858327052516664
657.0 4.033149171270718 0.0010858327052516664
658.0 4.0392879066912215 0.0010858327052516664
659.0 4.0454266421117255 0.0010858327052516664
660.0 4.051565377532229 0.0010858327052516664
661.0 4.057704112952732 0.0010858327052516664
662.0 4.063842848373236 0.0010858327052516664
663.0 4.069981583793739 0.0010858327052516664
664.0 4.076120319214242 0.0010858327052516664
665.0 4.082259054634746 0.0010858327052516664
666.0 4.088397790055249 0.0010858327052516664
667.0 4.094536525475752 0.0010858327052516664
668.0 4.100675260896256 0.0010858327052516664
669.0 4.106813996316759 0.0010858327052516664
670.0 4.112952731737262 0.0010858327052516664
671.0 4.119091467157766 0.0010858327052516664
672.0 4.125230202578269 0.0010858327052516664
673.0 4.131368937998772 0.0010858327052516664
674.0 4.137507673419276 0.0010858327052516664
675.0 4.143646408839779 0.0010858327052516664
676.0 4.149785144260282 0.0010858327052516664
677.0 4.1559238796807865 0.0010858327052516664
678.0 4.16206261510129 0.0010858327052516664
679.0 4.168201350521793 0.0010858327052516664
680.0 4.174340085942297 0.0010858327052516664
681.0 4.1804788213628 0.0010858327052516664
682.0 4.186617556783303 0.0010858327052516664
683.0 4.192756292203806 0.0010858327052516664
684.0 4.198895027624309 0.0010858327052516664
685.0 4.2050337630448125 0.0010858327052516664
686.0 4.2111724984653165 0.0010858327052516664
687.0 4.21731123388582 0.0010858327052516664
688.0 4.223449969306323 0.0010858327052516664
689.0 4.229588704726827 0.0010858327052516664
690.0 4.23572744014733 0.0010858327052516664
691.0 4.241866175567833 0.0010858327052516664
692.0 4.248004910988337 0.0010858327052516664
693.0 4.25414364640884 0.0010858327052516664
694.0 4.260282381829343 0.0010858327052516664
695.0 4.266421117249847 0.0010858327052516664
696.0 4.2725598526703505 0.0010858327052516664
697.0 4.278698588090854 0.0010858327052516664
698.0 4.284837323511357 0.0010858327052516664
699.0 4.29097605893186 0.0010858327052516664
700.0 4.297114794352363 0.0010858327052516664
701.0 4.303253529772867 0.0010858327052516664
702.0 4.30939226519337 0.0010858327052516664
703.0 4.315531000613873 0.0010858327052516664
704.0 4.321669736034377 0.0010858327052516664
705.0 4.327808471454881 0.0010858327052516664
706.0 4.333947206875384 0.0010858327052516664
707.0 4.340085942295888 0.0010858327052516664
708.0 4.346224677716391 0.0010858327052516664
709.0 4.352363413136894 0.0010858327052516664
710.0 4.358502148557398 0.0010858327052516664
711.0 4.364640883977901 0.0010858327052516664
712.0 4.370779619398404 0.0010858327052516664
713.0 4.3769183548189075 0.0010858327052516664
714.0 4.383057090239411 0.0010858327052516664
715.0 4.389195825659914 0.0010858327052516664
716.0 4.395334561080418 0.0010858327052516664
717.0 4.401473296500921 0.0010858327052516664
718.0 4.407612031921425 0.0010858327052516664
719.0 4.413750767341928 0.0010858327052516664
720.0 4.419889502762431 0.0010858327052516664
721.0 4.426028238182935 0.0010858327052516664
722.0 4.432166973603438 0.0010858327052516664
723.0 4.4383057090239415 0.0010858327052516664
724.0 4.4444444444444455 0.0010858327052516664
725.0 4.450583179864949 0.0010858327052516664
726.0 4.456721915285452 0.0010858327052516664
727.0 4.462860650705955 0.0010858327052516664
728.0 4.468999386126458 0.0010858327052516664
729.0 4.475138121546961 0.0010858327052516664
730.0 4.481276856967465 0.0010858327052516664
731.0 4.487415592387968 0.0010858327052516664
732.0 4.4935543278084715 0.0010858327052516664
733.0 4.4996930632289756 0.0010858327052516664
734.0 4.505831798649479 0.0010858327052516664
735.0 4.511970534069982 0.0010858327052516664
736.0 4.518109269490486 0.0010858327052516664
737.0 4.524248004910989 0.0010858327052516664
738.0 4.530386740331492 0.0010858327052516664
739.0 4.536525475751996 0.0010858327052516664
740.0 4.542664211172499 0.0010858327052516664
741.0 4.548802946593002 0.0010858327052516664
742.0 4.554941682013506 0.0010858327052516664
743.0 4.561080417434009 0.0010858327052516664
744.0 4.567219152854512 0.0010858327052516664
745.0 4.573357888275016 0.0010858327052516664
746.0 4.579496623695519 0.0010858327052516664
747.0 4.585635359116022 0.0010858327052516664
748.0 4.591774094536526 0.0010858327052516664
749.0 4.597912829957029 0.0010858327052516664
750.0 4.6040515653775325 0.0010858327052516664
751.0 4.6101903007980365 0.0010858327052516664
752.0 4.61632903621854 0.0010858327052516664
753.0 4.622467771639043 0.0010858327052516664
754.0 4.628606507059547 0.0010858327052516664
755.0 4.63474524248005 0.0010858327052516664
756.0 4.640883977900553 0.0010858327052516664
757.0 4.647022713321056 0.0010858327052516664
758.0 4.653161448741559 0.0010858327052516664
759.0 4.6593001841620625 0.0010858327052516664
760.0 4.6654389195825665 0.0010858327052516664
761.0 4.67157765500307 0.0010858327052516664
762.0 4.677716390423573 0.0010858327052516664
763.0 4.683855125844077 0.0010858327052516664
764.0 4.68999386126458 0.0010858327052516664
765.0 4.696132596685083 0.0010858327052516664
766.0 4.702271332105587 0.0010858327052516664
767.0 4.70841006752609 0.0010858327052516664
768.0 4.714548802946593 0.0010858327052516664
769.0 4.720687538367097 0.0010858327052516664
770.0 4.726826273787601 0.0010858327052516664
771.0 4.732965009208104 0.0010858327052516664
772.0 4.739103744628607 0.0010858327052516664
773.0 4.74524248004911 0.0010858327052516664
774.0 4.751381215469613 0.0010858327052516664
775.0 4.757519950890117 0.0010858327052516664
776.0 4.76365868631062 0.0010858327052516664
777.0 4.769797421731123 0.0010858327052516664
778.0 4.7759361571516274 0.0010858327052516664
779.0 4.782074892572131 0.0010858327052516664
780.0 4.788213627992634 0.0010858327052516664
781.0 4.794352363413138 0.0010858327052516664
782.0 4.800491098833641 0.0010858327052516664
783.0 4.806629834254144 0.0010858327052516664
784.0 4.812768569674648 0.0010858327052516664
785.0 4.818907305095151 0.0010858327052516664
786.0 4.825046040515654 0.0010858327052516664
787.0 4.831184775936158 0.0010858327052516664
788.0 4.8373235113566615 0.0010858327052516664
789.0 4.843462246777165 0.0010858327052516664
790.0 4.849600982197668 0.0010858327052516664
791.0 4.855739717618171 0.0010858327052516664
792.0 4.861878453038674 0.0010858327052516664
793.0 4.868017188459178 0.0010858327052516664
794.0 4.874155923879681 0.0010858327052516664
795.0 4.880294659300184 0.0010858327052516664
796.0 4.886433394720688 0.0010858327052516664
797.0 4.8925721301411915 0.0010858327052516664
798.0 4.898710865561695 0.0010858327052516664
799.0 4.904849600982199 0.0010858327052516664
800.0 4.910988336402702 0.0010858327052516664
801.0 4.917127071823205 0.0010858327052516664
802.0 4.923265807243709 0.0010858327052516664
803.0 4.929404542664212 0.0010858327052516664
804.0 4.935543278084715 0.0010858327052516664
805.0 4.941682013505218 0.0010858327052516664
806.0 4.9478207489257215 0.0010858327052516664
807.0 4.953959484346225 0.0010858327052516664
808.0 4.960098219766729 0.0010858327052516664
809.0 4.966236955187232 0.0010858327052516664
810.0 4.972375690607735 0.0010858327052516664
811.0 4.978514426028239 0.0010858327052516664
812.0 4.984653161448742 0.0010858327052516664
813.0 4.990791896869245 0.0010858327052516664
814.0 4.996930632289749 0.0010858327052516664
815.0 5.0030693677102525 0.0010858327052516664
816.0 5.009208103130756 0.0010858327052516664
817.0 5.01534683855126 0.0010858327052516664
818.0 5.021485573971763 0.0010858327052516664
819.0 5.027624309392266 0.0010858327052516664
820.0 5.033763044812769 0.0010858327052516664
821.0 5.039901780233272 0.0010858327052516664
822.0 5.046040515653775 0.0010858327052516664
823.0 5.052179251074279 0.0010858327052516664
824.0 5.0583179864947825 0.0010858327052516664
825.0 5.064456721915286 0.0010858327052516664
826.0 5.07059545733579 0.0010858327052516664
827.0 5.076734192756293 0.0010858327052516664
828.0 5.082872928176796 0.0010858327052516664
829.0 5.0890116635973 0.0010858327052516664
830.0 5.095150399017803 0.0010858327052516664
831.0 5.101289134438306 0.0010858327052516664
832.0 5.10742786985881 0.0010858327052516664
833.0 5.113566605279313 0.0010858327052516664
834.0 5.1197053406998165 0.0010858327052516664
835.0 5.12584407612032 0.0010858327052516664
836.0 5.131982811540823 0.0010858327052516664
837.0 5.138121546961326 0.0010858327052516664
838.0 5.14426028238183 0.0010858327052516664
839.0 5.150399017802333 0.0010858327052516664
840.0 5.156537753222836 0.0010858327052516664
841.0 5.16267648864334 0.0010858327052516664
842.0 5.168815224063843 0.0010858327052516664
843.0 5.1749539594843466 0.0010858327052516664
844.0 5.181092694904851 0.0010858327052516664
845.0 5.187231430325354 0.0010858327052516664
846.0 5.193370165745857 0.0010858327052516664
847.0 5.199508901166361 0.0010858327052516664
848.0 5.205647636586864 0.0010858327052516664
849.0 5.211786372007367 0.0010858327052516664
850.0 5.21792510742787 0.0010858327052516664
851.0 5.224063842848373 0.0010858327052516664
852.0 5.230202578268877 0.0010858327052516664
853.0 5.236341313689381 0.0010858327052516664
854.0 5.242480049109884 0.0010858327052516664
855.0 5.248618784530387 0.0010858327052516664
856.0 5.254757519950891 0.0010858327052516664
857.0 5.260896255371394 0.0010858327052516664
858.0 5.267034990791897 0.0010858327052516664
859.0 5.273173726212401 0.0010858327052516664
860.0 5.279312461632904 0.0010858327052516664
861.0 5.2854511970534075 0.0010858327052516664
862.0 5.2915899324739115 0.0010858327052516664
863.0 5.297728667894415 0.0010858327052516664
864.0 5.303867403314918 0.0010858327052516664
865.0 5.310006138735421 0.0010858327052516664
866.0 5.316144874155924 0.0010858327052516664
867.0 5.322283609576427 0.0010858327052516664
868.0 5.328422344996931 0.0010858327052516664
869.0 5.334561080417434 0.0010858327052516664
870.0 5.3406998158379375 0.0010858327052516664
871.0 5.3468385512584415 0.0010858327052516664
872.0 5.352977286678945 0.0010858327052516664
873.0 5.359116022099448 0.0010858327052516664
874.0 5.365254757519952 0.0010858327052516664
875.0 5.371393492940455 0.0010858327052516664
876.0 5.377532228360958 0.0010858327052516664
877.0 5.383670963781462 0.0010858327052516664
878.0 5.389809699201965 0.0010858327052516664
879.0 5.395948434622468 0.0010858327052516664
880.0 5.402087170042972 0.0010858327052516664
881.0 5.408225905463475 0.0010858327052516664
882.0 5.414364640883978 0.0010858327052516664
883.0 5.420503376304482 0.0010858327052516664
884.0 5.426642111724985 0.0010858327052516664
885.0 5.432780847145488 0.0010858327052516664
886.0 5.438919582565992 0.0010858327052516664
887.0 5.445058317986495 0.0010858327052516664
888.0 5.4511970534069984 0.0010858327052516664
889.0 5.4573357888275025 0.0010858327052516664
890.0 5.463474524248006 0.0010858327052516664
891.0 5.469613259668509 0.0010858327052516664
892.0 5.475751995089013 0.0010858327052516664
893.0 5.481890730509516 0.0010858327052516664
894.0 5.488029465930019 0.0010858327052516664
895.0 5.494168201350522 0.0010858327052516664
896.0 5.500306936771025 0.0010858327052516664
897.0 5.5064456721915285 0.0010858327052516664
898.0 5.5125844076120325 0.0010858327052516664
899.0 5.518723143032536 0.0010858327052516664
900.0 5.524861878453039 0.0010858327052516664
901.0 5.531000613873543 0.0010858327052516664
902.0 5.537139349294046 0.0010858327052516664
903.0 5.543278084714549 0.0010858327052516664
904.0 5.549416820135053 0.0010858327052516664
905.0 5.555555555555556 0.0010858327052516664
906.0 5.561694290976059 0.0010858327052516664
907.0 5.567833026396563 0.0010858327052516664
908.0 5.5739717618170666 0.0010858327052516664
909.0 5.58011049723757 0.0010858327052516664
910.0 5.586249232658073 0.0010858327052516664
911.0 5.592387968078576 0.0010858327052516664
912.0 5.598526703499079 0.0010858327052516664
913.0 5.604665438919583 0.0010858327052516664
914.0 5.610804174340086 0.0010858327052516664
915.0 5.616942909760589 0.0010858327052516664
916.0 5.623081645181093 0.0010858327052516664
917.0 5.629220380601597 0.0010858327052516664
918.0 5.6353591160221 0.0010858327052516664
919.0 5.641497851442604 0.0010858327052516664
920.0 5.647636586863107 0.0010858327052516664
921.0 5.65377532228361 0.0010858327052516664
922.0 5.659914057704114 0.0010858327052516664
923.0 5.666052793124617 0.0010858327052516664
924.0 5.67219152854512 0.0010858327052516664
925.0 5.6783302639656235 0.0010858327052516664
926.0 5.684468999386127 0.0010858327052516664
927.0 5.690607734806631 0.0010858327052516664
928.0 5.696746470227134 0.0010858327052516664
929.0 5.702885205647637 0.0010858327052516664
930.0 5.709023941068141 0.0010858327052516664
931.0 5.715162676488644 0.0010858327052516664
932.0 5.721301411909147 0.0010858327052516664
933.0 5.727440147329651 0.0010858327052516664
934.0 5.733578882750154 0.0010858327052516664
935.0 5.7397176181706575 0.0010858327052516664
936.0 5.7458563535911615 0.0010858327052516664
937.0 5.751995089011665 0.0010858327052516664
938.0 5.758133824432168 0.0010858327052516664
939.0 5.764272559852671 0.0010858327052516664
940.0 5.770411295273174 0.0010858327052516664
941.0 5.776550030693677 0.0010858327052516664
942.0 5.782688766114181 0.0010858327052516664
943.0 5.788827501534684 0.0010858327052516664
944.0 5.7949662369551875 0.0010858327052516664
945.0 5.801104972375692 0.0010858327052516664
946.0 5.807243707796195 0.0010858327052516664
947.0 5.813382443216698 0.0010858327052516664
948.0 5.819521178637202 0.0010858327052516664
949.0 5.825659914057705 0.0010858327052516664
950.0 5.831798649478208 0.0010858327052516664
951.0 5.837937384898712 0.0010858327052516664
952.0 5.844076120319215 0.0010858327052516664
953.0 5.8502148557397184 0.0010858327052516664
954.0 5.856353591160222 0.0010858327052516664
955.0 5.862492326580725 0.0010858327052516664
956.0 5.868631062001228 0.0010858327052516664
957.0 5.874769797421732 0.0010858327052516664
958.0 5.880908532842235 0.0005429163526258332
959.0 5.887047268262738 0.0005429163526258332
960.0 5.893186003683242 0.0005429163526258332
961.0 5.899324739103745 0.0005429163526258332
962.0 5.9054634745242485 0.0005429163526258332
963.0 5.9116022099447525 0.0005429163526258332
964.0 5.917740945365256 0.0005429163526258332
965.0 5.923879680785759 0.0005429163526258332
966.0 5.930018416206263 0.0005429163526258332
967.0 5.936157151626766 0.0005429163526258332
968.0 5.942295887047269 0.0005429163526258332
969.0 5.948434622467772 0.0005429163526258332
970.0 5.954573357888275 0.0005429163526258332
971.0 5.9607120933087785 0.0005429163526258332
972.0 5.9668508287292825 0.0005429163526258332
973.0 5.972989564149786 0.0005429163526258332
974.0 5.979128299570289 0.0005429163526258332
975.0 5.985267034990793 0.0005429163526258332
976.0 5.991405770411296 0.0005429163526258332
977.0 5.997544505831799 0.0005429163526258332
978.0 6.003683241252303 0.0005429163526258332
979.0 6.009821976672806 0.0005429163526258332
980.0 6.015960712093309 0.0005429163526258332
981.0 6.022099447513813 0.0005429163526258332
982.0 6.028238182934317 0.0005429163526258332
983.0 6.03437691835482 0.0005429163526258332
984.0 6.040515653775323 0.0005429163526258332
985.0 6.046654389195826 0.0005429163526258332
986.0 6.052793124616329 0.0005429163526258332
987.0 6.058931860036833 0.0005429163526258332
988.0 6.065070595457336 0.0005429163526258332
989.0 6.071209330877839 0.0005429163526258332
990.0 6.0773480662983435 0.0005429163526258332
991.0 6.083486801718847 0.0005429163526258332
992.0 6.08962553713935 0.0005429163526258332
993.0 6.095764272559854 0.0005429163526258332
994.0 6.101903007980357 0.0005429163526258332
995.0 6.10804174340086 0.0005429163526258332
996.0 6.114180478821364 0.0005429163526258332
997.0 6.120319214241867 0.0005429163526258332
998.0 6.12645794966237 0.0005429163526258332
999.0 6.1325966850828735 0.0005429163526258332
1000.0 6.138735420503377 0.0005429163526258332
1001.0 6.14487415592388 0.0005429163526258332
1002.0 6.151012891344384 0.0005429163526258332
1003.0 6.157151626764887 0.0005429163526258332
1004.0 6.16329036218539 0.0005429163526258332
1005.0 6.169429097605894 0.0005429163526258332
1006.0 6.175567833026397 0.0005429163526258332
1007.0 6.1817065684469 0.0005429163526258332
1008.0 6.187845303867404 0.0005429163526258332
1009.0 6.1939840392879075 0.0005429163526258332
1010.0 6.200122774708411 0.0005429163526258332
1011.0 6.206261510128915 0.0005429163526258332
1012.0 6.212400245549418 0.0005429163526258332
1013.0 6.218538980969921 0.0005429163526258332
1014.0 6.224677716390424 0.0005429163526258332
1015.0 6.230816451810927 0.0005429163526258332
1016.0 6.23695518723143 0.0005429163526258332
1017.0 6.243093922651934 0.0005429163526258332
1018.0 6.2492326580724376 0.0005429163526258332
1019.0 6.255371393492941 0.0005429163526258332
1020.0 6.261510128913445 0.0005429163526258332
1021.0 6.267648864333948 0.0005429163526258332
1022.0 6.273787599754451 0.0005429163526258332
1023.0 6.279926335174955 0.0005429163526258332
1024.0 6.286065070595458 0.0005429163526258332
1025.0 6.292203806015961 0.0005429163526258332
1026.0 6.298342541436465 0.0005429163526258332
1027.0 6.3044812768569685 0.0005429163526258332
1028.0 6.310620012277472 0.0005429163526258332
1029.0 6.316758747697975 0.0005429163526258332
1030.0 6.322897483118478 0.0005429163526258332
1031.0 6.329036218538981 0.0005429163526258332
1032.0 6.335174953959485 0.0005429163526258332
1033.0 6.341313689379988 0.0005429163526258332
1034.0 6.347452424800491 0.0005429163526258332
1035.0 6.353591160220995 0.0005429163526258332
1036.0 6.3597298956414985 0.0005429163526258332
1037.0 6.365868631062002 0.0005429163526258332
1038.0 6.372007366482506 0.0005429163526258332
1039.0 6.378146101903009 0.0005429163526258332
1040.0 6.384284837323512 0.0005429163526258332
1041.0 6.390423572744016 0.0005429163526258332
1042.0 6.396562308164519 0.0005429163526258332
1043.0 6.402701043585022 0.0005429163526258332
1044.0 6.408839779005525 0.0005429163526258332
1045.0 6.414978514426029 0.0005429163526258332
1046.0 6.421117249846532 0.0005429163526258332
1047.0 6.427255985267036 0.0005429163526258332
1048.0 6.43339472068754 0.0005429163526258332
1049.0 6.439533456108042 0.0005429163526258332
1050.0 6.445672191528546 0.0005429163526258332
1051.0 6.45181092694905 0.0005429163526258332
1052.0 6.457949662369552 0.0005429163526258332
1053.0 6.464088397790056 0.0005429163526258332
1054.0 6.47022713321056 0.0005429163526258332
1055.0 6.476365868631063 0.0005429163526258332
1056.0 6.482504604051567 0.0005429163526258332
1057.0 6.48864333947207 0.0005429163526258332
1058.0 6.494782074892573 0.0005429163526258332
1059.0 6.500920810313076 0.0005429163526258332
1060.0 6.50705954573358 0.0005429163526258332
1061.0 6.513198281154082 0.0005429163526258332
1062.0 6.519337016574586 0.0005429163526258332
1063.0 6.52547575199509 0.0005429163526258332
1064.0 6.531614487415593 0.0005429163526258332
1065.0 6.537753222836097 0.0005429163526258332
1066.0 6.543891958256601 0.0005429163526258332
1067.0 6.550030693677103 0.0005429163526258332
1068.0 6.556169429097607 0.0005429163526258332
1069.0 6.562308164518111 0.0005429163526258332
1070.0 6.568446899938613 0.0005429163526258332
1071.0 6.574585635359117 0.0005429163526258332
1072.0 6.58072437077962 0.0005429163526258332
1073.0 6.5868631062001235 0.0005429163526258332
1074.0 6.593001841620627 0.0005429163526258332
1075.0 6.599140577041131 0.0005429163526258332
1076.0 6.605279312461633 0.0005429163526258332
1077.0 6.611418047882137 0.0005429163526258332
1078.0 6.617556783302641 0.0005429163526258332
1079.0 6.623695518723143 0.0005429163526258332
1080.0 6.629834254143647 0.0005429163526258332
1081.0 6.635972989564151 0.0005429163526258332
1082.0 6.6421117249846535 0.0005429163526258332
1083.0 6.6482504604051575 0.0005429163526258332
1084.0 6.654389195825662 0.0005429163526258332
1085.0 6.660527931246164 0.0005429163526258332
1086.0 6.666666666666668 0.0005429163526258332
1087.0 6.672805402087171 0.0005429163526258332
1088.0 6.678944137507674 0.0005429163526258332
1089.0 6.685082872928177 0.0005429163526258332
1090.0 6.691221608348681 0.0005429163526258332
1091.0 6.6973603437691835 0.0005429163526258332
1092.0 6.703499079189688 0.0005429163526258332
1093.0 6.709637814610192 0.0005429163526258332
1094.0 6.715776550030694 0.0005429163526258332
1095.0 6.721915285451198 0.0005429163526258332
1096.0 6.728054020871702 0.0005429163526258332
1097.0 6.734192756292204 0.0005429163526258332
1098.0 6.740331491712708 0.0005429163526258332
1099.0 6.746470227133212 0.0005429163526258332
1100.0 6.7526089625537145 0.0005429163526258332
1101.0 6.7587476979742185 0.0005429163526258332
1102.0 6.764886433394722 0.0005429163526258332
1103.0 6.771025168815225 0.0005429163526258332
1104.0 6.777163904235728 0.0005429163526258332
1105.0 6.783302639656232 0.0005429163526258332
1106.0 6.789441375076734 0.0005429163526258332
1107.0 6.795580110497238 0.0005429163526258332
1108.0 6.801718845917742 0.0005429163526258332
1109.0 6.8078575813382445 0.0005429163526258332
1110.0 6.8139963167587485 0.0005429163526258332
1111.0 6.8201350521792525 0.0005429163526258332
1112.0 6.826273787599755 0.0005429163526258332
1113.0 6.832412523020259 0.0005429163526258332
1114.0 6.838551258440763 0.0005429163526258332
1115.0 6.844689993861265 0.0005429163526258332
1116.0 6.850828729281769 0.0005429163526258332
1117.0 6.856967464702272 0.0005429163526258332
1118.0 6.863106200122775 0.0005429163526258332
1119.0 6.8692449355432785 0.0005429163526258332
1120.0 6.875383670963783 0.0005429163526258332
1121.0 6.881522406384285 0.0005429163526258332
1122.0 6.887661141804789 0.0005429163526258332
1123.0 6.893799877225293 0.0005429163526258332
1124.0 6.899938612645795 0.0005429163526258332
1125.0 6.906077348066299 0.0005429163526258332
1126.0 6.912216083486803 0.0005429163526258332
1127.0 6.918354818907305 0.0005429163526258332
1128.0 6.924493554327809 0.0005429163526258332
1129.0 6.9306322897483135 0.0005429163526258332
1130.0 6.936771025168816 0.0005429163526258332
1131.0 6.94290976058932 0.0005429163526258332
1132.0 6.949048496009823 0.0005429163526258332
1133.0 6.955187231430326 0.0005429163526258332
1134.0 6.961325966850829 0.0005429163526258332
1135.0 6.967464702271333 0.0005429163526258332
1136.0 6.973603437691835 0.0005429163526258332
1137.0 6.9797421731123395 0.0005429163526258332
1138.0 6.9858809085328435 0.0005429163526258332
1139.0 6.992019643953346 0.0005429163526258332
1140.0 6.99815837937385 0.0005429163526258332
1141.0 7.004297114794354 0.0005429163526258332
1142.0 7.010435850214856 0.0005429163526258332
1143.0 7.01657458563536 0.0005429163526258332
1144.0 7.022713321055864 0.0005429163526258332
1145.0 7.028852056476366 0.0005429163526258332
1146.0 7.03499079189687 0.0005429163526258332
1147.0 7.0411295273173735 0.0005429163526258332
1148.0 7.047268262737877 0.0005429163526258332
1149.0 7.05340699815838 0.0005429163526258332
1150.0 7.059545733578884 0.0005429163526258332
1151.0 7.065684468999386 0.0005429163526258332
1152.0 7.07182320441989 0.0005429163526258332
1153.0 7.077961939840394 0.0005429163526258332
1154.0 7.084100675260896 0.0005429163526258332
1155.0 7.0902394106814 0.0005429163526258332
1156.0 7.096378146101904 0.0005429163526258332
1157.0 7.102516881522407 0.0005429163526258332
1158.0 7.108655616942911 0.0005429163526258332
1159.0 7.114794352363415 0.0005429163526258332
1160.0 7.120933087783917 0.0005429163526258332
1161.0 7.127071823204421 0.0005429163526258332
1162.0 7.133210558624924 0.0005429163526258332
1163.0 7.139349294045427 0.0005429163526258332
1164.0 7.14548802946593 0.0005429163526258332
1165.0 7.1516267648864345 0.0005429163526258332
1166.0 7.157765500306937 0.0005429163526258332
1167.0 7.163904235727441 0.0005429163526258332
1168.0 7.170042971147945 0.0005429163526258332
1169.0 7.176181706568447 0.0005429163526258332
1170.0 7.182320441988951 0.0005429163526258332
1171.0 7.188459177409455 0.0005429163526258332
1172.0 7.194597912829957 0.0005429163526258332
1173.0 7.200736648250461 0.0005429163526258332
1174.0 7.206875383670965 0.0005429163526258332
1175.0 7.213014119091468 0.0005429163526258332
1176.0 7.219152854511972 0.0005429163526258332
1177.0 7.225291589932475 0.0005429163526258332
1178.0 7.231430325352978 0.0005429163526258332
1179.0 7.237569060773481 0.0005429163526258332
1180.0 7.243707796193985 0.0005429163526258332
1181.0 7.249846531614487 0.0005429163526258332
1182.0 7.255985267034991 0.0005429163526258332
1183.0 7.262124002455495 0.0005429163526258332
1184.0 7.268262737875998 0.0005429163526258332
1185.0 7.274401473296502 0.0005429163526258332
1186.0 7.280540208717006 0.0005429163526258332
1187.0 7.286678944137508 0.0005429163526258332
1188.0 7.292817679558012 0.0005429163526258332
1189.0 7.298956414978516 0.0005429163526258332
1190.0 7.305095150399018 0.0005429163526258332
1191.0 7.311233885819522 0.0005429163526258332
1192.0 7.317372621240025 0.0005429163526258332
1193.0 7.3235113566605285 0.0005429163526258332
1194.0 7.329650092081032 0.0005429163526258332
1195.0 7.335788827501536 0.0005429163526258332
1196.0 7.341927562922038 0.0005429163526258332
1197.0 7.348066298342542 0.0005429163526258332
1198.0 7.354205033763046 0.0005429163526258332
1199.0 7.360343769183548 0.0005429163526258332
1200.0 7.366482504604052 0.0005429163526258332
1201.0 7.372621240024556 0.0005429163526258332
1202.0 7.378759975445059 0.0005429163526258332
1203.0 7.384898710865563 0.0005429163526258332
1204.0 7.391037446286067 0.0005429163526258332
1205.0 7.397176181706569 0.0005429163526258332
1206.0 7.403314917127073 0.0005429163526258332
1207.0 7.409453652547576 0.0005429163526258332
1208.0 7.415592387968079 0.0005429163526258332
1209.0 7.421731123388582 0.0005429163526258332
1210.0 7.427869858809086 0.0005429163526258332
1211.0 7.434008594229589 0.0005429163526258332
1212.0 7.440147329650093 0.0005429163526258332
1213.0 7.446286065070597 0.0005429163526258332
1214.0 7.452424800491099 0.0005429163526258332
1215.0 7.458563535911603 0.0005429163526258332
1216.0 7.464702271332107 0.0005429163526258332
1217.0 7.470841006752609 0.0005429163526258332
1218.0 7.476979742173113 0.0005429163526258332
1219.0 7.483118477593617 0.0005429163526258332
1220.0 7.4892572130141195 0.0005429163526258332
1221.0 7.4953959484346235 0.0005429163526258332
1222.0 7.501534683855127 0.0005429163526258332
1223.0 7.50767341927563 0.0005429163526258332
1224.0 7.513812154696133 0.0005429163526258332
1225.0 7.519950890116637 0.0005429163526258332
1226.0 7.526089625537139 0.0005429163526258332
1227.0 7.532228360957643 0.0005429163526258332
1228.0 7.538367096378147 0.0005429163526258332
1229.0 7.5445058317986495 0.0005429163526258332
1230.0 7.550644567219154 0.0005429163526258332
1231.0 7.556783302639658 0.0005429163526258332
1232.0 7.56292203806016 0.0005429163526258332
1233.0 7.569060773480664 0.0005429163526258332
1234.0 7.575199508901168 0.0005429163526258332
1235.0 7.58133824432167 0.0005429163526258332
1236.0 7.587476979742174 0.0005429163526258332
1237.0 7.593615715162677 0.0005429163526258332
1238.0 7.59975445058318 0.0005429163526258332
1239.0 7.605893186003684 0.0005429163526258332
1240.0 7.612031921424188 0.0005429163526258332
1241.0 7.61817065684469 0.0005429163526258332
1242.0 7.624309392265194 0.0005429163526258332
1243.0 7.630448127685698 0.0005429163526258332
1244.0 7.6365868631062 0.0005429163526258332
1245.0 7.642725598526704 0.0005429163526258332
1246.0 7.648864333947208 0.0005429163526258332
1247.0 7.6550030693677105 0.0005429163526258332
1248.0 7.6611418047882145 0.0005429163526258332
1249.0 7.6672805402087185 0.0005429163526258332
1250.0 7.673419275629221 0.0005429163526258332
1251.0 7.679558011049725 0.0005429163526258332
1252.0 7.685696746470228 0.0005429163526258332
1253.0 7.691835481890731 0.0005429163526258332
1254.0 7.697974217311234 0.0005429163526258332
1255.0 7.704112952731738 0.0005429163526258332
1256.0 7.7102516881522405 0.0005429163526258332
1257.0 7.7163904235727445 0.0005429163526258332
1258.0 7.7225291589932485 0.0005429163526258332
1259.0 7.728667894413751 0.0005429163526258332
1260.0 7.734806629834255 0.0005429163526258332
1261.0 7.740945365254759 0.0005429163526258332
1262.0 7.747084100675261 0.0005429163526258332
1263.0 7.753222836095765 0.0005429163526258332
1264.0 7.759361571516269 0.0005429163526258332
1265.0 7.765500306936771 0.0005429163526258332
1266.0 7.771639042357275 0.0005429163526258332
1267.0 7.777777777777779 0.0005429163526258332
1268.0 7.783916513198282 0.0005429163526258332
1269.0 7.790055248618785 0.0005429163526258332
1270.0 7.796193984039289 0.0005429163526258332
1271.0 7.802332719459791 0.0005429163526258332
1272.0 7.808471454880295 0.0005429163526258332
1273.0 7.814610190300799 0.0005429163526258332
1274.0 7.820748925721301 0.0005429163526258332
1275.0 7.8268876611418055 0.0005429163526258332
1276.0 7.8330263965623095 0.0005429163526258332
1277.0 7.839165131982812 0.0005429163526258332
1278.0 7.845303867403316 0.0005429163526258332
1279.0 7.85144260282382 0.0005429163526258332
1280.0 7.857581338244322 0.0005429163526258332
1281.0 7.863720073664826 0.0005429163526258332
1282.0 7.869858809085329 0.0005429163526258332
1283.0 7.875997544505832 0.0005429163526258332
1284.0 7.8821362799263355 0.0005429163526258332
1285.0 7.8882750153468395 0.0005429163526258332
1286.0 7.894413750767342 0.0005429163526258332
1287.0 7.900552486187846 0.0005429163526258332
1288.0 7.90669122160835 0.0005429163526258332
1289.0 7.912829957028852 0.0005429163526258332
1290.0 7.918968692449356 0.0005429163526258332
1291.0 7.92510742786986 0.0005429163526258332
1292.0 7.931246163290362 0.0005429163526258332
1293.0 7.937384898710866 0.0005429163526258332
1294.0 7.94352363413137 0.0005429163526258332
1295.0 7.949662369551873 0.0005429163526258332
1296.0 7.955801104972377 0.0005429163526258332
1297.0 7.96193984039288 0.0005429163526258332
1298.0 7.968078575813383 0.0005429163526258332
1299.0 7.974217311233886 0.0005429163526258332
1300.0 7.98035604665439 0.0005429163526258332
1301.0 7.986494782074892 0.0005429163526258332
1302.0 7.992633517495396 0.0005429163526258332
1303.0 7.9987722529159 0.0005429163526258332
1304.0 8.004910988336404 0.0005429163526258332
1305.0 8.011049723756907 0.0005429163526258332
1306.0 8.01718845917741 0.0005429163526258332
1307.0 8.023327194597913 0.0005429163526258332
1308.0 8.029465930018416 0.0005429163526258332
1309.0 8.035604665438921 0.0005429163526258332
1310.0 8.041743400859422 0.0005429163526258332
1311.0 8.047882136279927 0.0005429163526258332
1312.0 8.05402087170043 0.0005429163526258332
1313.0 8.060159607120934 0.0005429163526258332
1314.0 8.066298342541437 0.0005429163526258332
1315.0 8.072437077961942 0.0005429163526258332
1316.0 8.078575813382443 0.0005429163526258332
1317.0 8.084714548802948 0.0005429163526258332
1318.0 8.090853284223451 0.0005429163526258332
1319.0 8.096992019643954 0.0005429163526258332
1320.0 8.103130755064457 0.0005429163526258332
1321.0 8.10926949048496 0.0005429163526258332
1322.0 8.115408225905464 0.0005429163526258332
1323.0 8.121546961325967 0.0005429163526258332
1324.0 8.127685696746472 0.0005429163526258332
1325.0 8.133824432166973 0.0005429163526258332
1326.0 8.139963167587478 0.0005429163526258332
1327.0 8.146101903007981 0.0005429163526258332
1328.0 8.152240638428484 0.0005429163526258332
1329.0 8.158379373848987 0.0005429163526258332
1330.0 8.164518109269492 0.0005429163526258332
1331.0 8.170656844689994 0.0005429163526258332
1332.0 8.176795580110499 0.0005429163526258332
1333.0 8.182934315531002 0.0005429163526258332
1334.0 8.189073050951505 0.0005429163526258332
1335.0 8.195211786372008 0.0005429163526258332
1336.0 8.201350521792511 0.0005429163526258332
1337.0 8.207489257213014 0.0005429163526258332
1338.0 8.213627992633517 0.0005429163526258332
1339.0 8.219766728054022 0.0005429163526258332
1340.0 8.225905463474524 0.0005429163526258332
1341.0 8.232044198895029 0.0005429163526258332
1342.0 8.238182934315532 0.0005429163526258332
1343.0 8.244321669736035 0.0005429163526258332
1344.0 8.250460405156538 0.0005429163526258332
1345.0 8.256599140577043 0.0005429163526258332
1346.0 8.262737875997544 0.0005429163526258332
1347.0 8.26887661141805 0.0005429163526258332
1348.0 8.275015346838552 0.0005429163526258332
1349.0 8.281154082259055 0.0005429163526258332
1350.0 8.287292817679559 0.0005429163526258332
1351.0 8.293431553100062 0.0005429163526258332
1352.0 8.299570288520565 0.0005429163526258332
1353.0 8.305709023941068 0.0005429163526258332
1354.0 8.311847759361573 0.0005429163526258332
1355.0 8.317986494782074 0.0005429163526258332
1356.0 8.32412523020258 0.0005429163526258332
1357.0 8.330263965623082 0.0005429163526258332
1358.0 8.336402701043585 0.0005429163526258332
1359.0 8.342541436464089 0.0005429163526258332
1360.0 8.348680171884594 0.0005429163526258332
1361.0 8.354818907305095 0.0005429163526258332
1362.0 8.3609576427256 0.0005429163526258332
1363.0 8.367096378146103 0.0005429163526258332
1364.0 8.373235113566606 0.0005429163526258332
1365.0 8.37937384898711 0.0005429163526258332
1366.0 8.385512584407612 0.0005429163526258332
1367.0 8.391651319828116 0.0005429163526258332
1368.0 8.397790055248619 0.0005429163526258332
1369.0 8.403928790669124 0.0005429163526258332
1370.0 8.410067526089625 0.0005429163526258332
1371.0 8.41620626151013 0.0005429163526258332
1372.0 8.422344996930633 0.0005429163526258332
1373.0 8.428483732351136 0.0005429163526258332
1374.0 8.43462246777164 0.0005429163526258332
1375.0 8.440761203192144 0.0005429163526258332
1376.0 8.446899938612646 0.0005429163526258332
1377.0 8.45303867403315 0.0005429163526258332
1378.0 8.459177409453654 0.0005429163526258332
1379.0 8.465316144874157 0.0005429163526258332
1380.0 8.47145488029466 0.0005429163526258332
1381.0 8.477593615715163 0.0005429163526258332
1382.0 8.483732351135666 0.0005429163526258332
1383.0 8.48987108655617 0.0005429163526258332
1384.0 8.496009821976674 0.0005429163526258332
1385.0 8.502148557397176 0.0005429163526258332
1386.0 8.50828729281768 0.0005429163526258332
1387.0 8.514426028238184 0.0005429163526258332
1388.0 8.520564763658687 0.0005429163526258332
1389.0 8.52670349907919 0.0005429163526258332
1390.0 8.532842234499695 0.0005429163526258332
1391.0 8.538980969920196 0.0005429163526258332
1392.0 8.545119705340701 0.0005429163526258332
1393.0 8.551258440761204 0.0005429163526258332
1394.0 8.557397176181707 0.0005429163526258332
1395.0 8.56353591160221 0.0005429163526258332
1396.0 8.569674647022714 0.0005429163526258332
1397.0 8.575813382443217 0.0005429163526258332
1398.0 8.58195211786372 0.0005429163526258332
1399.0 8.588090853284225 0.0005429163526258332
1400.0 8.594229588704726 0.0005429163526258332
1401.0 8.600368324125231 0.0005429163526258332
1402.0 8.606507059545734 0.0005429163526258332
1403.0 8.612645794966237 0.0005429163526258332
1404.0 8.61878453038674 0.0005429163526258332
1405.0 8.624923265807245 0.0005429163526258332
1406.0 8.631062001227747 0.0005429163526258332
1407.0 8.637200736648252 0.0005429163526258332
1408.0 8.643339472068755 0.0005429163526258332
1409.0 8.649478207489258 0.0005429163526258332
1410.0 8.655616942909761 0.0005429163526258332
1411.0 8.661755678330264 0.0005429163526258332
1412.0 8.667894413750767 0.0005429163526258332
1413.0 8.67403314917127 0.0005429163526258332
1414.0 8.680171884591775 0.0005429163526258332
1415.0 8.686310620012277 0.0005429163526258332
1416.0 8.692449355432782 0.0005429163526258332
1417.0 8.698588090853285 0.0005429163526258332
1418.0 8.704726826273788 0.0005429163526258332
1419.0 8.710865561694291 0.0005429163526258332
1420.0 8.717004297114796 0.0005429163526258332
1421.0 8.723143032535297 0.0005429163526258332
1422.0 8.729281767955802 0.0005429163526258332
1423.0 8.735420503376305 0.0005429163526258332
1424.0 8.741559238796809 0.0005429163526258332
1425.0 8.747697974217312 0.0005429163526258332
1426.0 8.753836709637815 0.0005429163526258332
1427.0 8.759975445058318 0.0005429163526258332
1428.0 8.766114180478821 0.0005429163526258332
1429.0 8.772252915899326 0.0005429163526258332
1430.0 8.778391651319827 0.0005429163526258332
1431.0 8.784530386740332 0.0005429163526258332
1432.0 8.790669122160836 0.0005429163526258332
1433.0 8.796807857581339 0.0005429163526258332
1434.0 8.802946593001842 0.0005429163526258332
1435.0 8.809085328422347 0.0005429163526258332
1436.0 8.81522406384285 0.0005429163526258332
1437.0 8.821362799263353 0.0005429163526258332
1438.0 8.827501534683856 0.0005429163526258332
1439.0 8.83364027010436 0.0005429163526258332
1440.0 8.839779005524862 0.0005429163526258332
1441.0 8.845917740945366 0.0005429163526258332
1442.0 8.85205647636587 0.0005429163526258332
1443.0 8.858195211786372 0.0005429163526258332
1444.0 8.864333947206877 0.0005429163526258332
1445.0 8.87047268262738 0.0005429163526258332
1446.0 8.876611418047883 0.0005429163526258332
1447.0 8.882750153468386 0.0005429163526258332
1448.0 8.888888888888891 0.0005429163526258332
1449.0 8.895027624309392 0.0005429163526258332
1450.0 8.901166359729897 0.0005429163526258332
1451.0 8.9073050951504 0.0005429163526258332
1452.0 8.913443830570904 0.0005429163526258332
1453.0 8.919582565991407 0.0005429163526258332
1454.0 8.92572130141191 0.0005429163526258332
1455.0 8.931860036832413 0.0005429163526258332
1456.0 8.937998772252916 0.0005429163526258332
1457.0 8.944137507673421 0.0005429163526258332
1458.0 8.950276243093922 0.0005429163526258332
1459.0 8.956414978514427 0.0005429163526258332
1460.0 8.96255371393493 0.0005429163526258332
1461.0 8.968692449355434 0.0005429163526258332
1462.0 8.974831184775937 0.0005429163526258332
1463.0 8.980969920196442 0.0005429163526258332
1464.0 8.987108655616943 0.0005429163526258332
1465.0 8.993247391037448 0.0005429163526258332
1466.0 8.999386126457951 0.0005429163526258332
1467.0 9.005524861878454 0.0005429163526258332
1468.0 9.011663597298957 0.0005429163526258332
1469.0 9.01780233271946 0.0005429163526258332
1470.0 9.023941068139964 0.0005429163526258332
1471.0 9.030079803560467 0.0005429163526258332
1472.0 9.036218538980972 0.0005429163526258332
1473.0 9.042357274401473 0.0005429163526258332
1474.0 9.048496009821978 0.0005429163526258332
1475.0 9.054634745242481 0.0005429163526258332
1476.0 9.060773480662984 0.0005429163526258332
1477.0 9.066912216083487 0.0005429163526258332
1478.0 9.073050951503992 0.0005429163526258332
1479.0 9.079189686924494 0.0005429163526258332
1480.0 9.085328422344999 0.0005429163526258332
1481.0 9.091467157765502 0.0005429163526258332
1482.0 9.097605893186005 0.0005429163526258332
1483.0 9.103744628606508 0.0005429163526258332
1484.0 9.109883364027011 0.0005429163526258332
1485.0 9.116022099447514 0.0005429163526258332
1486.0 9.122160834868017 0.0005429163526258332
1487.0 9.128299570288522 0.0005429163526258332
1488.0 9.134438305709024 0.0005429163526258332
1489.0 9.140577041129529 0.0005429163526258332
1490.0 9.146715776550032 0.0005429163526258332
1491.0 9.152854511970535 0.0005429163526258332
1492.0 9.158993247391038 0.0005429163526258332
1493.0 9.165131982811543 0.0005429163526258332
1494.0 9.171270718232044 0.0005429163526258332
1495.0 9.17740945365255 0.0005429163526258332
1496.0 9.183548189073052 0.0005429163526258332
1497.0 9.189686924493556 0.0005429163526258332
1498.0 9.195825659914059 0.0005429163526258332
1499.0 9.201964395334562 0.0005429163526258332
1500.0 9.208103130755065 0.0005429163526258332
1501.0 9.214241866175568 0.0005429163526258332
1502.0 9.220380601596073 0.0005429163526258332
1503.0 9.226519337016574 0.0005429163526258332
1504.0 9.23265807243708 0.0005429163526258332
1505.0 9.238796807857582 0.0005429163526258332
1506.0 9.244935543278086 0.0005429163526258332
1507.0 9.251074278698589 0.0005429163526258332
1508.0 9.257213014119094 0.0005429163526258332
1509.0 9.263351749539595 0.0005429163526258332
1510.0 9.2694904849601 0.0005429163526258332
1511.0 9.275629220380603 0.0005429163526258332
1512.0 9.281767955801106 0.0005429163526258332
1513.0 9.28790669122161 0.0005429163526258332
1514.0 9.294045426642112 0.0005429163526258332
1515.0 9.300184162062616 0.0005429163526258332
1516.0 9.306322897483119 0.0005429163526258332
1517.0 9.312461632903624 0.0005429163526258332
1518.0 9.318600368324125 0.0005429163526258332
1519.0 9.32473910374463 0.0005429163526258332
1520.0 9.330877839165133 0.0005429163526258332
1521.0 9.337016574585636 0.0005429163526258332
1522.0 9.34315531000614 0.0005429163526258332
1523.0 9.349294045426644 0.0005429163526258332
1524.0 9.355432780847146 0.0005429163526258332
1525.0 9.36157151626765 0.0005429163526258332
1526.0 9.367710251688154 0.0005429163526258332
1527.0 9.373848987108657 0.0005429163526258332
1528.0 9.37998772252916 0.0005429163526258332
1529.0 9.386126457949663 0.0005429163526258332
1530.0 9.392265193370166 0.0005429163526258332
1531.0 9.39840392879067 0.0005429163526258332
1532.0 9.404542664211174 0.0005429163526258332
1533.0 9.410681399631676 0.0005429163526258332
1534.0 9.41682013505218 0.0005429163526258332
1535.0 9.422958870472684 0.0005429163526258332
1536.0 9.429097605893187 0.0005429163526258332
1537.0 9.43523634131369 0.0005429163526258332
1538.0 9.441375076734195 0.0005429163526258332
1539.0 9.447513812154696 0.0005429163526258332
1540.0 9.453652547575201 0.0005429163526258332
1541.0 9.459791282995704 0.0005429163526258332
1542.0 9.465930018416207 0.0005429163526258332
1543.0 9.47206875383671 0.0005429163526258332
1544.0 9.478207489257214 0.0005429163526258332
1545.0 9.484346224677717 0.0005429163526258332
1546.0 9.49048496009822 0.0005429163526258332
1547.0 9.496623695518725 0.0005429163526258332
1548.0 9.502762430939226 0.0005429163526258332
1549.0 9.508901166359731 0.0005429163526258332
1550.0 9.515039901780234 0.0005429163526258332
1551.0 9.521178637200737 0.0005429163526258332
1552.0 9.52731737262124 0.0005429163526258332
1553.0 9.533456108041745 0.0005429163526258332
1554.0 9.539594843462247 0.0005429163526258332
1555.0 9.545733578882752 0.0005429163526258332
1556.0 9.551872314303255 0.0005429163526258332
1557.0 9.558011049723758 0.0005429163526258332
1558.0 9.564149785144261 0.0005429163526258332
1559.0 9.570288520564764 0.0005429163526258332
1560.0 9.576427255985267 0.0005429163526258332
1561.0 9.58256599140577 0.0005429163526258332
1562.0 9.588704726826276 0.0005429163526258332
1563.0 9.594843462246777 0.0005429163526258332
1564.0 9.600982197667282 0.0005429163526258332
1565.0 9.607120933087785 0.0005429163526258332
1566.0 9.613259668508288 0.0005429163526258332
1567.0 9.619398403928791 0.0005429163526258332
1568.0 9.625537139349296 0.0005429163526258332
1569.0 9.631675874769797 0.0005429163526258332
1570.0 9.637814610190302 0.0005429163526258332
1571.0 9.643953345610806 0.0005429163526258332
1572.0 9.650092081031309 0.0005429163526258332
1573.0 9.656230816451812 0.0005429163526258332
1574.0 9.662369551872317 0.0005429163526258332
1575.0 9.668508287292818 0.0005429163526258332
1576.0 9.674647022713323 0.0005429163526258332
1577.0 9.680785758133826 0.0005429163526258332
1578.0 9.68692449355433 0.0005429163526258332
1579.0 9.693063228974832 0.0005429163526258332
1580.0 9.699201964395336 0.0005429163526258332
1581.0 9.705340699815839 0.0005429163526258332
1582.0 9.711479435236342 0.0005429163526258332
1583.0 9.717618170656847 0.0005429163526258332
1584.0 9.723756906077348 0.0005429163526258332
1585.0 9.729895641497853 0.0005429163526258332
1586.0 9.736034376918356 0.0005429163526258332
1587.0 9.74217311233886 0.0005429163526258332
1588.0 9.748311847759362 0.0005429163526258332
1589.0 9.754450583179867 0.0005429163526258332
1590.0 9.760589318600369 0.0005429163526258332
1591.0 9.766728054020874 0.0005429163526258332
1592.0 9.772866789441377 0.0005429163526258332
1593.0 9.77900552486188 0.0005429163526258332
1594.0 9.785144260282383 0.0005429163526258332
1595.0 9.791282995702886 0.0005429163526258332
1596.0 9.79742173112339 0.0005429163526258332
1597.0 9.803560466543892 0.0005429163526258332
1598.0 9.809699201964397 0.0005429163526258332
1599.0 9.815837937384899 0.0005429163526258332
1600.0 9.821976672805404 0.0005429163526258332
1601.0 9.828115408225907 0.0005429163526258332
1602.0 9.83425414364641 0.0005429163526258332
1603.0 9.840392879066913 0.0005429163526258332
1604.0 9.846531614487418 0.0005429163526258332
1605.0 9.85267034990792 0.0005429163526258332
1606.0 9.858809085328424 0.0005429163526258332
1607.0 9.864947820748927 0.0005429163526258332
1608.0 9.87108655616943 0.0005429163526258332
1609.0 9.877225291589934 0.0005429163526258332
1610.0 9.883364027010437 0.0005429163526258332
1611.0 9.88950276243094 0.0005429163526258332
1612.0 9.895641497851443 0.0005429163526258332
1613.0 9.901780233271948 0.0005429163526258332
1614.0 9.90791896869245 0.0005429163526258332
1615.0 9.914057704112954 0.0005429163526258332
1616.0 9.920196439533457 0.0005429163526258332
1617.0 9.92633517495396 0.0005429163526258332
1618.0 9.932473910374464 0.0005429163526258332
1619.0 9.938612645794969 0.0005429163526258332
1620.0 9.94475138121547 0.0005429163526258332
1621.0 9.950890116635975 0.0005429163526258332
1622.0 9.957028852056478 0.0005429163526258332
1623.0 9.963167587476981 0.0005429163526258332
1624.0 9.969306322897484 0.0005429163526258332
1625.0 9.975445058317987 0.0005429163526258332
1626.0 9.98158379373849 0.0005429163526258332
1627.0 9.987722529158994 0.0005429163526258332
1628.0 9.993861264579499 0.0005429163526258332
1629.0 10.0 0.0005429163526258332
