1.0 0.006169031462060457 0.05646330067308172
2.0 0.012338062924120914 0.02063082139977987
3.0 0.01850709438618137 0.01954498869452835
4.0 0.024676125848241828 0.017373323284025168
5.0 0.030845157310302285 0.016287490578773652
6.0 0.03701418877236274 0.014658741520896301
7.0 0.0431832202344232 0.013572908815644635
8.0 0.049352251696483655 0.01302999246301895
9.0 0.05552128315854411 0.012487076110393118
10.0 0.06169031462060457 0.011944159757767284
11.0 0.06785934608266501 0.010858327052515767
12.0 0.07402837754472548 0.010315410699889935
13.0 0.08019740900678594 0.010315410699889935
14.0 0.0863664404688464 0.010315410699889935
15.0 0.09253547193090685 0.010858327052515767
16.0 0.09870450339296731 0.0097724943472641
17.0 0.10487353485502776 0.008686661642012584
18.0 0.11104256631708823 0.00814374528938675
19.0 0.11721159777914868 0.008686661642012584
20.0 0.12338062924120914 0.009229577994638267
21.0 0.1295496607032696 0.009229577994638267
22.0 0.13571869216533003 0.0070579125841350844
23.0 0.14188772362739052 0.0076008289367609175
24.0 0.14805675508945096 0.0076008289367609175
25.0 0.15422578655151142 0.0065149962315094005
26.0 0.1603948180135719 0.0054291635262578835
27.0 0.16656384947563233 0.00488624717363205
28.0 0.1727328809376928 0.0054291635262578835
29.0 0.17890191239975325 0.0054291635262578835
30.0 0.1850709438618137 0.00488624717363205
31.0 0.19123997532387416 0.00488624717363205
32.0 0.19740900678593462 0.00488624717363205
33.0 0.20357803824799509 0.004343330821006217
34.0 0.20974706971005552 0.004343330821006217
35.0 0.215916101172116 0.004343330821006217
36.0 0.22208513263417645 0.0038004144683803837
37.0 0.2282541640962369 0.0038004144683803837
38.0 0.23442319555829735 0.0038004144683803837
39.0 0.24059222702035782 0.0038004144683803837
40.0 0.24676125848241828 0.0038004144683803837
41.0 0.2529302899444787 0.0038004144683803837
42.0 0.2590993214065392 0.0038004144683803837
43.0 0.2652683528685997 0.0038004144683803837
44.0 0.27143738433066006 0.0038004144683803837
45.0 0.27760641579272055 0.0038004144683803837
46.0 0.28377544725478104 0.0038004144683803837
47.0 0.2899444787168414 0.0038004144683803837
48.0 0.2961135101789019 0.0038004144683803837
49.0 0.3022825416409624 0.0038004144683803837
50.0 0.30845157310302285 0.0038004144683803837
51.0 0.3146206045650833 0.0038004144683803837
52.0 0.3207896360271438 0.0038004144683803837
53.0 0.3269586674892042 0.0032574981157547003
54.0 0.33312769895126465 0.0032574981157547003
55.0 0.33929673041332514 0.0032574981157547003
56.0 0.3454657618753856 0.0032574981157547003
57.0 0.351634793337446 0.0032574981157547003
58.0 0.3578038247995065 0.0032574981157547003
59.0 0.36397285626156695 0.0032574981157547003
60.0 0.3701418877236274 0.0032574981157547003
61.0 0.3763109191856879 0.0032574981157547003
62.0 0.3824799506477483 0.0032574981157547003
63.0 0.38864898210980875 0.0032574981157547003
64.0 0.39481801357186924 0.0032574981157547003
65.0 0.4009870450339297 0.0032574981157547003
66.0 0.40715607649599017 0.0027145817631290168
67.0 0.41332510795805066 0.0027145817631290168
68.0 0.41949413942011105 0.0032574981157547003
69.0 0.4256631708821715 0.0032574981157547003
70.0 0.431832202344232 0.0027145817631290168
71.0 0.4380012338062924 0.0027145817631290168
72.0 0.4441702652683529 0.0032574981157547003
73.0 0.4503392967304134 0.0032574981157547003
74.0 0.4565083281924738 0.0032574981157547003
75.0 0.4626773596545342 0.0032574981157547003
76.0 0.4688463911165947 0.0032574981157547003
77.0 0.47501542257865514 0.0032574981157547003
78.0 0.48118445404071564 0.0027145817631290168
79.0 0.48735348550277613 0.0027145817631290168
80.0 0.49352251696483657 0.0027145817631290168
81.0 0.49969154842689695 0.0027145817631290168
82.0 0.5058605798889574 0.0027145817631290168
83.0 0.5120296113510179 0.0027145817631290168
84.0 0.5181986428130784 0.0027145817631290168
85.0 0.5243676742751389 0.0027145817631290168
86.0 0.5305367057371994 0.0027145817631290168
87.0 0.5367057371992597 0.0027145817631290168
88.0 0.5428747686613201 0.0027145817631290168
89.0 0.5490438001233806 0.0027145817631290168
90.0 0.5552128315854411 0.0027145817631290168
91.0 0.5613818630475016 0.0027145817631290168
92.0 0.5675508945095621 0.0027145817631290168
93.0 0.5737199259716225 0.0027145817631290168
94.0 0.5798889574336829 0.0027145817631290168
95.0 0.5860579888957433 0.0021716654105031832
96.0 0.5922270203578038 0.0021716654105031832
97.0 0.5983960518198643 0.0021716654105031832
98.0 0.6045650832819248 0.0021716654105031832
99.0 0.6107341147439853 0.0021716654105031832
100.0 0.6169031462060457 0.0021716654105031832
101.0 0.6230721776681061 0.0021716654105031832
102.0 0.6292412091301666 0.0021716654105031832
103.0 0.6354102405922271 0.0021716654105031832
104.0 0.6415792720542876 0.0021716654105031832
105.0 0.647748303516348 0.0021716654105031832
106.0 0.6539173349784084 0.0021716654105031832
107.0 0.6600863664404688 0.0021716654105031832
108.0 0.6662553979025293 0.0021716654105031832
109.0 0.6724244293645898 0.0021716654105031832
110.0 0.6785934608266503 0.0021716654105031832
111.0 0.6847624922887108 0.0021716654105031832
112.0 0.6909315237507712 0.0021716654105031832
113.0 0.6971005552128315 0.0021716654105031832
114.0 0.703269586674892 0.0021716654105031832
115.0 0.7094386181369525 0.0021716654105031832
116.0 0.715607649599013 0.0021716654105031832
117.0 0.7217766810610735 0.0021716654105031832
118.0 0.7279457125231339 0.0021716654105031832
119.0 0.7341147439851943 0.0021716654105031832
120.0 0.7402837754472548 0.0021716654105031832
121.0 0.7464528069093153 0.0021716654105031832
122.0 0.7526218383713758 0.0021716654105031832
123.0 0.7587908698334362 0.0021716654105031832
124.0 0.7649599012954966 0.0021716654105031832
125.0 0.771128932757557 0.0021716654105031832
126.0 0.7772979642196175 0.0021716654105031832
127.0 0.783466995681678 0.0021716654105031832
128.0 0.7896360271437385 0.0021716654105031832
129.0 0.795805058605799 0.0021716654105031832
130.0 0.8019740900678594 0.0021716654105031832
131.0 0.8081431215299197 0.0021716654105031832
132.0 0.8143121529919803 0.0021716654105031832
133.0 0.8204811844540407 0.0021716654105031832
134.0 0.8266502159161013 0.0021716654105031832
135.0 0.8328192473781617 0.0021716654105031832
136.0 0.8389882788402221 0.0021716654105031832
137.0 0.8451573103022826 0.0016287490578773501
138.0 0.851326341764343 0.0016287490578773501
139.0 0.8574953732264036 0.0016287490578773501
140.0 0.863664404688464 0.0016287490578773501
141.0 0.8698334361505243 0.0016287490578773501
142.0 0.8760024676125848 0.0016287490578773501
143.0 0.8821714990746452 0.0016287490578773501
144.0 0.8883405305367058 0.0016287490578773501
145.0 0.8945095619987662 0.0016287490578773501
146.0 0.9006785934608268 0.0016287490578773501
147.0 0.9068476249228872 0.0016287490578773501
148.0 0.9130166563849476 0.0016287490578773501
149.0 0.919185687847008 0.0016287490578773501
150.0 0.9253547193090684 0.0016287490578773501
151.0 0.931523750771129 0.0016287490578773501
152.0 0.9376927822331894 0.0016287490578773501
153.0 0.9438618136952499 0.0016287490578773501
154.0 0.9500308451573103 0.0016287490578773501
155.0 0.9561998766193707 0.0016287490578773501
156.0 0.9623689080814313 0.0016287490578773501
157.0 0.9685379395434917 0.0016287490578773501
158.0 0.9747069710055523 0.0016287490578773501
159.0 0.9808760024676126 0.0016287490578773501
160.0 0.9870450339296731 0.0016287490578773501
161.0 0.9932140653917335 0.0016287490578773501
162.0 0.9993830968537939 0.0016287490578773501
163.0 1.0055521283158544 0.0016287490578773501
164.0 1.0117211597779148 0.0016287490578773501
165.0 1.0178901912399754 0.0016287490578773501
166.0 1.0240592227020358 0.0016287490578773501
167.0 1.0302282541640961 0.0016287490578773501
168.0 1.0363972856261567 0.0016287490578773501
169.0 1.0425663170882171 0.0016287490578773501
170.0 1.0487353485502777 0.0016287490578773501
171.0 1.054904380012338 0.0016287490578773501
172.0 1.0610734114743987 0.0016287490578773501
173.0 1.067242442936459 0.0016287490578773501
174.0 1.0734114743985195 0.0016287490578773501
175.0 1.0795805058605799 0.0016287490578773501
176.0 1.0857495373226402 0.0016287490578773501
177.0 1.0919185687847008 0.0016287490578773501
178.0 1.0980876002467612 0.0016287490578773501
179.0 1.1042566317088218 0.0016287490578773501
180.0 1.1104256631708822 0.0016287490578773501
181.0 1.1165946946329426 0.0016287490578773501
182.0 1.1227637260950032 0.0016287490578773501
183.0 1.1289327575570636 0.0016287490578773501
184.0 1.1351017890191242 0.0016287490578773501
185.0 1.1412708204811846 0.0016287490578773501
186.0 1.147439851943245 0.0016287490578773501
187.0 1.1536088834053053 0.0016287490578773501
188.0 1.1597779148673657 0.0016287490578773501
189.0 1.1659469463294263 0.0016287490578773501
190.0 1.1721159777914867 0.0016287490578773501
191.0 1.1782850092535473 0.0016287490578773501
192.0 1.1844540407156077 0.0016287490578773501
193.0 1.190623072177668 0.0016287490578773501
194.0 1.1967921036397287 0.0016287490578773501
195.0 1.202961135101789 0.0016287490578773501
196.0 1.2091301665638496 0.0016287490578773501
197.0 1.21529919802591 0.0016287490578773501
198.0 1.2214682294879706 0.0016287490578773501
199.0 1.227637260950031 0.0016287490578773501
200.0 1.2338062924120914 0.0016287490578773501
201.0 1.2399753238741518 0.0016287490578773501
202.0 1.2461443553362122 0.0016287490578773501
203.0 1.2523133867982728 0.0016287490578773501
204.0 1.2584824182603331 0.0016287490578773501
205.0 1.2646514497223935 0.0016287490578773501
206.0 1.2708204811844541 0.0016287490578773501
207.0 1.2769895126465145 0.0016287490578773501
208.0 1.283158544108575 0.0016287490578773501
209.0 1.2893275755706355 0.0016287490578773501
210.0 1.295496607032696 0.0016287490578773501
211.0 1.3016656384947565 0.0016287490578773501
212.0 1.3078346699568169 0.0016287490578773501
213.0 1.3140037014188772 0.0016287490578773501
214.0 1.3201727328809376 0.0016287490578773501
215.0 1.3263417643429982 0.0016287490578773501
216.0 1.3325107958050586 0.0016287490578773501
217.0 1.3386798272671192 0.0016287490578773501
218.0 1.3448488587291796 0.0016287490578773501
219.0 1.35101789019124 0.0016287490578773501
220.0 1.3571869216533006 0.0016287490578773501
221.0 1.363355953115361 0.0016287490578773501
222.0 1.3695249845774216 0.0016287490578773501
223.0 1.375694016039482 0.0016287490578773501
224.0 1.3818630475015423 0.0016287490578773501
225.0 1.3880320789636027 0.0016287490578773501
226.0 1.394201110425663 0.0016287490578773501
227.0 1.4003701418877237 0.0016287490578773501
228.0 1.406539173349784 0.0016287490578773501
229.0 1.4127082048118447 0.0016287490578773501
230.0 1.418877236273905 0.0016287490578773501
231.0 1.4250462677359654 0.0016287490578773501
232.0 1.431215299198026 0.0016287490578773501
233.0 1.4373843306600864 0.0016287490578773501
234.0 1.443553362122147 0.0016287490578773501
235.0 1.4497223935842074 0.0016287490578773501
236.0 1.4558914250462678 0.0016287490578773501
237.0 1.4620604565083282 0.0016287490578773501
238.0 1.4682294879703885 0.0016287490578773501
239.0 1.4743985194324492 0.0016287490578773501
240.0 1.4805675508945095 0.0016287490578773501
241.0 1.4867365823565701 0.0016287490578773501
242.0 1.4929056138186305 0.0016287490578773501
243.0 1.4990746452806911 0.0016287490578773501
244.0 1.5052436767427515 0.0016287490578773501
245.0 1.5114127082048119 0.0016287490578773501
246.0 1.5175817396668725 0.0016287490578773501
247.0 1.5237507711289329 0.0016287490578773501
248.0 1.5299198025909932 0.0016287490578773501
249.0 1.5360888340530536 0.0016287490578773501
250.0 1.542257865515114 0.0016287490578773501
251.0 1.5484268969771746 0.0016287490578773501
252.0 1.554595928439235 0.0016287490578773501
253.0 1.5607649599012956 0.0016287490578773501
254.0 1.566933991363356 0.0016287490578773501
255.0 1.5731030228254166 0.0016287490578773501
256.0 1.579272054287477 0.0016287490578773501
257.0 1.5854410857495373 0.0016287490578773501
258.0 1.591610117211598 0.0016287490578773501
259.0 1.5977791486736583 0.0016287490578773501
260.0 1.6039481801357187 0.0016287490578773501
261.0 1.6101172115977793 0.0016287490578773501
262.0 1.6162862430598395 0.0016287490578773501
263.0 1.6224552745219 0.0016287490578773501
264.0 1.6286243059839607 0.0016287490578773501
265.0 1.6347933374460208 0.0016287490578773501
266.0 1.6409623689080814 0.0016287490578773501
267.0 1.647131400370142 0.0016287490578773501
268.0 1.6533004318322027 0.0016287490578773501
269.0 1.6594694632942628 0.0016287490578773501
270.0 1.6656384947563234 0.0016287490578773501
271.0 1.6718075262183838 0.0016287490578773501
272.0 1.6779765576804442 0.0016287490578773501
273.0 1.6841455891425046 0.0016287490578773501
274.0 1.6903146206045652 0.0016287490578773501
275.0 1.6964836520666258 0.0016287490578773501
276.0 1.702652683528686 0.0016287490578773501
277.0 1.7088217149907465 0.0016287490578773501
278.0 1.7149907464528071 0.0016287490578773501
279.0 1.7211597779148673 0.0016287490578773501
280.0 1.727328809376928 0.0016287490578773501
281.0 1.7334978408389885 0.0016287490578773501
282.0 1.7396668723010487 0.0016287490578773501
283.0 1.7458359037631093 0.0016287490578773501
284.0 1.7520049352251696 0.0016287490578773501
285.0 1.7581739666872302 0.0016287490578773501
286.0 1.7643429981492904 0.0016287490578773501
287.0 1.770512029611351 0.0016287490578773501
288.0 1.7766810610734116 0.0016287490578773501
289.0 1.7828500925354718 0.0016287490578773501
290.0 1.7890191239975324 0.0016287490578773501
291.0 1.795188155459593 0.0016287490578773501
292.0 1.8013571869216536 0.0016287490578773501
293.0 1.8075262183837137 0.0016287490578773501
294.0 1.8136952498457743 0.0016287490578773501
295.0 1.8198642813078347 0.0016287490578773501
296.0 1.8260333127698951 0.0016287490578773501
297.0 1.8322023442319555 0.0016287490578773501
298.0 1.838371375694016 0.0016287490578773501
299.0 1.8445404071560767 0.0016287490578773501
300.0 1.8507094386181369 0.0016287490578773501
301.0 1.8568784700801975 0.0016287490578773501
302.0 1.863047501542258 0.0016287490578773501
303.0 1.8692165330043182 0.0016287490578773501
304.0 1.8753855644663788 0.0016287490578773501
305.0 1.8815545959284394 0.0016287490578773501
306.0 1.8877236273904998 0.0016287490578773501
307.0 1.8938926588525602 0.0016287490578773501
308.0 1.9000616903146206 0.0016287490578773501
309.0 1.9062307217766812 0.0016287490578773501
310.0 1.9123997532387413 0.0016287490578773501
311.0 1.918568784700802 0.0016287490578773501
312.0 1.9247378161628625 0.0016287490578773501
313.0 1.9309068476249232 0.0016287490578773501
314.0 1.9370758790869833 0.0016287490578773501
315.0 1.943244910549044 0.0016287490578773501
316.0 1.9494139420111045 0.0016287490578773501
317.0 1.9555829734731647 0.0016287490578773501
318.0 1.9617520049352253 0.0016287490578773501
319.0 1.9679210363972857 0.0016287490578773501
320.0 1.9740900678593463 0.0016287490578773501
321.0 1.9802590993214064 0.0016287490578773501
322.0 1.986428130783467 0.0016287490578773501
323.0 1.9925971622455276 0.0016287490578773501
324.0 1.9987661937075878 0.0016287490578773501
325.0 2.0049352251696484 0.0016287490578773501
326.0 2.0111042566317088 0.0016287490578773501
327.0 2.017273288093769 0.0016287490578773501
328.0 2.0234423195558295 0.0016287490578773501
329.0 2.0296113510178904 0.0016287490578773501
330.0 2.0357803824799507 0.0016287490578773501
331.0 2.041949413942011 0.0016287490578773501
332.0 2.0481184454040715 0.0016287490578773501
333.0 2.0542874768661323 0.0016287490578773501
334.0 2.0604565083281923 0.0016287490578773501
335.0 2.066625539790253 0.0016287490578773501
336.0 2.0727945712523135 0.0016287490578773501
337.0 2.078963602714374 0.0016287490578773501
338.0 2.0851326341764342 0.0016287490578773501
339.0 2.0913016656384946 0.0016287490578773501
340.0 2.0974706971005554 0.0016287490578773501
341.0 2.1036397285626154 0.0016287490578773501
342.0 2.109808760024676 0.0016287490578773501
343.0 2.1159777914867366 0.0016287490578773501
344.0 2.1221468229487974 0.0016287490578773501
345.0 2.1283158544108574 0.0016287490578773501
346.0 2.134484885872918 0.0016287490578773501
347.0 2.1406539173349786 0.0016287490578773501
348.0 2.146822948797039 0.0016287490578773501
349.0 2.1529919802590993 0.0016287490578773501
350.0 2.1591610117211597 0.0016287490578773501
351.0 2.1653300431832205 0.0016287490578773501
352.0 2.1714990746452805 0.0016287490578773501
353.0 2.1776681061073413 0.0016287490578773501
354.0 2.1838371375694017 0.0016287490578773501
355.0 2.190006169031462 0.0016287490578773501
356.0 2.1961752004935224 0.0016287490578773501
357.0 2.2023442319555833 0.0016287490578773501
358.0 2.2085132634176436 0.0016287490578773501
359.0 2.214682294879704 0.0016287490578773501
360.0 2.2208513263417644 0.0016287490578773501
361.0 2.227020357803825 0.0016287490578773501
362.0 2.233189389265885 0.0016287490578773501
363.0 2.2393584207279456 0.0016287490578773501
364.0 2.2455274521900064 0.0016287490578773501
365.0 2.2516964836520663 0.0016287490578773501
366.0 2.257865515114127 0.0016287490578773501
367.0 2.2640345465761875 0.0016287490578773501
368.0 2.2702035780382483 0.0016287490578773501
369.0 2.2763726095003083 0.0016287490578773501
370.0 2.282541640962369 0.0016287490578773501
371.0 2.2887106724244295 0.0016287490578773501
372.0 2.29487970388649 0.0016287490578773501
373.0 2.3010487353485503 0.0016287490578773501
374.0 2.3072177668106106 0.0016287490578773501
375.0 2.3133867982726715 0.0016287490578773501
376.0 2.3195558297347314 0.0016287490578773501
377.0 2.3257248611967922 0.0016287490578773501
378.0 2.3318938926588526 0.0010858327052516664
379.0 2.338062924120913 0.0010858327052516664
380.0 2.3442319555829734 0.0016287490578773501
381.0 2.350400987045034 0.0010858327052516664
382.0 2.3565700185070946 0.0010858327052516664
383.0 2.362739049969155 0.0010858327052516664
384.0 2.3689080814312153 0.0010858327052516664
385.0 2.3750771128932757 0.0010858327052516664
386.0 2.381246144355336 0.0010858327052516664
387.0 2.3874151758173965 0.0010858327052516664
388.0 2.3935842072794573 0.0010858327052516664
389.0 2.3997532387415177 0.0010858327052516664
390.0 2.405922270203578 0.0010858327052516664
391.0 2.4120913016656385 0.0010858327052516664
392.0 2.4182603331276993 0.0010858327052516664
393.0 2.424429364589759 0.0010858327052516664
394.0 2.43059839605182 0.0010858327052516664
395.0 2.4367674275138804 0.0010858327052516664
396.0 2.4429364589759412 0.0010858327052516664
397.0 2.449105490438001 0.0010858327052516664
398.0 2.455274521900062 0.0010858327052516664
399.0 2.4614435533621224 0.0010858327052516664
400.0 2.4676125848241828 0.0010858327052516664
401.0 2.473781616286243 0.0010858327052516664
402.0 2.4799506477483035 0.0010858327052516664
403.0 2.4861196792103644 0.0010858327052516664
404.0 2.4922887106724243 0.0010858327052516664
405.0 2.498457742134485 0.0010858327052516664
406.0 2.5046267735965455 0.0010858327052516664
407.0 2.510795805058606 0.0010858327052516664
408.0 2.5169648365206663 0.0010858327052516664
409.0 2.523133867982727 0.0010858327052516664
410.0 2.529302899444787 0.0010858327052516664
411.0 2.535471930906848 0.0010858327052516664
412.0 2.5416409623689082 0.0010858327052516664
413.0 2.5478099938309686 0.0010858327052516664
414.0 2.553979025293029 0.0010858327052516664
415.0 2.5601480567550894 0.0010858327052516664
416.0 2.56631708821715 0.0010858327052516664
417.0 2.57248611967921 0.0010858327052516664
418.0 2.578655151141271 0.0010858327052516664
419.0 2.5848241826033314 0.0010858327052516664
420.0 2.590993214065392 0.0010858327052516664
421.0 2.597162245527452 0.0010858327052516664
422.0 2.603331276989513 0.0010858327052516664
423.0 2.6095003084515733 0.0010858327052516664
424.0 2.6156693399136337 0.0010858327052516664
425.0 2.621838371375694 0.0010858327052516664
426.0 2.6280074028377545 0.0010858327052516664
427.0 2.6341764342998153 0.0010858327052516664
428.0 2.6403454657618752 0.0010858327052516664
429.0 2.646514497223936 0.0010858327052516664
430.0 2.6526835286859964 0.0010858327052516664
431.0 2.658852560148057 0.0010858327052516664
432.0 2.665021591610117 0.0010858327052516664
433.0 2.671190623072178 0.0010858327052516664
434.0 2.6773596545342384 0.0010858327052516664
435.0 2.683528685996299 0.0010858327052516664
436.0 2.689697717458359 0.0010858327052516664
437.0 2.6958667489204196 0.0010858327052516664
438.0 2.70203578038248 0.0010858327052516664
439.0 2.7082048118445403 0.0010858327052516664
440.0 2.714373843306601 0.0010858327052516664
441.0 2.7205428747686615 0.0010858327052516664
442.0 2.726711906230722 0.0010858327052516664
443.0 2.7328809376927823 0.0010858327052516664
444.0 2.739049969154843 0.0010858327052516664
445.0 2.745219000616903 0.0010858327052516664
446.0 2.751388032078964 0.0010858327052516664
447.0 2.7575570635410243 0.0010858327052516664
448.0 2.7637260950030846 0.0010858327052516664
449.0 2.769895126465145 0.0010858327052516664
450.0 2.7760641579272054 0.0010858327052516664
451.0 2.7822331893892662 0.0010858327052516664
452.0 2.788402220851326 0.0010858327052516664
453.0 2.794571252313387 0.0010858327052516664
454.0 2.8007402837754474 0.0010858327052516664
455.0 2.8069093152375078 0.0010858327052516664
456.0 2.813078346699568 0.0010858327052516664
457.0 2.819247378161629 0.0010858327052516664
458.0 2.8254164096236893 0.0010858327052516664
459.0 2.8315854410857497 0.0010858327052516664
460.0 2.83775447254781 0.0010858327052516664
461.0 2.8439235040098705 0.0010858327052516664
462.0 2.850092535471931 0.0010858327052516664
463.0 2.8562615669339912 0.0010858327052516664
464.0 2.862430598396052 0.0010858327052516664
465.0 2.8685996298581125 0.0010858327052516664
466.0 2.874768661320173 0.0010858327052516664
467.0 2.880937692782233 0.0010858327052516664
468.0 2.887106724244294 0.0010858327052516664
469.0 2.893275755706354 0.0010858327052516664
470.0 2.899444787168415 0.0010858327052516664
471.0 2.905613818630475 0.0010858327052516664
472.0 2.9117828500925356 0.0010858327052516664
473.0 2.917951881554596 0.0010858327052516664
474.0 2.9241209130166563 0.0010858327052516664
475.0 2.930289944478717 0.0010858327052516664
476.0 2.936458975940777 0.0010858327052516664
477.0 2.942628007402838 0.0010858327052516664
478.0 2.9487970388648983 0.0010858327052516664
479.0 2.954966070326959 0.0010858327052516664
480.0 2.961135101789019 0.0010858327052516664
481.0 2.96730413325108 0.0010858327052516664
482.0 2.9734731647131403 0.0010858327052516664
483.0 2.9796421961752007 0.0010858327052516664
484.0 2.985811227637261 0.0010858327052516664
485.0 2.9919802590993214 0.0010858327052516664
486.0 2.9981492905613822 0.0010858327052516664
487.0 3.004318322023442 0.0010858327052516664
488.0 3.010487353485503 0.0010858327052516664
489.0 3.0166563849475634 0.0010858327052516664
490.0 3.0228254164096238 0.0010858327052516664
491.0 3.028994447871684 0.0010858327052516664
492.0 3.035163479333745 0.0010858327052516664
493.0 3.041332510795805 0.0010858327052516664
494.0 3.0475015422578657 0.0010858327052516664
495.0 3.053670573719926 0.0010858327052516664
496.0 3.0598396051819865 0.0010858327052516664
497.0 3.066008636644047 0.0010858327052516664
498.0 3.0721776681061073 0.0010858327052516664
499.0 3.078346699568168 0.0010858327052516664
500.0 3.084515731030228 0.0010858327052516664
501.0 3.090684762492289 0.0010858327052516664
502.0 3.0968537939543492 0.0010858327052516664
503.0 3.10302282541641 0.0010858327052516664
504.0 3.10919185687847 0.0010858327052516664
505.0 3.115360888340531 0.0010858327052516664
506.0 3.121529919802591 0.0010858327052516664
507.0 3.1276989512646516 0.0010858327052516664
508.0 3.133867982726712 0.0010858327052516664
509.0 3.1400370141887723 0.0010858327052516664
510.0 3.146206045650833 0.0010858327052516664
511.0 3.152375077112893 0.0010858327052516664
512.0 3.158544108574954 0.0010858327052516664
513.0 3.1647131400370143 0.0010858327052516664
514.0 3.1708821714990747 0.0010858327052516664
515.0 3.177051202961135 0.0010858327052516664
516.0 3.183220234423196 0.0010858327052516664
517.0 3.1893892658852563 0.0010858327052516664
518.0 3.1955582973473167 0.0010858327052516664
519.0 3.201727328809377 0.0010858327052516664
520.0 3.2078963602714374 0.0010858327052516664
521.0 3.2140653917334983 0.0010858327052516664
522.0 3.2202344231955586 0.0010858327052516664
523.0 3.2264034546576186 0.0010858327052516664
524.0 3.232572486119679 0.0010858327052516664
525.0 3.23874151758174 0.0010858327052516664
526.0 3.2449105490438 0.0010858327052516664
527.0 3.251079580505861 0.0010858327052516664
528.0 3.2572486119679214 0.0010858327052516664
529.0 3.2634176434299818 0.0010858327052516664
530.0 3.2695866748920417 0.0010858327052516664
531.0 3.2757557063541025 0.0010858327052516664
532.0 3.281924737816163 0.0010858327052516664
533.0 3.2880937692782233 0.0010858327052516664
534.0 3.294262800740284 0.0010858327052516664
535.0 3.3004318322023445 0.0010858327052516664
536.0 3.3066008636644053 0.0010858327052516664
537.0 3.312769895126465 0.0010858327052516664
538.0 3.3189389265885256 0.0010858327052516664
539.0 3.325107958050586 0.0010858327052516664
540.0 3.331276989512647 0.0010858327052516664
541.0 3.337446020974707 0.0010858327052516664
542.0 3.3436150524367676 0.0010858327052516664
543.0 3.3497840838988284 0.0010858327052516664
544.0 3.3559531153608884 0.0010858327052516664
545.0 3.3621221468229487 0.0010858327052516664
546.0 3.368291178285009 0.0010858327052516664
547.0 3.37446020974707 0.0010858327052516664
548.0 3.3806292412091303 0.0010858327052516664
549.0 3.386798272671191 0.0010858327052516664
550.0 3.3929673041332515 0.0010858327052516664
551.0 3.3991363355953115 0.0010858327052516664
552.0 3.405305367057372 0.0010858327052516664
553.0 3.4114743985194327 0.0010858327052516664
554.0 3.417643429981493 0.0010858327052516664
555.0 3.4238124614435534 0.0010858327052516664
556.0 3.4299814929056143 0.0010858327052516664
557.0 3.436150524367674 0.0010858327052516664
558.0 3.4423195558297346 0.0010858327052516664
559.0 3.448488587291795 0.0010858327052516664
560.0 3.454657618753856 0.0010858327052516664
561.0 3.460826650215916 0.0010858327052516664
562.0 3.466995681677977 0.0010858327052516664
563.0 3.4731647131400374 0.0010858327052516664
564.0 3.4793337446020973 0.0010858327052516664
565.0 3.4855027760641577 0.0010858327052516664
566.0 3.4916718075262185 0.0010858327052516664
567.0 3.497840838988279 0.0010858327052516664
568.0 3.5040098704503393 0.0010858327052516664
569.0 3.5101789019124 0.0010858327052516664
570.0 3.5163479333744605 0.0010858327052516664
571.0 3.5225169648365204 0.0010858327052516664
572.0 3.528685996298581 0.0010858327052516664
573.0 3.5348550277606416 0.0010858327052516664
574.0 3.541024059222702 0.0010858327052516664
575.0 3.547193090684763 0.0010858327052516664
576.0 3.5533621221468232 0.0010858327052516664
577.0 3.5595311536088836 0.0010858327052516664
578.0 3.5657001850709436 0.0010858327052516664
579.0 3.5718692165330044 0.0010858327052516664
580.0 3.5780382479950648 0.0010858327052516664
581.0 3.584207279457125 0.0010858327052516664
582.0 3.590376310919186 0.0010858327052516664
583.0 3.5965453423812463 0.0010858327052516664
584.0 3.602714373843307 0.0010858327052516664
585.0 3.6088834053053667 0.0010858327052516664
586.0 3.6150524367674275 0.0010858327052516664
587.0 3.621221468229488 0.0010858327052516664
588.0 3.6273904996915487 0.0010858327052516664
589.0 3.633559531153609 0.0010858327052516664
590.0 3.6397285626156695 0.0010858327052516664
591.0 3.6458975940777303 0.0010858327052516664
592.0 3.6520666255397902 0.0010858327052516664
593.0 3.6582356570018506 0.0010858327052516664
594.0 3.664404688463911 0.0010858327052516664
595.0 3.670573719925972 0.0010858327052516664
596.0 3.676742751388032 0.0010858327052516664
597.0 3.682911782850093 0.0010858327052516664
598.0 3.6890808143121534 0.0010858327052516664
599.0 3.6952498457742133 0.0010858327052516664
600.0 3.7014188772362737 0.0010858327052516664
601.0 3.7075879086983345 0.0010858327052516664
602.0 3.713756940160395 0.0010858327052516664
603.0 3.7199259716224553 0.0010858327052516664
604.0 3.726095003084516 0.0010858327052516664
605.0 3.7322640345465765 0.0010858327052516664
606.0 3.7384330660086365 0.0010858327052516664
607.0 3.744602097470697 0.0010858327052516664
608.0 3.7507711289327577 0.0010858327052516664
609.0 3.756940160394818 0.0010858327052516664
610.0 3.763109191856879 0.0010858327052516664
611.0 3.7692782233189392 0.0010858327052516664
612.0 3.7754472547809996 0.0010858327052516664
613.0 3.7816162862430596 0.0010858327052516664
614.0 3.7877853177051204 0.0010858327052516664
615.0 3.7939543491671808 0.0010858327052516664
616.0 3.800123380629241 0.0010858327052516664
617.0 3.806292412091302 0.0010858327052516664
618.0 3.8124614435533624 0.0010858327052516664
619.0 3.818630475015423 0.0010858327052516664
620.0 3.8247995064774827 0.0010858327052516664
621.0 3.8309685379395435 0.0010858327052516664
622.0 3.837137569401604 0.0010858327052516664
623.0 3.8433066008636647 0.0010858327052516664
624.0 3.849475632325725 0.0010858327052516664
625.0 3.8556446637877855 0.0010858327052516664
626.0 3.8618136952498463 0.0010858327052516664
627.0 3.8679827267119062 0.0010858327052516664
628.0 3.8741517581739666 0.0010858327052516664
629.0 3.880320789636027 0.0010858327052516664
630.0 3.886489821098088 0.0010858327052516664
631.0 3.892658852560148 0.0010858327052516664
632.0 3.898827884022209 0.0010858327052516664
633.0 3.9049969154842694 0.0010858327052516664
634.0 3.9111659469463294 0.0010858327052516664
635.0 3.9173349784083897 0.0010858327052516664
636.0 3.9235040098704506 0.0010858327052516664
637.0 3.929673041332511 0.0010858327052516664
638.0 3.9358420727945713 0.0010858327052516664
639.0 3.942011104256632 0.0010858327052516664
640.0 3.9481801357186925 0.0010858327052516664
641.0 3.9543491671807525 0.0010858327052516664
642.0 3.960518198642813 0.0010858327052516664
643.0 3.9666872301048737 0.0010858327052516664
644.0 3.972856261566934 0.0010858327052516664
645.0 3.979025293028995 0.0010858327052516664
646.0 3.9851943244910553 0.0010858327052516664
647.0 3.991363355953115 0.0010858327052516664
648.0 3.9975323874151756 0.0010858327052516664
649.0 4.003701418877236 0.0010858327052516664
650.0 4.009870450339297 0.0010858327052516664
651.0 4.016039481801357 0.0010858327052516664
652.0 4.0222085132634176 0.0010858327052516664
653.0 4.028377544725479 0.0010858327052516664
654.0 4.034546576187538 0.0010858327052516664
655.0 4.040715607649599 0.0010858327052516664
656.0 4.046884639111659 0.0010858327052516664
657.0 4.05305367057372 0.0010858327052516664
658.0 4.059222702035781 0.0010858327052516664
659.0 4.065391733497841 0.0010858327052516664
660.0 4.0715607649599015 0.0010858327052516664
661.0 4.077729796421962 0.0010858327052516664
662.0 4.083898827884022 0.0010858327052516664
663.0 4.090067859346083 0.0010858327052516664
664.0 4.096236890808143 0.0010858327052516664
665.0 4.102405922270203 0.0010858327052516664
666.0 4.108574953732265 0.0010858327052516664
667.0 4.114743985194325 0.0010858327052516664
668.0 4.1209130166563845 0.0010858327052516664
669.0 4.127082048118445 0.0010858327052516664
670.0 4.133251079580506 0.0010858327052516664
671.0 4.139420111042567 0.0010858327052516664
672.0 4.145589142504627 0.0010858327052516664
673.0 4.151758173966687 0.0010858327052516664
674.0 4.157927205428748 0.0010858327052516664
675.0 4.164096236890808 0.0010858327052516664
676.0 4.1702652683528685 0.0010858327052516664
677.0 4.176434299814929 0.0010858327052516664
678.0 4.182603331276989 0.0010858327052516664
679.0 4.1887723627390505 0.0010858327052516664
680.0 4.194941394201111 0.0010858327052516664
681.0 4.201110425663171 0.0010858327052516664
682.0 4.207279457125231 0.0010858327052516664
683.0 4.213448488587292 0.0010858327052516664
684.0 4.219617520049352 0.0010858327052516664
685.0 4.225786551511413 0.0010858327052516664
686.0 4.231955582973473 0.0010858327052516664
687.0 4.238124614435534 0.0010858327052516664
688.0 4.244293645897595 0.0010858327052516664
689.0 4.250462677359654 0.0010858327052516664
690.0 4.256631708821715 0.0010858327052516664
691.0 4.262800740283775 0.0010858327052516664
692.0 4.268969771745836 0.0010858327052516664
693.0 4.275138803207897 0.0010858327052516664
694.0 4.281307834669957 0.0010858327052516664
695.0 4.2874768661320175 0.0010858327052516664
696.0 4.293645897594078 0.0010858327052516664
697.0 4.299814929056138 0.0010858327052516664
698.0 4.305983960518199 0.0010858327052516664
699.0 4.312152991980259 0.0010858327052516664
700.0 4.318322023442319 0.0010858327052516664
701.0 4.324491054904381 0.0010858327052516664
702.0 4.330660086366441 0.0010858327052516664
703.0 4.336829117828501 0.0010858327052516664
704.0 4.342998149290561 0.0010858327052516664
705.0 4.349167180752622 0.0010858327052516664
706.0 4.355336212214683 0.0010858327052516664
707.0 4.361505243676743 0.0010858327052516664
708.0 4.367674275138803 0.0010858327052516664
709.0 4.373843306600864 0.0010858327052516664
710.0 4.380012338062924 0.0010858327052516664
711.0 4.3861813695249845 0.0010858327052516664
712.0 4.392350400987045 0.0010858327052516664
713.0 4.398519432449105 0.0010858327052516664
714.0 4.4046884639111665 0.0010858327052516664
715.0 4.410857495373227 0.0010858327052516664
716.0 4.417026526835287 0.0010858327052516664
717.0 4.423195558297347 0.0010858327052516664
718.0 4.429364589759408 0.0010858327052516664
719.0 4.435533621221468 0.0010858327052516664
720.0 4.441702652683529 0.0010858327052516664
721.0 4.447871684145589 0.0010858327052516664
722.0 4.45404071560765 0.0010858327052516664
723.0 4.460209747069711 0.0010858327052516664
724.0 4.46637877853177 0.0010858327052516664
725.0 4.472547809993831 0.0010858327052516664
726.0 4.478716841455891 0.0010858327052516664
727.0 4.484885872917952 0.0010858327052516664
728.0 4.491054904380013 0.0010858327052516664
729.0 4.497223935842073 0.0010858327052516664
730.0 4.503392967304133 0.0010858327052516664
731.0 4.509561998766194 0.0010858327052516664
732.0 4.515731030228254 0.0010858327052516664
733.0 4.521900061690315 0.0010858327052516664
734.0 4.528069093152375 0.0010858327052516664
735.0 4.534238124614435 0.0010858327052516664
736.0 4.540407156076497 0.0010858327052516664
737.0 4.546576187538556 0.0010858327052516664
738.0 4.552745219000617 0.0010858327052516664
739.0 4.558914250462677 0.0010858327052516664
740.0 4.565083281924738 0.0010858327052516664
741.0 4.571252313386799 0.0010858327052516664
742.0 4.577421344848859 0.0010858327052516664
743.0 4.583590376310919 0.0010858327052516664
744.0 4.58975940777298 0.0010858327052516664
745.0 4.59592843923504 0.0010858327052516664
746.0 4.6020974706971005 0.0010858327052516664
747.0 4.608266502159161 0.0010858327052516664
748.0 4.614435533621221 0.0010858327052516664
749.0 4.6206045650832825 0.0010858327052516664
750.0 4.626773596545343 0.0010858327052516664
751.0 4.632942628007402 0.0010858327052516664
752.0 4.639111659469463 0.0010858327052516664
753.0 4.645280690931524 0.0010858327052516664
754.0 4.6514497223935845 0.0010858327052516664
755.0 4.657618753855645 0.0010858327052516664
756.0 4.663787785317705 0.0010858327052516664
757.0 4.669956816779766 0.0010858327052516664
758.0 4.676125848241826 0.0010858327052516664
759.0 4.682294879703886 0.0010858327052516664
760.0 4.688463911165947 0.0010858327052516664
761.0 4.694632942628007 0.0010858327052516664
762.0 4.700801974090068 0.0010858327052516664
763.0 4.706971005552129 0.0010858327052516664
764.0 4.713140037014189 0.0010858327052516664
765.0 4.719309068476249 0.0010858327052516664
766.0 4.72547809993831 0.0010858327052516664
767.0 4.73164713140037 0.0010858327052516664
768.0 4.737816162862431 0.0010858327052516664
769.0 4.743985194324491 0.0010858327052516664
770.0 4.750154225786551 0.0010858327052516664
771.0 4.756323257248613 0.0010858327052516664
772.0 4.762492288710672 0.0010858327052516664
773.0 4.768661320172733 0.0010858327052516664
774.0 4.774830351634793 0.0010858327052516664
775.0 4.780999383096854 0.0010858327052516664
776.0 4.787168414558915 0.0010858327052516664
777.0 4.793337446020975 0.0010858327052516664
778.0 4.799506477483035 0.0010858327052516664
779.0 4.805675508945096 0.0010858327052516664
780.0 4.811844540407156 0.0010858327052516664
781.0 4.8180135718692165 0.0010858327052516664
782.0 4.824182603331277 0.0010858327052516664
783.0 4.830351634793338 0.0010858327052516664
784.0 4.836520666255399 0.0010858327052516664
785.0 4.842689697717459 0.0010858327052516664
786.0 4.848858729179518 0.0010858327052516664
787.0 4.85502776064158 0.0010858327052516664
788.0 4.86119679210364 0.0010858327052516664
789.0 4.8673658235657005 0.0010858327052516664
790.0 4.873534855027761 0.0010858327052516664
791.0 4.879703886489821 0.0010858327052516664
792.0 4.8858729179518825 0.0010858327052516664
793.0 4.892041949413942 0.0010858327052516664
794.0 4.898210980876002 0.0010858327052516664
795.0 4.904380012338063 0.0010858327052516664
796.0 4.910549043800124 0.0010858327052516664
797.0 4.916718075262184 0.0010858327052516664
798.0 4.922887106724245 0.0010858327052516664
799.0 4.929056138186305 0.0010858327052516664
800.0 4.9352251696483656 0.0010858327052516664
801.0 4.941394201110426 0.0010858327052516664
802.0 4.947563232572486 0.0010858327052516664
803.0 4.953732264034547 0.0010858327052516664
804.0 4.959901295496607 0.0010858327052516664
805.0 4.966070326958668 0.0010858327052516664
806.0 4.972239358420729 0.0010858327052516664
807.0 4.978408389882788 0.0010858327052516664
808.0 4.984577421344849 0.0010858327052516664
809.0 4.99074645280691 0.0010858327052516664
810.0 4.99691548426897 0.0010858327052516664
811.0 5.003084515731031 0.0010858327052516664
812.0 5.009253547193091 0.0010858327052516664
813.0 5.015422578655151 0.0010858327052516664
814.0 5.021591610117212 0.0010858327052516664
815.0 5.027760641579272 0.0010858327052516664
816.0 5.0339296730413325 0.0010858327052516664
817.0 5.040098704503393 0.0010858327052516664
818.0 5.046267735965454 0.0010858327052516664
819.0 5.052436767427515 0.0010858327052516664
820.0 5.058605798889574 0.0010858327052516664
821.0 5.0647748303516344 0.0010858327052516664
822.0 5.070943861813696 0.0010858327052516664
823.0 5.077112893275756 0.0010858327052516664
824.0 5.0832819247378165 0.0010858327052516664
825.0 5.089450956199877 0.0010858327052516664
826.0 5.095619987661937 0.0010858327052516664
827.0 5.101789019123998 0.0010858327052516664
828.0 5.107958050586058 0.0010858327052516664
829.0 5.114127082048118 0.0010858327052516664
830.0 5.120296113510179 0.0010858327052516664
831.0 5.12646514497224 0.0010858327052516664
832.0 5.1326341764343 0.0010858327052516664
833.0 5.138803207896361 0.0010858327052516664
834.0 5.14497223935842 0.0010858327052516664
835.0 5.151141270820482 0.0010858327052516664
836.0 5.157310302282542 0.0010858327052516664
837.0 5.163479333744602 0.0010858327052516664
838.0 5.169648365206663 0.0010858327052516664
839.0 5.175817396668723 0.0010858327052516664
840.0 5.181986428130784 0.0010858327052516664
841.0 5.188155459592844 0.0010858327052516664
842.0 5.194324491054904 0.0010858327052516664
843.0 5.200493522516965 0.0010858327052516664
844.0 5.206662553979026 0.0010858327052516664
845.0 5.212831585441086 0.0010858327052516664
846.0 5.219000616903147 0.0010858327052516664
847.0 5.225169648365207 0.0010858327052516664
848.0 5.231338679827267 0.0010858327052516664
849.0 5.237507711289328 0.0010858327052516664
850.0 5.243676742751388 0.0010858327052516664
851.0 5.249845774213449 0.0010858327052516664
852.0 5.256014805675509 0.0010858327052516664
853.0 5.26218383713757 0.0010858327052516664
854.0 5.268352868599631 0.0010858327052516664
855.0 5.27452190006169 0.0010858327052516664
856.0 5.2806909315237505 0.0010858327052516664
857.0 5.286859962985812 0.0010858327052516664
858.0 5.293028994447872 0.0010858327052516664
859.0 5.2991980259099325 0.0010858327052516664
860.0 5.305367057371993 0.0010858327052516664
861.0 5.311536088834053 0.0010858327052516664
862.0 5.317705120296114 0.0010858327052516664
863.0 5.323874151758174 0.0010858327052516664
864.0 5.330043183220234 0.0010858327052516664
865.0 5.336212214682295 0.0010858327052516664
866.0 5.342381246144356 0.0010858327052516664
867.0 5.348550277606416 0.0010858327052516664
868.0 5.354719309068477 0.0010858327052516664
869.0 5.360888340530536 0.0010858327052516664
870.0 5.367057371992598 0.0010858327052516664
871.0 5.373226403454658 0.0010858327052516664
872.0 5.379395434916718 0.0010858327052516664
873.0 5.385564466378779 0.0010858327052516664
874.0 5.391733497840839 0.0010858327052516664
875.0 5.3979025293029 0.0010858327052516664
876.0 5.40407156076496 0.0010858327052516664
877.0 5.41024059222702 0.0010858327052516664
878.0 5.416409623689081 0.0010858327052516664
879.0 5.422578655151142 0.0010858327052516664
880.0 5.428747686613202 0.0010858327052516664
881.0 5.434916718075263 0.0010858327052516664
882.0 5.441085749537323 0.0010858327052516664
883.0 5.447254780999383 0.0010858327052516664
884.0 5.453423812461444 0.0010858327052516664
885.0 5.459592843923504 0.0010858327052516664
886.0 5.465761875385565 0.0010858327052516664
887.0 5.471930906847625 0.0010858327052516664
888.0 5.478099938309686 0.0010858327052516664
889.0 5.484268969771747 0.0010858327052516664
890.0 5.490438001233806 0.0010858327052516664
891.0 5.4966070326958665 0.0010858327052516664
892.0 5.502776064157928 0.0010858327052516664
893.0 5.508945095619988 0.0010858327052516664
894.0 5.5151141270820485 0.0010858327052516664
895.0 5.521283158544109 0.0010858327052516664
896.0 5.527452190006169 0.0010858327052516664
897.0 5.53362122146823 0.0010858327052516664
898.0 5.53979025293029 0.0010858327052516664
899.0 5.54595928439235 0.0010858327052516664
900.0 5.552128315854411 0.0010858327052516664
901.0 5.558297347316472 0.0010858327052516664
902.0 5.5644663787785325 0.0010858327052516664
903.0 5.570635410240592 0.0010858327052516664
904.0 5.576804441702652 0.0010858327052516664
905.0 5.582973473164714 0.0010858327052516664
906.0 5.589142504626774 0.0010858327052516664
907.0 5.595311536088834 0.0010858327052516664
908.0 5.601480567550895 0.0010858327052516664
909.0 5.607649599012955 0.0010858327052516664
910.0 5.6138186304750155 0.0010858327052516664
911.0 5.619987661937076 0.0010858327052516664
912.0 5.626156693399136 0.0010858327052516664
913.0 5.632325724861197 0.0010858327052516664
914.0 5.638494756323258 0.0010858327052516664
915.0 5.644663787785318 0.0010858327052516664
916.0 5.650832819247379 0.0010858327052516664
917.0 5.657001850709438 0.0010858327052516664
918.0 5.663170882171499 0.0010858327052516664
919.0 5.66933991363356 0.0010858327052516664
920.0 5.67550894509562 0.0010858327052516664
921.0 5.681677976557681 0.0010858327052516664
922.0 5.687847008019741 0.0010858327052516664
923.0 5.694016039481802 0.0010858327052516664
924.0 5.700185070943862 0.0010858327052516664
925.0 5.706354102405922 0.0010858327052516664
926.0 5.7125231338679825 0.0010858327052516664
927.0 5.718692165330044 0.0010858327052516664
928.0 5.724861196792104 0.0010858327052516664
929.0 5.7310302282541645 0.0010858327052516664
930.0 5.737199259716225 0.0010858327052516664
931.0 5.743368291178285 0.0010858327052516664
932.0 5.749537322640346 0.0010858327052516664
933.0 5.755706354102406 0.0010858327052516664
934.0 5.761875385564466 0.0010858327052516664
935.0 5.768044417026527 0.0010858327052516664
936.0 5.774213448488588 0.0010858327052516664
937.0 5.7803824799506485 0.0010858327052516664
938.0 5.786551511412708 0.0010858327052516664
939.0 5.792720542874768 0.0010858327052516664
940.0 5.79888957433683 0.0010858327052516664
941.0 5.80505860579889 0.0010858327052516664
942.0 5.81122763726095 0.0010858327052516664
943.0 5.817396668723011 0.0010858327052516664
944.0 5.823565700185071 0.0010858327052516664
945.0 5.8297347316471315 0.0010858327052516664
946.0 5.835903763109192 0.0010858327052516664
947.0 5.842072794571252 0.0010858327052516664
948.0 5.848241826033313 0.0010858327052516664
949.0 5.854410857495374 0.0010858327052516664
950.0 5.860579888957434 0.0010858327052516664
951.0 5.866748920419495 0.0010858327052516664
952.0 5.872917951881554 0.0010858327052516664
953.0 5.8790869833436155 0.0010858327052516664
954.0 5.885256014805676 0.0010858327052516664
955.0 5.891425046267736 0.0010858327052516664
956.0 5.897594077729797 0.0010858327052516664
957.0 5.903763109191857 0.0010858327052516664
958.0 5.909932140653918 0.0010858327052516664
959.0 5.916101172115978 0.0010858327052516664
960.0 5.922270203578038 0.0010858327052516664
961.0 5.9284392350400985 0.0010858327052516664
962.0 5.93460826650216 0.0010858327052516664
963.0 5.94077729796422 0.0010858327052516664
964.0 5.9469463294262805 0.0010858327052516664
965.0 5.953115360888341 0.0010858327052516664
966.0 5.959284392350401 0.0010858327052516664
967.0 5.965453423812462 0.0010858327052516664
968.0 5.971622455274522 0.0010858327052516664
969.0 5.9777914867365824 0.0010858327052516664
970.0 5.983960518198643 0.0010858327052516664
971.0 5.990129549660704 0.0010858327052516664
972.0 5.9962985811227645 0.0010858327052516664
973.0 6.002467612584824 0.0010858327052516664
974.0 6.008636644046884 0.0010858327052516664
975.0 6.014805675508946 0.0010858327052516664
976.0 6.020974706971006 0.0010858327052516664
977.0 6.027143738433066 0.0010858327052516664
978.0 6.033312769895127 0.0010858327052516664
979.0 6.039481801357187 0.0010858327052516664
980.0 6.0456508328192475 0.0010858327052516664
981.0 6.051819864281308 0.0010858327052516664
982.0 6.057988895743368 0.0010858327052516664
983.0 6.064157927205429 0.0010858327052516664
984.0 6.07032695866749 0.0010858327052516664
985.0 6.07649599012955 0.0010858327052516664
986.0 6.08266502159161 0.0010858327052516664
987.0 6.08883405305367 0.0010858327052516664
988.0 6.0950030845157315 0.0010858327052516664
989.0 6.101172115977792 0.0010858327052516664
990.0 6.107341147439852 0.0010858327052516664
991.0 6.113510178901913 0.0010858327052516664
992.0 6.119679210363973 0.0010858327052516664
993.0 6.125848241826033 0.0010858327052516664
994.0 6.132017273288094 0.0010858327052516664
995.0 6.138186304750154 0.0010858327052516664
996.0 6.1443553362122145 0.0010858327052516664
997.0 6.150524367674276 0.0010858327052516664
998.0 6.156693399136336 0.0010858327052516664
999.0 6.162862430598397 0.0010858327052516664
1000.0 6.169031462060456 0.0010858327052516664
1001.0 6.175200493522517 0.0010858327052516664
1002.0 6.181369524984578 0.0010858327052516664
1003.0 6.187538556446638 0.0010858327052516664
1004.0 6.1937075879086985 0.0010858327052516664
1005.0 6.199876619370759 0.0010858327052516664
1006.0 6.20604565083282 0.0010858327052516664
1007.0 6.21221468229488 0.0010858327052516664
1008.0 6.21838371375694 0.0010858327052516664
1009.0 6.224552745219 0.0010858327052516664
1010.0 6.230721776681062 0.0010858327052516664
1011.0 6.236890808143122 0.0010858327052516664
1012.0 6.243059839605182 0.0010858327052516664
1013.0 6.249228871067243 0.0010858327052516664
1014.0 6.255397902529303 0.0010858327052516664
1015.0 6.2615669339913635 0.0010858327052516664
1016.0 6.267735965453424 0.0010858327052516664
1017.0 6.273904996915484 0.0010858327052516664
1018.0 6.280074028377545 0.0010858327052516664
1019.0 6.286243059839606 0.0010858327052516664
1020.0 6.292412091301666 0.0010858327052516664
1021.0 6.298581122763726 0.0010858327052516664
1022.0 6.304750154225786 0.0010858327052516664
1023.0 6.3109191856878475 0.0010858327052516664
1024.0 6.317088217149908 0.0010858327052516664
1025.0 6.323257248611968 0.0010858327052516664
1026.0 6.329426280074029 0.0010858327052516664
1027.0 6.335595311536089 0.0010858327052516664
1028.0 6.341764342998149 0.0010858327052516664
1029.0 6.34793337446021 0.0010858327052516664
1030.0 6.35410240592227 0.0010858327052516664
1031.0 6.3602714373843305 0.0010858327052516664
1032.0 6.366440468846392 0.0010858327052516664
1033.0 6.372609500308452 0.0010858327052516664
1034.0 6.378778531770513 0.0010858327052516664
1035.0 6.384947563232572 0.0010858327052516664
1036.0 6.391116594694633 0.0010858327052516664
1037.0 6.397285626156694 0.0010858327052516664
1038.0 6.403454657618754 0.0010858327052516664
1039.0 6.4096236890808145 0.0010858327052516664
1040.0 6.415792720542875 0.0010858327052516664
1041.0 6.421961752004936 0.0010858327052516664
1042.0 6.4281307834669965 0.0010858327052516664
1043.0 6.434299814929057 0.0010858327052516664
1044.0 6.440468846391117 0.0010858327052516664
1045.0 6.446637877853177 0.0010858327052516664
1046.0 6.452806909315237 0.0010858327052516664
1047.0 6.4589759407772975 0.0010858327052516664
1048.0 6.465144972239358 0.0010858327052516664
1049.0 6.471314003701419 0.0010858327052516664
1050.0 6.47748303516348 0.0010858327052516664
1051.0 6.48365206662554 0.0010858327052516664
1052.0 6.4898210980876 0.0010858327052516664
1053.0 6.495990129549661 0.0010858327052516664
1054.0 6.502159161011722 0.0010858327052516664
1055.0 6.508328192473782 0.0010858327052516664
1056.0 6.514497223935843 0.0010858327052516664
1057.0 6.520666255397903 0.0010858327052516664
1058.0 6.5268352868599635 0.0010858327052516664
1059.0 6.533004318322023 0.0010858327052516664
1060.0 6.539173349784083 0.0010858327052516664
1061.0 6.545342381246144 0.0010858327052516664
1062.0 6.551511412708205 0.0010858327052516664
1063.0 6.557680444170265 0.0010858327052516664
1064.0 6.563849475632326 0.0010858327052516664
1065.0 6.570018507094386 0.0010858327052516664
1066.0 6.5761875385564466 0.0010858327052516664
1067.0 6.582356570018508 0.0010858327052516664
1068.0 6.588525601480568 0.0010858327052516664
1069.0 6.594694632942629 0.0010858327052516664
1070.0 6.600863664404689 0.0010858327052516664
1071.0 6.607032695866749 0.0010858327052516664
1072.0 6.613201727328811 0.0010858327052516664
1073.0 6.619370758790869 0.0010858327052516664
1074.0 6.62553979025293 0.0010858327052516664
1075.0 6.631708821714991 0.0010858327052516664
1076.0 6.637877853177051 0.0010858327052516664
1077.0 6.644046884639112 0.0010858327052516664
1078.0 6.650215916101172 0.0010858327052516664
1079.0 6.656384947563232 0.0010858327052516664
1080.0 6.662553979025294 0.0010858327052516664
1081.0 6.668723010487354 0.0010858327052516664
1082.0 6.674892041949414 0.0010858327052516664
1083.0 6.681061073411475 0.0010858327052516664
1084.0 6.687230104873535 0.0010858327052516664
1085.0 6.6933991363355965 0.0010858327052516664
1086.0 6.699568167797657 0.0010858327052516664
1087.0 6.7057371992597155 0.0010858327052516664
1088.0 6.711906230721777 0.0010858327052516664
1089.0 6.718075262183837 0.0010858327052516664
1090.0 6.7242442936458975 0.0010858327052516664
1091.0 6.730413325107958 0.0010858327052516664
1092.0 6.736582356570018 0.0010858327052516664
1093.0 6.7427513880320795 0.0010858327052516664
1094.0 6.74892041949414 0.0010858327052516664
1095.0 6.7550894509562 0.0010858327052516664
1096.0 6.761258482418261 0.0010858327052516664
1097.0 6.767427513880321 0.0010858327052516664
1098.0 6.773596545342382 0.0010858327052516664
1099.0 6.779765576804443 0.0010858327052516664
1100.0 6.785934608266503 0.0010858327052516664
1101.0 6.792103639728563 0.0010858327052516664
1102.0 6.798272671190623 0.0010858327052516664
1103.0 6.804441702652683 0.0010858327052516664
1104.0 6.810610734114744 0.0010858327052516664
1105.0 6.816779765576804 0.0010858327052516664
1106.0 6.822948797038865 0.0010858327052516664
1107.0 6.829117828500926 0.0010858327052516664
1108.0 6.835286859962986 0.0010858327052516664
1109.0 6.8414558914250465 0.0010858327052516664
1110.0 6.847624922887107 0.0010858327052516664
1111.0 6.853793954349168 0.0010858327052516664
1112.0 6.8599629858112285 0.0010858327052516664
1113.0 6.866132017273289 0.0010858327052516664
1114.0 6.872301048735348 0.0010858327052516664
1115.0 6.878470080197409 0.0010858327052516664
1116.0 6.884639111659469 0.0010858327052516664
1117.0 6.89080814312153 0.0010858327052516664
1118.0 6.89697717458359 0.0010858327052516664
1119.0 6.903146206045651 0.0010858327052516664
1120.0 6.909315237507712 0.0010858327052516664
1121.0 6.915484268969772 0.0010858327052516664
1122.0 6.921653300431832 0.0010858327052516664
1123.0 6.927822331893893 0.0010858327052516664
1124.0 6.933991363355954 0.0010858327052516664
1125.0 6.940160394818014 0.0010858327052516664
1126.0 6.946329426280075 0.0010858327052516664
1127.0 6.952498457742135 0.0010858327052516664
1128.0 6.958667489204195 0.0010858327052516664
1129.0 6.964836520666255 0.0010858327052516664
1130.0 6.971005552128315 0.0010858327052516664
1131.0 6.977174583590376 0.0010858327052516664
1132.0 6.983343615052437 0.0010858327052516664
1133.0 6.989512646514497 0.0010858327052516664
1134.0 6.995681677976558 0.0010858327052516664
1135.0 7.001850709438618 0.0010858327052516664
1136.0 7.008019740900679 0.0010858327052516664
1137.0 7.01418877236274 0.0010858327052516664
1138.0 7.0203578038248 0.0010858327052516664
1139.0 7.026526835286861 0.0010858327052516664
1140.0 7.032695866748921 0.0010858327052516664
1141.0 7.038864898210981 0.0010858327052516664
1142.0 7.045033929673041 0.0010858327052516664
1143.0 7.051202961135101 0.0010858327052516664
1144.0 7.057371992597162 0.0010858327052516664
1145.0 7.063541024059223 0.0010858327052516664
1146.0 7.069710055521283 0.0010858327052516664
1147.0 7.075879086983344 0.0010858327052516664
1148.0 7.082048118445404 0.0010858327052516664
1149.0 7.088217149907464 0.0010858327052516664
1150.0 7.094386181369526 0.0010858327052516664
1151.0 7.100555212831586 0.0010858327052516664
1152.0 7.1067242442936465 0.0010858327052516664
1153.0 7.112893275755707 0.0010858327052516664
1154.0 7.119062307217767 0.0010858327052516664
1155.0 7.1252313386798285 0.0010858327052516664
1156.0 7.131400370141887 0.0010858327052516664
1157.0 7.1375694016039475 0.0010858327052516664
1158.0 7.143738433066009 0.0010858327052516664
1159.0 7.149907464528069 0.0010858327052516664
1160.0 7.1560764959901295 0.0010858327052516664
1161.0 7.16224552745219 0.0010858327052516664
1162.0 7.16841455891425 0.0010858327052516664
1163.0 7.1745835903763115 0.0010858327052516664
1164.0 7.180752621838372 0.0010858327052516664
1165.0 7.186921653300432 0.0010858327052516664
1166.0 7.193090684762493 0.0010858327052516664
1167.0 7.199259716224553 0.0010858327052516664
1168.0 7.205428747686614 0.0010858327052516664
1169.0 7.211597779148675 0.0010858327052516664
1170.0 7.217766810610733 0.0010858327052516664
1171.0 7.223935842072795 0.0010858327052516664
1172.0 7.230104873534855 0.0010858327052516664
1173.0 7.236273904996915 0.0010858327052516664
1174.0 7.242442936458976 0.0010858327052516664
1175.0 7.248611967921036 0.0010858327052516664
1176.0 7.254780999383097 0.0010858327052516664
1177.0 7.260950030845158 0.0010858327052516664
1178.0 7.267119062307218 0.0010858327052516664
1179.0 7.2732880937692785 0.0010858327052516664
1180.0 7.279457125231339 0.0010858327052516664
1181.0 7.2856261566934 0.0010858327052516664
1182.0 7.291795188155461 0.0010858327052516664
1183.0 7.297964219617521 0.0010858327052516664
1184.0 7.3041332510795804 0.0010858327052516664
1185.0 7.310302282541641 0.0010858327052516664
1186.0 7.316471314003701 0.0010858327052516664
1187.0 7.322640345465762 0.0010858327052516664
1188.0 7.328809376927822 0.0010858327052516664
1189.0 7.334978408389883 0.0010858327052516664
1190.0 7.341147439851944 0.0010858327052516664
1191.0 7.347316471314004 0.0010858327052516664
1192.0 7.353485502776064 0.0010858327052516664
1193.0 7.359654534238125 0.0010858327052516664
1194.0 7.365823565700186 0.0010858327052516664
1195.0 7.371992597162246 0.0010858327052516664
1196.0 7.378161628624307 0.0010858327052516664
1197.0 7.384330660086366 0.0010858327052516664
1198.0 7.390499691548427 0.0010858327052516664
1199.0 7.396668723010487 0.0010858327052516664
1200.0 7.402837754472547 0.0010858327052516664
1201.0 7.409006785934608 0.0010858327052516664
1202.0 7.415175817396669 0.0010858327052516664
1203.0 7.4213448488587295 0.0010858327052516664
1204.0 7.42751388032079 0.0010858327052516664
1205.0 7.43368291178285 0.0010858327052516664
1206.0 7.439851943244911 0.0010858327052516664
1207.0 7.446020974706972 0.0010858327052516664
1208.0 7.452190006169032 0.0010858327052516664
1209.0 7.458359037631093 0.0010858327052516664
1210.0 7.464528069093153 0.0010858327052516664
1211.0 7.4706971005552125 0.0010858327052516664
1212.0 7.476866132017273 0.0010858327052516664
1213.0 7.483035163479333 0.0010858327052516664
1214.0 7.489204194941394 0.0010858327052516664
1215.0 7.495373226403455 0.0010858327052516664
1216.0 7.501542257865515 0.0010858327052516664
1217.0 7.507711289327576 0.0010858327052516664
1218.0 7.513880320789636 0.0010858327052516664
1219.0 7.5200493522516965 0.0010858327052516664
1220.0 7.526218383713758 0.0010858327052516664
1221.0 7.532387415175818 0.0010858327052516664
1222.0 7.5385564466378785 0.0010858327052516664
1223.0 7.544725478099939 0.0010858327052516664
1224.0 7.550894509561999 0.0010858327052516664
1225.0 7.557063541024059 0.0010858327052516664
1226.0 7.563232572486119 0.0010858327052516664
1227.0 7.5694016039481795 0.0010858327052516664
1228.0 7.575570635410241 0.0010858327052516664
1229.0 7.581739666872301 0.0010858327052516664
1230.0 7.5879086983343615 0.0010858327052516664
1231.0 7.594077729796422 0.0010858327052516664
1232.0 7.600246761258482 0.0010858327052516664
1233.0 7.606415792720544 0.0010858327052516664
1234.0 7.612584824182604 0.0010858327052516664
1235.0 7.618753855644664 0.0010858327052516664
1236.0 7.624922887106725 0.0010858327052516664
1237.0 7.631091918568785 0.0010858327052516664
1238.0 7.637260950030846 0.0010858327052516664
1239.0 7.643429981492905 0.0010858327052516664
1240.0 7.649599012954965 0.0010858327052516664
1241.0 7.655768044417027 0.0010858327052516664
1242.0 7.661937075879087 0.0010858327052516664
1243.0 7.668106107341147 0.0010858327052516664
1244.0 7.674275138803208 0.0010858327052516664
1245.0 7.680444170265268 0.0010858327052516664
1246.0 7.686613201727329 0.0010858327052516664
1247.0 7.69278223318939 0.0010858327052516664
1248.0 7.69895126465145 0.0010858327052516664
1249.0 7.705120296113511 0.0010858327052516664
1250.0 7.711289327575571 0.0010858327052516664
1251.0 7.717458359037632 0.0010858327052516664
1252.0 7.723627390499693 0.0010858327052516664
1253.0 7.729796421961751 0.0010858327052516664
1254.0 7.7359654534238125 0.0010858327052516664
1255.0 7.742134484885873 0.0010858327052516664
1256.0 7.748303516347933 0.0010858327052516664
1257.0 7.754472547809994 0.0010858327052516664
1258.0 7.760641579272054 0.0010858327052516664
1259.0 7.766810610734115 0.0010858327052516664
1260.0 7.772979642196176 0.0010858327052516664
1261.0 7.779148673658236 0.0010858327052516664
1262.0 7.785317705120296 0.0010858327052516664
1263.0 7.791486736582357 0.0010858327052516664
1264.0 7.797655768044418 0.0010858327052516664
1265.0 7.8038247995064784 0.0010858327052516664
1266.0 7.809993830968539 0.0010858327052516664
1267.0 7.816162862430598 0.0010858327052516664
1268.0 7.822331893892659 0.0010858327052516664
1269.0 7.828500925354719 0.0010858327052516664
1270.0 7.8346699568167795 0.0010858327052516664
1271.0 7.84083898827884 0.0010858327052516664
1272.0 7.847008019740901 0.0010858327052516664
1273.0 7.8531770512029615 0.0010858327052516664
1274.0 7.859346082665022 0.0010858327052516664
1275.0 7.865515114127082 0.0010858327052516664
1276.0 7.871684145589143 0.0010858327052516664
1277.0 7.877853177051204 0.0010858327052516664
1278.0 7.884022208513264 0.0010858327052516664
1279.0 7.890191239975325 0.0010858327052516664
1280.0 7.896360271437385 0.0010858327052516664
1281.0 7.9025293028994446 0.0010858327052516664
1282.0 7.908698334361505 0.0010858327052516664
1283.0 7.914867365823565 0.0010858327052516664
1284.0 7.921036397285626 0.0010858327052516664
1285.0 7.927205428747687 0.0010858327052516664
1286.0 7.933374460209747 0.0010858327052516664
1287.0 7.939543491671808 0.0010858327052516664
1288.0 7.945712523133868 0.0010858327052516664
1289.0 7.9518815545959285 0.0010858327052516664
1290.0 7.95805058605799 0.0010858327052516664
1291.0 7.96421961752005 0.0010858327052516664
1292.0 7.9703886489821105 0.0010858327052516664
1293.0 7.976557680444171 0.0010858327052516664
1294.0 7.98272671190623 0.0010858327052516664
1295.0 7.988895743368291 0.0010858327052516664
1296.0 7.995064774830351 0.0010858327052516664
1297.0 8.001233806292412 0.0010858327052516664
1298.0 8.007402837754473 0.0010858327052516664
1299.0 8.013571869216532 0.0010858327052516664
1300.0 8.019740900678594 0.0010858327052516664
1301.0 8.025909932140655 0.0010858327052516664
1302.0 8.032078963602714 0.0010858327052516664
1303.0 8.038247995064776 0.0010858327052516664
1304.0 8.044417026526835 0.0010858327052516664
1305.0 8.050586057988896 0.0010858327052516664
1306.0 8.056755089450958 0.0010858327052516664
1307.0 8.062924120913017 0.0010858327052516664
1308.0 8.069093152375077 0.0010858327052516664
1309.0 8.075262183837138 0.0010858327052516664
1310.0 8.081431215299197 0.0010858327052516664
1311.0 8.087600246761259 0.0010858327052516664
1312.0 8.093769278223318 0.0010858327052516664
1313.0 8.09993830968538 0.0010858327052516664
1314.0 8.10610734114744 0.0010858327052516664
1315.0 8.1122763726095 0.0010858327052516664
1316.0 8.118445404071561 0.0010858327052516664
1317.0 8.124614435533621 0.0010858327052516664
1318.0 8.130783466995682 0.0010858327052516664
1319.0 8.136952498457743 0.0010858327052516664
1320.0 8.143121529919803 0.0010858327052516664
1321.0 8.149290561381864 0.0010858327052516664
1322.0 8.155459592843924 0.0010858327052516664
1323.0 8.161628624305983 0.0010858327052516664
1324.0 8.167797655768045 0.0010858327052516664
1325.0 8.173966687230104 0.0010858327052516664
1326.0 8.180135718692165 0.0010858327052516664
1327.0 8.186304750154227 0.0010858327052516664
1328.0 8.192473781616286 0.0010858327052516664
1329.0 8.198642813078347 0.0010858327052516664
1330.0 8.204811844540407 0.0010858327052516664
1331.0 8.210980876002468 0.0010858327052516664
1332.0 8.21714990746453 0.0010858327052516664
1333.0 8.223318938926589 0.0010858327052516664
1334.0 8.22948797038865 0.0010858327052516664
1335.0 8.23565700185071 0.0010858327052516664
1336.0 8.241826033312769 0.0010858327052516664
1337.0 8.24799506477483 0.0010858327052516664
1338.0 8.25416409623689 0.0010858327052516664
1339.0 8.260333127698951 0.0010858327052516664
1340.0 8.266502159161012 0.0010858327052516664
1341.0 8.272671190623072 0.0010858327052516664
1342.0 8.278840222085133 0.0010858327052516664
1343.0 8.285009253547193 0.0010858327052516664
1344.0 8.291178285009254 0.0010858327052516664
1345.0 8.297347316471315 0.0010858327052516664
1346.0 8.303516347933375 0.0010858327052516664
1347.0 8.309685379395436 0.0010858327052516664
1348.0 8.315854410857495 0.0010858327052516664
1349.0 8.322023442319557 0.0010858327052516664
1350.0 8.328192473781616 0.0010858327052516664
1351.0 8.334361505243676 0.0010858327052516664
1352.0 8.340530536705737 0.0010858327052516664
1353.0 8.346699568167798 0.0010858327052516664
1354.0 8.352868599629858 0.0010858327052516664
1355.0 8.359037631091919 0.0010858327052516664
1356.0 8.365206662553978 0.0010858327052516664
1357.0 8.37137569401604 0.0010858327052516664
1358.0 8.377544725478101 0.0010858327052516664
1359.0 8.38371375694016 0.0010858327052516664
1360.0 8.389882788402222 0.0010858327052516664
1361.0 8.396051819864281 0.0010858327052516664
1362.0 8.402220851326343 0.0010858327052516664
1363.0 8.408389882788404 0.0010858327052516664
1364.0 8.414558914250462 0.0010858327052516664
1365.0 8.420727945712523 0.0010858327052516664
1366.0 8.426896977174584 0.0010858327052516664
1367.0 8.433066008636644 0.0010858327052516664
1368.0 8.439235040098705 0.0010858327052516664
1369.0 8.445404071560764 0.0010858327052516664
1370.0 8.451573103022826 0.0010858327052516664
1371.0 8.457742134484887 0.0010858327052516664
1372.0 8.463911165946946 0.0010858327052516664
1373.0 8.470080197409008 0.0010858327052516664
1374.0 8.476249228871067 0.0010858327052516664
1375.0 8.482418260333128 0.0010858327052516664
1376.0 8.48858729179519 0.0010858327052516664
1377.0 8.494756323257247 0.0010858327052516664
1378.0 8.500925354719309 0.0010858327052516664
1379.0 8.50709438618137 0.0010858327052516664
1380.0 8.51326341764343 0.0010858327052516664
1381.0 8.51943244910549 0.0010858327052516664
1382.0 8.52560148056755 0.0010858327052516664
1383.0 8.531770512029611 0.0010858327052516664
1384.0 8.537939543491673 0.0010858327052516664
1385.0 8.544108574953732 0.0010858327052516664
1386.0 8.550277606415793 0.0010858327052516664
1387.0 8.556446637877853 0.0010858327052516664
1388.0 8.562615669339914 0.0010858327052516664
1389.0 8.568784700801976 0.0010858327052516664
1390.0 8.574953732264035 0.0010858327052516664
1391.0 8.581122763726095 0.0010858327052516664
1392.0 8.587291795188156 0.0010858327052516664
1393.0 8.593460826650215 0.0010858327052516664
1394.0 8.599629858112277 0.0010858327052516664
1395.0 8.605798889574336 0.0010858327052516664
1396.0 8.611967921036397 0.0010858327052516664
1397.0 8.618136952498459 0.0010858327052516664
1398.0 8.624305983960518 0.0010858327052516664
1399.0 8.63047501542258 0.0010858327052516664
1400.0 8.636644046884639 0.0010858327052516664
1401.0 8.6428130783467 0.0010858327052516664
1402.0 8.648982109808761 0.0010858327052516664
1403.0 8.65515114127082 0.0010858327052516664
1404.0 8.661320172732882 0.0010858327052516664
1405.0 8.667489204194942 0.0010858327052516664
1406.0 8.673658235657001 0.0010858327052516664
1407.0 8.679827267119062 0.0010858327052516664
1408.0 8.685996298581122 0.0010858327052516664
1409.0 8.692165330043183 0.0010858327052516664
1410.0 8.698334361505244 0.0010858327052516664
1411.0 8.704503392967304 0.0010858327052516664
1412.0 8.710672424429365 0.0010858327052516664
1413.0 8.716841455891425 0.0010858327052516664
1414.0 8.723010487353486 0.0010858327052516664
1415.0 8.729179518815547 0.0010858327052516664
1416.0 8.735348550277607 0.0010858327052516664
1417.0 8.741517581739668 0.0010858327052516664
1418.0 8.747686613201727 0.0010858327052516664
1419.0 8.753855644663787 0.0010858327052516664
1420.0 8.760024676125848 0.0010858327052516664
1421.0 8.766193707587908 0.0010858327052516664
1422.0 8.772362739049969 0.0010858327052516664
1423.0 8.77853177051203 0.0010858327052516664
1424.0 8.78470080197409 0.0010858327052516664
1425.0 8.790869833436151 0.0010858327052516664
1426.0 8.79703886489821 0.0010858327052516664
1427.0 8.803207896360272 0.0010858327052516664
1428.0 8.809376927822333 0.0010858327052516664
1429.0 8.815545959284393 0.0010858327052516664
1430.0 8.821714990746454 0.0010858327052516664
1431.0 8.827884022208513 0.0010858327052516664
1432.0 8.834053053670575 0.0010858327052516664
1433.0 8.840222085132634 0.0010858327052516664
1434.0 8.846391116594694 0.0010858327052516664
1435.0 8.852560148056755 0.0010858327052516664
1436.0 8.858729179518816 0.0010858327052516664
1437.0 8.864898210980876 0.0010858327052516664
1438.0 8.871067242442937 0.0010858327052516664
1439.0 8.877236273904996 0.0010858327052516664
1440.0 8.883405305367058 0.0010858327052516664
1441.0 8.889574336829119 0.0010858327052516664
1442.0 8.895743368291178 0.0010858327052516664
1443.0 8.90191239975324 0.0010858327052516664
1444.0 8.9080814312153 0.0010858327052516664
1445.0 8.91425046267736 0.0010858327052516664
1446.0 8.920419494139422 0.0010858327052516664
1447.0 8.92658852560148 0.0010858327052516664
1448.0 8.93275755706354 0.0010858327052516664
1449.0 8.938926588525602 0.0010858327052516664
1450.0 8.945095619987661 0.0010858327052516664
1451.0 8.951264651449723 0.0010858327052516664
1452.0 8.957433682911782 0.0010858327052516664
1453.0 8.963602714373843 0.0010858327052516664
1454.0 8.969771745835905 0.0010858327052516664
1455.0 8.975940777297964 0.0010858327052516664
1456.0 8.982109808760026 0.0010858327052516664
1457.0 8.988278840222085 0.0010858327052516664
1458.0 8.994447871684146 0.0010858327052516664
1459.0 9.000616903146208 0.0010858327052516664
1460.0 9.006785934608265 0.0010858327052516664
1461.0 9.012954966070327 0.0010858327052516664
1462.0 9.019123997532388 0.0010858327052516664
1463.0 9.025293028994447 0.0010858327052516664
1464.0 9.031462060456509 0.0010858327052516664
1465.0 9.037631091918568 0.0010858327052516664
1466.0 9.04380012338063 0.0010858327052516664
1467.0 9.04996915484269 0.0010858327052516664
1468.0 9.05613818630475 0.0010858327052516664
1469.0 9.062307217766811 0.0010858327052516664
1470.0 9.06847624922887 0.0010858327052516664
1471.0 9.074645280690932 0.0010858327052516664
1472.0 9.080814312152993 0.0010858327052516664
1473.0 9.086983343615053 0.0010858327052516664
1474.0 9.093152375077112 0.0010858327052516664
1475.0 9.099321406539174 0.0010858327052516664
1476.0 9.105490438001233 0.0010858327052516664
1477.0 9.111659469463294 0.0010858327052516664
1478.0 9.117828500925354 0.0010858327052516664
1479.0 9.123997532387415 0.0010858327052516664
1480.0 9.130166563849476 0.0010858327052516664
1481.0 9.136335595311536 0.0010858327052516664
1482.0 9.142504626773597 0.0010858327052516664
1483.0 9.148673658235657 0.0010858327052516664
1484.0 9.154842689697718 0.0010858327052516664
1485.0 9.16101172115978 0.0010858327052516664
1486.0 9.167180752621839 0.0010858327052516664
1487.0 9.1733497840839 0.0010858327052516664
1488.0 9.17951881554596 0.0010858327052516664
1489.0 9.185687847008019 0.0010858327052516664
1490.0 9.19185687847008 0.0010858327052516664
1491.0 9.19802590993214 0.0010858327052516664
1492.0 9.204194941394201 0.0010858327052516664
1493.0 9.210363972856262 0.0010858327052516664
1494.0 9.216533004318322 0.0010858327052516664
1495.0 9.222702035780383 0.0010858327052516664
1496.0 9.228871067242443 0.0010858327052516664
1497.0 9.235040098704504 0.0010858327052516664
1498.0 9.241209130166565 0.0010858327052516664
1499.0 9.247378161628625 0.0010858327052516664
1500.0 9.253547193090686 0.0010858327052516664
1501.0 9.259716224552745 0.0010858327052516664
1502.0 9.265885256014805 0.0010858327052516664
1503.0 9.272054287476866 0.0010858327052516664
1504.0 9.278223318938926 0.0010858327052516664
1505.0 9.284392350400987 0.0010858327052516664
1506.0 9.290561381863048 0.0010858327052516664
1507.0 9.296730413325108 0.0010858327052516664
1508.0 9.302899444787169 0.0010858327052516664
1509.0 9.309068476249228 0.0010858327052516664
1510.0 9.31523750771129 0.0010858327052516664
1511.0 9.321406539173351 0.0010858327052516664
1512.0 9.32757557063541 0.0010858327052516664
1513.0 9.333744602097472 0.0010858327052516664
1514.0 9.339913633559531 0.0010858327052516664
1515.0 9.346082665021592 0.0010858327052516664
1516.0 9.352251696483652 0.0010858327052516664
1517.0 9.358420727945711 0.0010858327052516664
1518.0 9.364589759407773 0.0010858327052516664
1519.0 9.370758790869834 0.0010858327052516664
1520.0 9.376927822331893 0.0010858327052516664
1521.0 9.383096853793955 0.0010858327052516664
1522.0 9.389265885256014 0.0010858327052516664
1523.0 9.395434916718076 0.0010858327052516664
1524.0 9.401603948180137 0.0010858327052516664
1525.0 9.407772979642196 0.0010858327052516664
1526.0 9.413942011104258 0.0010858327052516664
1527.0 9.420111042566317 0.0010858327052516664
1528.0 9.426280074028378 0.0010858327052516664
1529.0 9.43244910549044 0.0010858327052516664
1530.0 9.438618136952497 0.0010858327052516664
1531.0 9.444787168414559 0.0010858327052516664
1532.0 9.45095619987662 0.0010858327052516664
1533.0 9.45712523133868 0.0010858327052516664
1534.0 9.46329426280074 0.0010858327052516664
1535.0 9.4694632942628 0.0010858327052516664
1536.0 9.475632325724861 0.0010858327052516664
1537.0 9.481801357186923 0.0010858327052516664
1538.0 9.487970388648982 0.0010858327052516664
1539.0 9.494139420111043 0.0010858327052516664
1540.0 9.500308451573103 0.0010858327052516664
1541.0 9.506477483035164 0.0010858327052516664
1542.0 9.512646514497225 0.0010858327052516664
1543.0 9.518815545959283 0.0010858327052516664
1544.0 9.524984577421344 0.0010858327052516664
1545.0 9.531153608883406 0.0010858327052516664
1546.0 9.537322640345465 0.0010858327052516664
1547.0 9.543491671807526 0.0010858327052516664
1548.0 9.549660703269586 0.0010858327052516664
1549.0 9.555829734731647 0.0010858327052516664
1550.0 9.561998766193708 0.0010858327052516664
1551.0 9.568167797655768 0.0010858327052516664
1552.0 9.57433682911783 0.0010858327052516664
1553.0 9.580505860579889 0.0010858327052516664
1554.0 9.58667489204195 0.0010858327052516664
1555.0 9.592843923504011 0.0010858327052516664
1556.0 9.59901295496607 0.0010858327052516664
1557.0 9.60518198642813 0.0010858327052516664
1558.0 9.611351017890192 0.0010858327052516664
1559.0 9.617520049352251 0.0010858327052516664
1560.0 9.623689080814312 0.0010858327052516664
1561.0 9.629858112276374 0.0010858327052516664
1562.0 9.636027143738433 0.0010858327052516664
1563.0 9.642196175200494 0.0010858327052516664
1564.0 9.648365206662554 0.0010858327052516664
1565.0 9.654534238124615 0.0010858327052516664
1566.0 9.660703269586676 0.0010858327052516664
1567.0 9.666872301048736 0.0010858327052516664
1568.0 9.673041332510797 0.0010858327052516664
1569.0 9.679210363972857 0.0010858327052516664
1570.0 9.685379395434918 0.0010858327052516664
1571.0 9.691548426896977 0.0010858327052516664
1572.0 9.697717458359037 0.0010858327052516664
1573.0 9.703886489821098 0.0010858327052516664
1574.0 9.71005552128316 0.0010858327052516664
1575.0 9.716224552745219 0.0010858327052516664
1576.0 9.72239358420728 0.0010858327052516664
1577.0 9.72856261566934 0.0010858327052516664
1578.0 9.734731647131401 0.0010858327052516664
1579.0 9.740900678593462 0.0010858327052516664
1580.0 9.747069710055522 0.0010858327052516664
1581.0 9.753238741517583 0.0010858327052516664
1582.0 9.759407772979642 0.0010858327052516664
1583.0 9.765576804441704 0.0010858327052516664
1584.0 9.771745835903765 0.0010858327052516664
1585.0 9.777914867365823 0.0010858327052516664
1586.0 9.784083898827884 0.0010858327052516664
1587.0 9.790252930289945 0.0010858327052516664
1588.0 9.796421961752005 0.0010858327052516664
1589.0 9.802590993214066 0.0010858327052516664
1590.0 9.808760024676126 0.0010858327052516664
1591.0 9.814929056138187 0.0010858327052516664
1592.0 9.821098087600248 0.0010858327052516664
1593.0 9.827267119062308 0.0010858327052516664
1594.0 9.833436150524369 0.0010858327052516664
1595.0 9.839605181986428 0.0010858327052516664
1596.0 9.84577421344849 0.0010858327052516664
1597.0 9.85194324491055 0.0010858327052516664
1598.0 9.85811227637261 0.0010858327052516664
1599.0 9.86428130783467 0.0010858327052516664
1600.0 9.870450339296731 0.0010858327052516664
1601.0 9.87661937075879 0.0010858327052516664
1602.0 9.882788402220852 0.0010858327052516664
1603.0 9.888957433682911 0.0010858327052516664
1604.0 9.895126465144973 0.0010858327052516664
1605.0 9.901295496607034 0.0010858327052516664
1606.0 9.907464528069093 0.0010858327052516664
1607.0 9.913633559531155 0.0010858327052516664
1608.0 9.919802590993214 0.0010858327052516664
1609.0 9.925971622455275 0.0010858327052516664
1610.0 9.932140653917337 0.0010858327052516664
1611.0 9.938309685379396 0.0010858327052516664
1612.0 9.944478716841457 0.0010858327052516664
1613.0 9.950647748303517 0.0010858327052516664
1614.0 9.956816779765576 0.0010858327052516664
1615.0 9.962985811227638 0.0010858327052516664
1616.0 9.969154842689697 0.0010858327052516664
1617.0 9.975323874151758 0.0010858327052516664
1618.0 9.98149290561382 0.0010858327052516664
1619.0 9.98766193707588 0.0010858327052516664
1620.0 9.99383096853794 0.0010858327052516664
1621.0 10.0 0.0010858327052516664
