1.0 0.006042296072507554 0.04071872644693405
2.0 0.012084592145015107 0.027688733983915102
3.0 0.01812688821752266 0.024974152220786236
4.0 0.024169184290030215 0.021173737752405702
5.0 0.03021148036253777 0.01954498869452835
6.0 0.03625377643504532 0.017373323284025168
7.0 0.04229607250755288 0.017373323284025168
8.0 0.04833836858006043 0.014115825168270318
9.0 0.05438066465256798 0.013029992463018801
10.0 0.06042296072507554 0.012487076110393118
11.0 0.06646525679758308 0.011944159757767433
12.0 0.07250755287009064 0.010858327052515767
13.0 0.0785498489425982 0.010315410699889935
14.0 0.08459214501510576 0.00977249434726425
15.0 0.0906344410876133 0.0097724943472641
16.0 0.09667673716012086 0.00977249434726425
17.0 0.10271903323262842 0.0097724943472641
18.0 0.10876132930513596 0.0097724943472641
19.0 0.1148036253776435 0.009229577994638267
20.0 0.12084592145015108 0.009229577994638267
21.0 0.12688821752265864 0.009229577994638267
22.0 0.13293051359516617 0.008686661642012584
23.0 0.13897280966767372 0.0081437452893869
24.0 0.14501510574018128 0.00814374528938675
25.0 0.15105740181268884 0.0070579125841350844
26.0 0.1570996978851964 0.0065149962315094005
27.0 0.16314199395770396 0.0065149962315094005
28.0 0.16918429003021151 0.0065149962315094005
29.0 0.17522658610271905 0.005972079878883567
30.0 0.1812688821752266 0.005972079878883717
31.0 0.18731117824773416 0.00488624717363205
32.0 0.19335347432024172 0.00488624717363205
33.0 0.19939577039274925 0.0054291635262578835
34.0 0.20543806646525684 0.00488624717363205
35.0 0.21148036253776437 0.00488624717363205
36.0 0.21752265861027192 0.00488624717363205
37.0 0.22356495468277948 0.004343330821006217
38.0 0.229607250755287 0.00488624717363205
39.0 0.23564954682779457 0.004343330821006217
40.0 0.24169184290030216 0.00488624717363205
41.0 0.24773413897280971 0.0038004144683803837
42.0 0.2537764350453173 0.004343330821006217
43.0 0.2598187311178248 0.004343330821006217
44.0 0.26586102719033233 0.004343330821006217
45.0 0.2719033232628399 0.004343330821006217
46.0 0.27794561933534745 0.004343330821006217
47.0 0.283987915407855 0.0038004144683803837
48.0 0.29003021148036257 0.0038004144683803837
49.0 0.2960725075528701 0.0038004144683803837
50.0 0.3021148036253777 0.0038004144683803837
51.0 0.30815709969788524 0.0038004144683803837
52.0 0.3141993957703928 0.0038004144683803837
53.0 0.3202416918429003 0.0038004144683803837
54.0 0.3262839879154079 0.0038004144683803837
55.0 0.33232628398791547 0.0038004144683803837
56.0 0.33836858006042303 0.0038004144683803837
57.0 0.34441087613293053 0.0038004144683803837
58.0 0.3504531722054381 0.0032574981157547003
59.0 0.35649546827794565 0.0032574981157547003
60.0 0.3625377643504532 0.0032574981157547003
61.0 0.36858006042296076 0.0032574981157547003
62.0 0.3746223564954683 0.0032574981157547003
63.0 0.3806646525679759 0.0032574981157547003
64.0 0.38670694864048344 0.0032574981157547003
65.0 0.392749244712991 0.0032574981157547003
66.0 0.3987915407854985 0.0032574981157547003
67.0 0.4048338368580061 0.0032574981157547003
68.0 0.41087613293051367 0.0032574981157547003
69.0 0.41691842900302123 0.0032574981157547003
70.0 0.42296072507552873 0.0032574981157547003
71.0 0.4290030211480363 0.0032574981157547003
72.0 0.43504531722054385 0.0032574981157547003
73.0 0.4410876132930514 0.0032574981157547003
74.0 0.44712990936555896 0.0032574981157547003
75.0 0.45317220543806647 0.0027145817631290168
76.0 0.459214501510574 0.0027145817631290168
77.0 0.4652567975830816 0.0027145817631290168
78.0 0.47129909365558914 0.0027145817631290168
79.0 0.47734138972809675 0.0027145817631290168
80.0 0.4833836858006043 0.0027145817631290168
81.0 0.48942598187311187 0.0027145817631290168
82.0 0.49546827794561943 0.0027145817631290168
83.0 0.5015105740181269 0.0027145817631290168
84.0 0.5075528700906345 0.0027145817631290168
85.0 0.513595166163142 0.0027145817631290168
86.0 0.5196374622356495 0.0027145817631290168
87.0 0.5256797583081572 0.0027145817631290168
88.0 0.5317220543806647 0.0027145817631290168
89.0 0.5377643504531723 0.0027145817631290168
90.0 0.5438066465256798 0.0027145817631290168
91.0 0.5498489425981873 0.0027145817631290168
92.0 0.5558912386706949 0.0027145817631290168
93.0 0.5619335347432025 0.0027145817631290168
94.0 0.56797583081571 0.0027145817631290168
95.0 0.5740181268882176 0.0021716654105031832
96.0 0.5800604229607251 0.0021716654105031832
97.0 0.5861027190332327 0.0021716654105031832
98.0 0.5921450151057402 0.0021716654105031832
99.0 0.5981873111782477 0.0021716654105031832
100.0 0.6042296072507554 0.0021716654105031832
101.0 0.6102719033232629 0.0021716654105031832
102.0 0.6163141993957705 0.0021716654105031832
103.0 0.622356495468278 0.0021716654105031832
104.0 0.6283987915407856 0.0021716654105031832
105.0 0.6344410876132931 0.0021716654105031832
106.0 0.6404833836858006 0.0021716654105031832
107.0 0.6465256797583083 0.0021716654105031832
108.0 0.6525679758308158 0.0021716654105031832
109.0 0.6586102719033233 0.0021716654105031832
110.0 0.6646525679758309 0.0021716654105031832
111.0 0.6706948640483384 0.0021716654105031832
112.0 0.6767371601208461 0.0021716654105031832
113.0 0.6827794561933536 0.0021716654105031832
114.0 0.6888217522658611 0.0021716654105031832
115.0 0.6948640483383687 0.0021716654105031832
116.0 0.7009063444108762 0.0021716654105031832
117.0 0.7069486404833838 0.0021716654105031832
118.0 0.7129909365558913 0.0021716654105031832
119.0 0.7190332326283988 0.0021716654105031832
120.0 0.7250755287009064 0.0021716654105031832
121.0 0.731117824773414 0.0021716654105031832
122.0 0.7371601208459215 0.0021716654105031832
123.0 0.7432024169184291 0.0021716654105031832
124.0 0.7492447129909366 0.0021716654105031832
125.0 0.7552870090634443 0.0021716654105031832
126.0 0.7613293051359518 0.0021716654105031832
127.0 0.7673716012084593 0.0021716654105031832
128.0 0.7734138972809669 0.0021716654105031832
129.0 0.7794561933534744 0.0021716654105031832
130.0 0.785498489425982 0.0021716654105031832
131.0 0.7915407854984895 0.0021716654105031832
132.0 0.797583081570997 0.0021716654105031832
133.0 0.8036253776435047 0.0021716654105031832
134.0 0.8096676737160122 0.0021716654105031832
135.0 0.8157099697885197 0.0021716654105031832
136.0 0.8217522658610273 0.0021716654105031832
137.0 0.8277945619335348 0.0021716654105031832
138.0 0.8338368580060425 0.0021716654105031832
139.0 0.83987915407855 0.0021716654105031832
140.0 0.8459214501510575 0.0021716654105031832
141.0 0.8519637462235651 0.0021716654105031832
142.0 0.8580060422960726 0.0021716654105031832
143.0 0.8640483383685802 0.0021716654105031832
144.0 0.8700906344410877 0.0021716654105031832
145.0 0.8761329305135952 0.0021716654105031832
146.0 0.8821752265861028 0.0021716654105031832
147.0 0.8882175226586103 0.0021716654105031832
148.0 0.8942598187311179 0.0021716654105031832
149.0 0.9003021148036254 0.0021716654105031832
150.0 0.9063444108761329 0.0021716654105031832
151.0 0.9123867069486405 0.0021716654105031832
152.0 0.918429003021148 0.0021716654105031832
153.0 0.9244712990936557 0.0021716654105031832
154.0 0.9305135951661632 0.0021716654105031832
155.0 0.9365558912386707 0.0021716654105031832
156.0 0.9425981873111783 0.0021716654105031832
157.0 0.948640483383686 0.0021716654105031832
158.0 0.9546827794561935 0.0021716654105031832
159.0 0.9607250755287011 0.0021716654105031832
160.0 0.9667673716012086 0.0021716654105031832
161.0 0.9728096676737161 0.0021716654105031832
162.0 0.9788519637462237 0.0021716654105031832
163.0 0.9848942598187312 0.0021716654105031832
164.0 0.9909365558912389 0.0021716654105031832
165.0 0.9969788519637464 0.0021716654105031832
166.0 1.0030211480362539 0.0021716654105031832
167.0 1.0090634441087614 0.0021716654105031832
168.0 1.015105740181269 0.0021716654105031832
169.0 1.0211480362537766 0.0021716654105031832
170.0 1.027190332326284 0.0021716654105031832
171.0 1.0332326283987916 0.0021716654105031832
172.0 1.039274924471299 0.0021716654105031832
173.0 1.0453172205438068 0.0021716654105031832
174.0 1.0513595166163143 0.0021716654105031832
175.0 1.0574018126888218 0.0021716654105031832
176.0 1.0634441087613293 0.0021716654105031832
177.0 1.0694864048338368 0.0021716654105031832
178.0 1.0755287009063446 0.0021716654105031832
179.0 1.081570996978852 0.0021716654105031832
180.0 1.0876132930513596 0.0021716654105031832
181.0 1.093655589123867 0.0021716654105031832
182.0 1.0996978851963746 0.0021716654105031832
183.0 1.1057401812688823 0.0021716654105031832
184.0 1.1117824773413898 0.0021716654105031832
185.0 1.1178247734138975 0.0021716654105031832
186.0 1.123867069486405 0.0016287490578773501
187.0 1.1299093655589125 0.0016287490578773501
188.0 1.13595166163142 0.0016287490578773501
189.0 1.1419939577039278 0.0021716654105031832
190.0 1.1480362537764353 0.0021716654105031832
191.0 1.1540785498489428 0.0021716654105031832
192.0 1.1601208459214503 0.0021716654105031832
193.0 1.1661631419939578 0.0021716654105031832
194.0 1.1722054380664655 0.0021716654105031832
195.0 1.178247734138973 0.0021716654105031832
196.0 1.1842900302114805 0.0021716654105031832
197.0 1.190332326283988 0.0016287490578773501
198.0 1.1963746223564955 0.0021716654105031832
199.0 1.2024169184290032 0.0021716654105031832
200.0 1.2084592145015107 0.0016287490578773501
201.0 1.2145015105740182 0.0016287490578773501
202.0 1.2205438066465257 0.0016287490578773501
203.0 1.2265861027190335 0.0016287490578773501
204.0 1.232628398791541 0.0016287490578773501
205.0 1.2386706948640485 0.0016287490578773501
206.0 1.244712990936556 0.0016287490578773501
207.0 1.2507552870090635 0.0016287490578773501
208.0 1.2567975830815712 0.0016287490578773501
209.0 1.2628398791540787 0.0016287490578773501
210.0 1.2688821752265862 0.0016287490578773501
211.0 1.2749244712990937 0.0016287490578773501
212.0 1.2809667673716012 0.0016287490578773501
213.0 1.287009063444109 0.0016287490578773501
214.0 1.2930513595166166 0.0016287490578773501
215.0 1.2990936555891242 0.0016287490578773501
216.0 1.3051359516616317 0.0016287490578773501
217.0 1.3111782477341392 0.0016287490578773501
218.0 1.3172205438066467 0.0016287490578773501
219.0 1.3232628398791544 0.0016287490578773501
220.0 1.3293051359516619 0.0016287490578773501
221.0 1.3353474320241694 0.0016287490578773501
222.0 1.341389728096677 0.0016287490578773501
223.0 1.3474320241691844 0.0016287490578773501
224.0 1.3534743202416921 0.0016287490578773501
225.0 1.3595166163141996 0.0016287490578773501
226.0 1.3655589123867071 0.0016287490578773501
227.0 1.3716012084592146 0.0016287490578773501
228.0 1.3776435045317221 0.0016287490578773501
229.0 1.3836858006042299 0.0016287490578773501
230.0 1.3897280966767374 0.0016287490578773501
231.0 1.3957703927492449 0.0016287490578773501
232.0 1.4018126888217524 0.0016287490578773501
233.0 1.4078549848942599 0.0016287490578773501
234.0 1.4138972809667676 0.0016287490578773501
235.0 1.419939577039275 0.0016287490578773501
236.0 1.4259818731117826 0.0016287490578773501
237.0 1.43202416918429 0.0016287490578773501
238.0 1.4380664652567976 0.0016287490578773501
239.0 1.4441087613293053 0.0016287490578773501
240.0 1.4501510574018128 0.0016287490578773501
241.0 1.4561933534743203 0.0016287490578773501
242.0 1.462235649546828 0.0016287490578773501
243.0 1.4682779456193356 0.0016287490578773501
244.0 1.474320241691843 0.0016287490578773501
245.0 1.4803625377643508 0.0016287490578773501
246.0 1.4864048338368583 0.0016287490578773501
247.0 1.4924471299093658 0.0016287490578773501
248.0 1.4984894259818733 0.0016287490578773501
249.0 1.5045317220543808 0.0016287490578773501
250.0 1.5105740181268885 0.0016287490578773501
251.0 1.516616314199396 0.0016287490578773501
252.0 1.5226586102719035 0.0016287490578773501
253.0 1.528700906344411 0.0016287490578773501
254.0 1.5347432024169185 0.0016287490578773501
255.0 1.5407854984894263 0.0016287490578773501
256.0 1.5468277945619338 0.0016287490578773501
257.0 1.5528700906344413 0.0016287490578773501
258.0 1.5589123867069488 0.0016287490578773501
259.0 1.5649546827794563 0.0016287490578773501
260.0 1.570996978851964 0.0016287490578773501
261.0 1.5770392749244715 0.0016287490578773501
262.0 1.583081570996979 0.0016287490578773501
263.0 1.5891238670694865 0.0016287490578773501
264.0 1.595166163141994 0.0016287490578773501
265.0 1.6012084592145017 0.0016287490578773501
266.0 1.6072507552870094 0.0016287490578773501
267.0 1.6132930513595167 0.0016287490578773501
268.0 1.6193353474320245 0.0016287490578773501
269.0 1.6253776435045317 0.0016287490578773501
270.0 1.6314199395770395 0.0016287490578773501
271.0 1.637462235649547 0.0016287490578773501
272.0 1.6435045317220547 0.0016287490578773501
273.0 1.649546827794562 0.0016287490578773501
274.0 1.6555891238670697 0.0016287490578773501
275.0 1.6616314199395772 0.0016287490578773501
276.0 1.667673716012085 0.0016287490578773501
277.0 1.6737160120845922 0.0016287490578773501
278.0 1.6797583081571 0.0016287490578773501
279.0 1.6858006042296072 0.0016287490578773501
280.0 1.691842900302115 0.0016287490578773501
281.0 1.6978851963746224 0.0016287490578773501
282.0 1.7039274924471302 0.0016287490578773501
283.0 1.7099697885196374 0.0016287490578773501
284.0 1.7160120845921452 0.0016287490578773501
285.0 1.7220543806646529 0.0016287490578773501
286.0 1.7280966767371604 0.0016287490578773501
287.0 1.7341389728096681 0.0016287490578773501
288.0 1.7401812688821754 0.0016287490578773501
289.0 1.7462235649546831 0.0016287490578773501
290.0 1.7522658610271904 0.0016287490578773501
291.0 1.7583081570996981 0.0016287490578773501
292.0 1.7643504531722056 0.0016287490578773501
293.0 1.7703927492447133 0.0016287490578773501
294.0 1.7764350453172206 0.0016287490578773501
295.0 1.7824773413897284 0.0016287490578773501
296.0 1.7885196374622359 0.0016287490578773501
297.0 1.7945619335347436 0.0016287490578773501
298.0 1.8006042296072509 0.0016287490578773501
299.0 1.8066465256797586 0.0016287490578773501
300.0 1.8126888217522659 0.0016287490578773501
301.0 1.8187311178247736 0.0016287490578773501
302.0 1.824773413897281 0.0016287490578773501
303.0 1.8308157099697888 0.0016287490578773501
304.0 1.836858006042296 0.0016287490578773501
305.0 1.8429003021148038 0.0016287490578773501
306.0 1.8489425981873113 0.0016287490578773501
307.0 1.854984894259819 0.0016287490578773501
308.0 1.8610271903323263 0.0016287490578773501
309.0 1.867069486404834 0.0016287490578773501
310.0 1.8731117824773413 0.0016287490578773501
311.0 1.879154078549849 0.0016287490578773501
312.0 1.8851963746223566 0.0016287490578773501
313.0 1.8912386706948643 0.0016287490578773501
314.0 1.897280966767372 0.0016287490578773501
315.0 1.9033232628398793 0.0016287490578773501
316.0 1.909365558912387 0.0016287490578773501
317.0 1.9154078549848945 0.0016287490578773501
318.0 1.9214501510574022 0.0016287490578773501
319.0 1.9274924471299095 0.0016287490578773501
320.0 1.9335347432024172 0.0016287490578773501
321.0 1.9395770392749245 0.0016287490578773501
322.0 1.9456193353474323 0.0016287490578773501
323.0 1.9516616314199398 0.0016287490578773501
324.0 1.9577039274924475 0.0016287490578773501
325.0 1.9637462235649548 0.0016287490578773501
326.0 1.9697885196374625 0.0016287490578773501
327.0 1.97583081570997 0.0016287490578773501
328.0 1.9818731117824777 0.0016287490578773501
329.0 1.987915407854985 0.0016287490578773501
330.0 1.9939577039274927 0.0016287490578773501
331.0 2.0 0.0016287490578773501
332.0 2.0060422960725077 0.0016287490578773501
333.0 2.012084592145015 0.0016287490578773501
334.0 2.0181268882175227 0.0016287490578773501
335.0 2.0241691842900305 0.0016287490578773501
336.0 2.030211480362538 0.0016287490578773501
337.0 2.0362537764350455 0.0016287490578773501
338.0 2.042296072507553 0.0016287490578773501
339.0 2.0483383685800605 0.0016287490578773501
340.0 2.054380664652568 0.0016287490578773501
341.0 2.0604229607250755 0.0016287490578773501
342.0 2.066465256797583 0.0016287490578773501
343.0 2.072507552870091 0.0016287490578773501
344.0 2.078549848942598 0.0016287490578773501
345.0 2.084592145015106 0.0016287490578773501
346.0 2.0906344410876136 0.0016287490578773501
347.0 2.0966767371601214 0.0016287490578773501
348.0 2.1027190332326287 0.0016287490578773501
349.0 2.1087613293051364 0.0016287490578773501
350.0 2.1148036253776437 0.0016287490578773501
351.0 2.1208459214501514 0.0016287490578773501
352.0 2.1268882175226587 0.0016287490578773501
353.0 2.1329305135951664 0.0016287490578773501
354.0 2.1389728096676737 0.0016287490578773501
355.0 2.1450151057401814 0.0016287490578773501
356.0 2.151057401812689 0.0016287490578773501
357.0 2.157099697885197 0.0016287490578773501
358.0 2.163141993957704 0.0016287490578773501
359.0 2.169184290030212 0.0016287490578773501
360.0 2.175226586102719 0.0016287490578773501
361.0 2.181268882175227 0.0016287490578773501
362.0 2.187311178247734 0.0016287490578773501
363.0 2.193353474320242 0.0016287490578773501
364.0 2.199395770392749 0.0016287490578773501
365.0 2.205438066465257 0.0016287490578773501
366.0 2.2114803625377646 0.0016287490578773501
367.0 2.2175226586102723 0.0016287490578773501
368.0 2.2235649546827796 0.0016287490578773501
369.0 2.2296072507552873 0.0016287490578773501
370.0 2.235649546827795 0.0016287490578773501
371.0 2.2416918429003023 0.0016287490578773501
372.0 2.24773413897281 0.0016287490578773501
373.0 2.2537764350453173 0.0016287490578773501
374.0 2.259818731117825 0.0016287490578773501
375.0 2.2658610271903323 0.0016287490578773501
376.0 2.27190332326284 0.0016287490578773501
377.0 2.277945619335348 0.0016287490578773501
378.0 2.2839879154078555 0.0016287490578773501
379.0 2.290030211480363 0.0016287490578773501
380.0 2.2960725075528705 0.0016287490578773501
381.0 2.302114803625378 0.0016287490578773501
382.0 2.3081570996978855 0.0016287490578773501
383.0 2.314199395770393 0.0016287490578773501
384.0 2.3202416918429005 0.0016287490578773501
385.0 2.326283987915408 0.0016287490578773501
386.0 2.3323262839879155 0.0016287490578773501
387.0 2.3383685800604233 0.0016287490578773501
388.0 2.344410876132931 0.0016287490578773501
389.0 2.3504531722054383 0.0016287490578773501
390.0 2.356495468277946 0.0016287490578773501
391.0 2.3625377643504533 0.0016287490578773501
392.0 2.368580060422961 0.0016287490578773501
393.0 2.3746223564954683 0.0016287490578773501
394.0 2.380664652567976 0.0016287490578773501
395.0 2.3867069486404833 0.0016287490578773501
396.0 2.392749244712991 0.0016287490578773501
397.0 2.3987915407854987 0.0016287490578773501
398.0 2.4048338368580064 0.0016287490578773501
399.0 2.410876132930514 0.0016287490578773501
400.0 2.4169184290030215 0.0016287490578773501
401.0 2.422960725075529 0.0016287490578773501
402.0 2.4290030211480365 0.0016287490578773501
403.0 2.435045317220544 0.0016287490578773501
404.0 2.4410876132930515 0.0010858327052516664
405.0 2.447129909365559 0.0016287490578773501
406.0 2.453172205438067 0.0010858327052516664
407.0 2.4592145015105746 0.0010858327052516664
408.0 2.465256797583082 0.0016287490578773501
409.0 2.4712990936555896 0.0016287490578773501
410.0 2.477341389728097 0.0010858327052516664
411.0 2.4833836858006046 0.0010858327052516664
412.0 2.489425981873112 0.0010858327052516664
413.0 2.4954682779456197 0.0010858327052516664
414.0 2.501510574018127 0.0010858327052516664
415.0 2.5075528700906347 0.0010858327052516664
416.0 2.5135951661631424 0.0010858327052516664
417.0 2.51963746223565 0.0010858327052516664
418.0 2.5256797583081574 0.0010858327052516664
419.0 2.531722054380665 0.0010858327052516664
420.0 2.5377643504531724 0.0010858327052516664
421.0 2.54380664652568 0.0010858327052516664
422.0 2.5498489425981874 0.0010858327052516664
423.0 2.555891238670695 0.0010858327052516664
424.0 2.5619335347432024 0.0010858327052516664
425.0 2.56797583081571 0.0010858327052516664
426.0 2.574018126888218 0.0010858327052516664
427.0 2.5800604229607256 0.0010858327052516664
428.0 2.5861027190332333 0.0010858327052516664
429.0 2.5921450151057406 0.0010858327052516664
430.0 2.5981873111782483 0.0010858327052516664
431.0 2.6042296072507556 0.0010858327052516664
432.0 2.6102719033232633 0.0010858327052516664
433.0 2.6163141993957706 0.0010858327052516664
434.0 2.6223564954682783 0.0010858327052516664
435.0 2.6283987915407856 0.0010858327052516664
436.0 2.6344410876132933 0.0010858327052516664
437.0 2.640483383685801 0.0010858327052516664
438.0 2.6465256797583088 0.0010858327052516664
439.0 2.652567975830816 0.0010858327052516664
440.0 2.6586102719033238 0.0010858327052516664
441.0 2.664652567975831 0.0010858327052516664
442.0 2.670694864048339 0.0010858327052516664
443.0 2.676737160120846 0.0010858327052516664
444.0 2.682779456193354 0.0010858327052516664
445.0 2.688821752265861 0.0010858327052516664
446.0 2.694864048338369 0.0010858327052516664
447.0 2.7009063444108765 0.0010858327052516664
448.0 2.7069486404833842 0.0010858327052516664
449.0 2.7129909365558915 0.0010858327052516664
450.0 2.7190332326283992 0.0010858327052516664
451.0 2.7250755287009065 0.0010858327052516664
452.0 2.7311178247734142 0.0010858327052516664
453.0 2.7371601208459215 0.0010858327052516664
454.0 2.7432024169184293 0.0010858327052516664
455.0 2.7492447129909365 0.0010858327052516664
456.0 2.7552870090634443 0.0010858327052516664
457.0 2.761329305135952 0.0010858327052516664
458.0 2.7673716012084597 0.0010858327052516664
459.0 2.7734138972809674 0.0010858327052516664
460.0 2.7794561933534747 0.0010858327052516664
461.0 2.7854984894259824 0.0010858327052516664
462.0 2.7915407854984897 0.0010858327052516664
463.0 2.7975830815709974 0.0010858327052516664
464.0 2.8036253776435047 0.0010858327052516664
465.0 2.8096676737160124 0.0010858327052516664
466.0 2.8157099697885197 0.0010858327052516664
467.0 2.8217522658610275 0.0010858327052516664
468.0 2.827794561933535 0.0010858327052516664
469.0 2.833836858006043 0.0010858327052516664
470.0 2.83987915407855 0.0010858327052516664
471.0 2.845921450151058 0.0010858327052516664
472.0 2.851963746223565 0.0010858327052516664
473.0 2.858006042296073 0.0010858327052516664
474.0 2.86404833836858 0.0010858327052516664
475.0 2.870090634441088 0.0010858327052516664
476.0 2.876132930513595 0.0010858327052516664
477.0 2.882175226586103 0.0010858327052516664
478.0 2.8882175226586106 0.0010858327052516664
479.0 2.8942598187311184 0.0010858327052516664
480.0 2.9003021148036257 0.0010858327052516664
481.0 2.9063444108761334 0.0010858327052516664
482.0 2.9123867069486407 0.0010858327052516664
483.0 2.9184290030211484 0.0010858327052516664
484.0 2.924471299093656 0.0010858327052516664
485.0 2.9305135951661634 0.0010858327052516664
486.0 2.936555891238671 0.0010858327052516664
487.0 2.9425981873111784 0.0010858327052516664
488.0 2.948640483383686 0.0010858327052516664
489.0 2.954682779456194 0.0010858327052516664
490.0 2.9607250755287016 0.0010858327052516664
491.0 2.966767371601209 0.0010858327052516664
492.0 2.9728096676737166 0.0010858327052516664
493.0 2.978851963746224 0.0010858327052516664
494.0 2.9848942598187316 0.0010858327052516664
495.0 2.990936555891239 0.0010858327052516664
496.0 2.9969788519637466 0.0010858327052516664
497.0 3.003021148036254 0.0010858327052516664
498.0 3.0090634441087616 0.0010858327052516664
499.0 3.0151057401812693 0.0010858327052516664
500.0 3.021148036253777 0.0010858327052516664
501.0 3.0271903323262843 0.0010858327052516664
502.0 3.033232628398792 0.0010858327052516664
503.0 3.0392749244712993 0.0010858327052516664
504.0 3.045317220543807 0.0010858327052516664
505.0 3.0513595166163143 0.0010858327052516664
506.0 3.057401812688822 0.0010858327052516664
507.0 3.0634441087613293 0.0010858327052516664
508.0 3.069486404833837 0.0010858327052516664
509.0 3.075528700906345 0.0010858327052516664
510.0 3.0815709969788525 0.0010858327052516664
511.0 3.08761329305136 0.0010858327052516664
512.0 3.0936555891238675 0.0010858327052516664
513.0 3.0996978851963752 0.0010858327052516664
514.0 3.1057401812688825 0.0010858327052516664
515.0 3.1117824773413902 0.0010858327052516664
516.0 3.1178247734138975 0.0010858327052516664
517.0 3.1238670694864052 0.0010858327052516664
518.0 3.1299093655589125 0.0010858327052516664
519.0 3.1359516616314203 0.0010858327052516664
520.0 3.141993957703928 0.0010858327052516664
521.0 3.1480362537764357 0.0010858327052516664
522.0 3.154078549848943 0.0010858327052516664
523.0 3.1601208459214507 0.0010858327052516664
524.0 3.166163141993958 0.0010858327052516664
525.0 3.1722054380664657 0.0010858327052516664
526.0 3.178247734138973 0.0010858327052516664
527.0 3.1842900302114807 0.0010858327052516664
528.0 3.190332326283988 0.0010858327052516664
529.0 3.1963746223564957 0.0010858327052516664
530.0 3.2024169184290034 0.0010858327052516664
531.0 3.208459214501511 0.0010858327052516664
532.0 3.214501510574019 0.0010858327052516664
533.0 3.2205438066465257 0.0010858327052516664
534.0 3.2265861027190335 0.0010858327052516664
535.0 3.232628398791541 0.0010858327052516664
536.0 3.238670694864049 0.0010858327052516664
537.0 3.2447129909365557 0.0010858327052516664
538.0 3.2507552870090635 0.0010858327052516664
539.0 3.256797583081571 0.0010858327052516664
540.0 3.262839879154079 0.0010858327052516664
541.0 3.2688821752265866 0.0010858327052516664
542.0 3.274924471299094 0.0010858327052516664
543.0 3.2809667673716016 0.0010858327052516664
544.0 3.2870090634441094 0.0010858327052516664
545.0 3.293051359516617 0.0010858327052516664
546.0 3.299093655589124 0.0010858327052516664
547.0 3.3051359516616317 0.0010858327052516664
548.0 3.3111782477341394 0.0010858327052516664
549.0 3.317220543806647 0.0010858327052516664
550.0 3.3232628398791544 0.0010858327052516664
551.0 3.329305135951662 0.0010858327052516664
552.0 3.33534743202417 0.0010858327052516664
553.0 3.3413897280966776 0.0010858327052516664
554.0 3.3474320241691844 0.0010858327052516664
555.0 3.353474320241692 0.0010858327052516664
556.0 3.3595166163142 0.0010858327052516664
557.0 3.3655589123867076 0.0010858327052516664
558.0 3.3716012084592144 0.0010858327052516664
559.0 3.377643504531722 0.0010858327052516664
560.0 3.38368580060423 0.0010858327052516664
561.0 3.3897280966767376 0.0010858327052516664
562.0 3.395770392749245 0.0010858327052516664
563.0 3.4018126888217526 0.0010858327052516664
564.0 3.4078549848942603 0.0010858327052516664
565.0 3.413897280966768 0.0010858327052516664
566.0 3.419939577039275 0.0010858327052516664
567.0 3.4259818731117826 0.0010858327052516664
568.0 3.4320241691842903 0.0010858327052516664
569.0 3.438066465256798 0.0010858327052516664
570.0 3.4441087613293058 0.0010858327052516664
571.0 3.450151057401813 0.0010858327052516664
572.0 3.4561933534743208 0.0010858327052516664
573.0 3.4622356495468285 0.0010858327052516664
574.0 3.4682779456193362 0.0010858327052516664
575.0 3.474320241691843 0.0010858327052516664
576.0 3.480362537764351 0.0010858327052516664
577.0 3.4864048338368585 0.0010858327052516664
578.0 3.4924471299093662 0.0010858327052516664
579.0 3.498489425981873 0.0010858327052516664
580.0 3.504531722054381 0.0010858327052516664
581.0 3.5105740181268885 0.0010858327052516664
582.0 3.5166163141993962 0.0010858327052516664
583.0 3.5226586102719035 0.0010858327052516664
584.0 3.5287009063444112 0.0010858327052516664
585.0 3.534743202416919 0.0010858327052516664
586.0 3.5407854984894267 0.0010858327052516664
587.0 3.5468277945619335 0.0010858327052516664
588.0 3.5528700906344413 0.0010858327052516664
589.0 3.558912386706949 0.0010858327052516664
590.0 3.5649546827794567 0.0010858327052516664
591.0 3.570996978851964 0.0010858327052516664
592.0 3.5770392749244717 0.0010858327052516664
593.0 3.5830815709969794 0.0010858327052516664
594.0 3.589123867069487 0.0010858327052516664
595.0 3.595166163141994 0.0010858327052516664
596.0 3.6012084592145017 0.0010858327052516664
597.0 3.6072507552870094 0.0010858327052516664
598.0 3.613293051359517 0.0010858327052516664
599.0 3.619335347432025 0.0010858327052516664
600.0 3.6253776435045317 0.0010858327052516664
601.0 3.6314199395770395 0.0010858327052516664
602.0 3.637462235649547 0.0010858327052516664
603.0 3.643504531722055 0.0010858327052516664
604.0 3.649546827794562 0.0010858327052516664
605.0 3.65558912386707 0.0010858327052516664
606.0 3.6616314199395776 0.0010858327052516664
607.0 3.6676737160120854 0.0010858327052516664
608.0 3.673716012084592 0.0010858327052516664
609.0 3.6797583081571 0.0010858327052516664
610.0 3.6858006042296076 0.0010858327052516664
611.0 3.6918429003021154 0.0010858327052516664
612.0 3.6978851963746227 0.0010858327052516664
613.0 3.7039274924471304 0.0010858327052516664
614.0 3.709969788519638 0.0010858327052516664
615.0 3.716012084592146 0.0010858327052516664
616.0 3.7220543806646527 0.0010858327052516664
617.0 3.7280966767371604 0.0010858327052516664
618.0 3.734138972809668 0.0010858327052516664
619.0 3.740181268882176 0.0010858327052516664
620.0 3.7462235649546827 0.0010858327052516664
621.0 3.7522658610271904 0.0010858327052516664
622.0 3.758308157099698 0.0010858327052516664
623.0 3.764350453172206 0.0010858327052516664
624.0 3.770392749244713 0.0010858327052516664
625.0 3.776435045317221 0.0010858327052516664
626.0 3.7824773413897286 0.0010858327052516664
627.0 3.7885196374622363 0.0010858327052516664
628.0 3.794561933534744 0.0010858327052516664
629.0 3.800604229607251 0.0010858327052516664
630.0 3.8066465256797586 0.0010858327052516664
631.0 3.8126888217522663 0.0010858327052516664
632.0 3.818731117824774 0.0010858327052516664
633.0 3.8247734138972813 0.0010858327052516664
634.0 3.830815709969789 0.0010858327052516664
635.0 3.8368580060422968 0.0010858327052516664
636.0 3.8429003021148045 0.0010858327052516664
637.0 3.8489425981873113 0.0010858327052516664
638.0 3.854984894259819 0.0010858327052516664
639.0 3.8610271903323268 0.0010858327052516664
640.0 3.8670694864048345 0.0010858327052516664
641.0 3.8731117824773413 0.0010858327052516664
642.0 3.879154078549849 0.0010858327052516664
643.0 3.885196374622357 0.0010858327052516664
644.0 3.8912386706948645 0.0010858327052516664
645.0 3.897280966767372 0.0010858327052516664
646.0 3.9033232628398795 0.0010858327052516664
647.0 3.9093655589123872 0.0010858327052516664
648.0 3.915407854984895 0.0010858327052516664
649.0 3.921450151057402 0.0010858327052516664
650.0 3.9274924471299095 0.0010858327052516664
651.0 3.9335347432024172 0.0010858327052516664
652.0 3.939577039274925 0.0010858327052516664
653.0 3.9456193353474323 0.0010858327052516664
654.0 3.95166163141994 0.0010858327052516664
655.0 3.9577039274924477 0.0010858327052516664
656.0 3.9637462235649554 0.0010858327052516664
657.0 3.969788519637463 0.0010858327052516664
658.0 3.97583081570997 0.0010858327052516664
659.0 3.9818731117824777 0.0010858327052516664
660.0 3.9879154078549854 0.0010858327052516664
661.0 3.993957703927493 0.0010858327052516664
662.0 4.0 0.0010858327052516664
663.0 4.006042296072508 0.0010858327052516664
664.0 4.0120845921450154 0.0010858327052516664
665.0 4.018126888217523 0.0010858327052516664
666.0 4.02416918429003 0.0010858327052516664
667.0 4.030211480362538 0.0010858327052516664
668.0 4.0362537764350455 0.0010858327052516664
669.0 4.042296072507553 0.0010858327052516664
670.0 4.048338368580061 0.0010858327052516664
671.0 4.054380664652569 0.0010858327052516664
672.0 4.060422960725076 0.0010858327052516664
673.0 4.066465256797584 0.0010858327052516664
674.0 4.072507552870091 0.0010858327052516664
675.0 4.078549848942599 0.0010858327052516664
676.0 4.084592145015106 0.0010858327052516664
677.0 4.090634441087614 0.0010858327052516664
678.0 4.096676737160121 0.0010858327052516664
679.0 4.102719033232629 0.0010858327052516664
680.0 4.108761329305136 0.0010858327052516664
681.0 4.114803625377644 0.0010858327052516664
682.0 4.120845921450151 0.0010858327052516664
683.0 4.126888217522659 0.0010858327052516664
684.0 4.132930513595166 0.0010858327052516664
685.0 4.138972809667674 0.0010858327052516664
686.0 4.145015105740182 0.0010858327052516664
687.0 4.151057401812689 0.0010858327052516664
688.0 4.157099697885196 0.0010858327052516664
689.0 4.163141993957704 0.0010858327052516664
690.0 4.169184290030212 0.0010858327052516664
691.0 4.17522658610272 0.0010858327052516664
692.0 4.181268882175227 0.0010858327052516664
693.0 4.187311178247735 0.0010858327052516664
694.0 4.193353474320243 0.0010858327052516664
695.0 4.19939577039275 0.0010858327052516664
696.0 4.205438066465257 0.0010858327052516664
697.0 4.211480362537765 0.0010858327052516664
698.0 4.217522658610273 0.0010858327052516664
699.0 4.22356495468278 0.0010858327052516664
700.0 4.229607250755287 0.0010858327052516664
701.0 4.235649546827795 0.0010858327052516664
702.0 4.241691842900303 0.0010858327052516664
703.0 4.24773413897281 0.0010858327052516664
704.0 4.253776435045317 0.0010858327052516664
705.0 4.259818731117825 0.0010858327052516664
706.0 4.265861027190333 0.0010858327052516664
707.0 4.27190332326284 0.0010858327052516664
708.0 4.277945619335347 0.0010858327052516664
709.0 4.283987915407855 0.0010858327052516664
710.0 4.290030211480363 0.0010858327052516664
711.0 4.2960725075528705 0.0010858327052516664
712.0 4.302114803625378 0.0010858327052516664
713.0 4.308157099697886 0.0010858327052516664
714.0 4.314199395770394 0.0010858327052516664
715.0 4.320241691842901 0.0010858327052516664
716.0 4.326283987915408 0.0010858327052516664
717.0 4.332326283987916 0.0010858327052516664
718.0 4.338368580060424 0.0010858327052516664
719.0 4.344410876132931 0.0010858327052516664
720.0 4.350453172205438 0.0010858327052516664
721.0 4.356495468277946 0.0010858327052516664
722.0 4.362537764350454 0.0010858327052516664
723.0 4.368580060422961 0.0010858327052516664
724.0 4.374622356495468 0.0010858327052516664
725.0 4.380664652567976 0.0010858327052516664
726.0 4.386706948640484 0.0010858327052516664
727.0 4.392749244712991 0.0010858327052516664
728.0 4.398791540785498 0.0010858327052516664
729.0 4.404833836858006 0.0010858327052516664
730.0 4.410876132930514 0.0010858327052516664
731.0 4.4169184290030215 0.0010858327052516664
732.0 4.422960725075529 0.0010858327052516664
733.0 4.429003021148037 0.0010858327052516664
734.0 4.435045317220545 0.0010858327052516664
735.0 4.441087613293052 0.0010858327052516664
736.0 4.447129909365559 0.0010858327052516664
737.0 4.453172205438067 0.0010858327052516664
738.0 4.459214501510575 0.0010858327052516664
739.0 4.465256797583082 0.0010858327052516664
740.0 4.47129909365559 0.0010858327052516664
741.0 4.477341389728097 0.0010858327052516664
742.0 4.483383685800605 0.0010858327052516664
743.0 4.489425981873112 0.0010858327052516664
744.0 4.49546827794562 0.0010858327052516664
745.0 4.501510574018127 0.0010858327052516664
746.0 4.507552870090635 0.0010858327052516664
747.0 4.513595166163142 0.0010858327052516664
748.0 4.51963746223565 0.0010858327052516664
749.0 4.525679758308157 0.0010858327052516664
750.0 4.531722054380665 0.0010858327052516664
751.0 4.537764350453172 0.0010858327052516664
752.0 4.54380664652568 0.0010858327052516664
753.0 4.549848942598188 0.0010858327052516664
754.0 4.555891238670696 0.0010858327052516664
755.0 4.561933534743203 0.0010858327052516664
756.0 4.567975830815711 0.0010858327052516664
757.0 4.574018126888218 0.0010858327052516664
758.0 4.580060422960726 0.0010858327052516664
759.0 4.586102719033233 0.0010858327052516664
760.0 4.592145015105741 0.0010858327052516664
761.0 4.598187311178248 0.0010858327052516664
762.0 4.604229607250756 0.0010858327052516664
763.0 4.610271903323263 0.0010858327052516664
764.0 4.616314199395771 0.0010858327052516664
765.0 4.622356495468278 0.0010858327052516664
766.0 4.628398791540786 0.0010858327052516664
767.0 4.634441087613293 0.0010858327052516664
768.0 4.640483383685801 0.0010858327052516664
769.0 4.646525679758309 0.0010858327052516664
770.0 4.652567975830816 0.0010858327052516664
771.0 4.658610271903323 0.0010858327052516664
772.0 4.664652567975831 0.0010858327052516664
773.0 4.670694864048339 0.0010858327052516664
774.0 4.6767371601208465 0.0010858327052516664
775.0 4.682779456193354 0.0010858327052516664
776.0 4.688821752265862 0.0010858327052516664
777.0 4.69486404833837 0.0010858327052516664
778.0 4.7009063444108765 0.0010858327052516664
779.0 4.706948640483384 0.0010858327052516664
780.0 4.712990936555892 0.0010858327052516664
781.0 4.7190332326284 0.0010858327052516664
782.0 4.7250755287009065 0.0010858327052516664
783.0 4.731117824773414 0.0010858327052516664
784.0 4.737160120845922 0.0010858327052516664
785.0 4.74320241691843 0.0010858327052516664
786.0 4.7492447129909365 0.0010858327052516664
787.0 4.755287009063444 0.0010858327052516664
788.0 4.761329305135952 0.0010858327052516664
789.0 4.76737160120846 0.0010858327052516664
790.0 4.7734138972809665 0.0010858327052516664
791.0 4.779456193353474 0.0010858327052516664
792.0 4.785498489425982 0.0010858327052516664
793.0 4.79154078549849 0.0010858327052516664
794.0 4.797583081570997 0.0010858327052516664
795.0 4.803625377643505 0.0010858327052516664
796.0 4.809667673716013 0.0010858327052516664
797.0 4.815709969788521 0.0010858327052516664
798.0 4.821752265861028 0.0010858327052516664
799.0 4.827794561933535 0.0010858327052516664
800.0 4.833836858006043 0.0010858327052516664
801.0 4.839879154078551 0.0010858327052516664
802.0 4.845921450151058 0.0010858327052516664
803.0 4.851963746223565 0.0010858327052516664
804.0 4.858006042296073 0.0010858327052516664
805.0 4.864048338368581 0.0010858327052516664
806.0 4.870090634441088 0.0010858327052516664
807.0 4.876132930513595 0.0010858327052516664
808.0 4.882175226586103 0.0010858327052516664
809.0 4.888217522658611 0.0010858327052516664
810.0 4.894259818731118 0.0010858327052516664
811.0 4.900302114803626 0.0010858327052516664
812.0 4.906344410876134 0.0010858327052516664
813.0 4.9123867069486415 0.0010858327052516664
814.0 4.918429003021149 0.0010858327052516664
815.0 4.924471299093656 0.0010858327052516664
816.0 4.930513595166164 0.0010858327052516664
817.0 4.936555891238672 0.0010858327052516664
818.0 4.942598187311179 0.0010858327052516664
819.0 4.948640483383686 0.0010858327052516664
820.0 4.954682779456194 0.0010858327052516664
821.0 4.960725075528702 0.0010858327052516664
822.0 4.966767371601209 0.0010858327052516664
823.0 4.972809667673716 0.0010858327052516664
824.0 4.978851963746224 0.0010858327052516664
825.0 4.984894259818732 0.0010858327052516664
826.0 4.990936555891239 0.0010858327052516664
827.0 4.996978851963747 0.0010858327052516664
828.0 5.003021148036254 0.0010858327052516664
829.0 5.009063444108762 0.0010858327052516664
830.0 5.015105740181269 0.0010858327052516664
831.0 5.021148036253777 0.0010858327052516664
832.0 5.027190332326285 0.0010858327052516664
833.0 5.0332326283987925 0.0010858327052516664
834.0 5.0392749244713 0.0010858327052516664
835.0 5.045317220543808 0.0010858327052516664
836.0 5.051359516616315 0.0010858327052516664
837.0 5.0574018126888225 0.0010858327052516664
838.0 5.06344410876133 0.0010858327052516664
839.0 5.069486404833838 0.0010858327052516664
840.0 5.075528700906345 0.0010858327052516664
841.0 5.0815709969788525 0.0010858327052516664
842.0 5.08761329305136 0.0010858327052516664
843.0 5.093655589123868 0.0010858327052516664
844.0 5.099697885196375 0.0010858327052516664
845.0 5.1057401812688825 0.0010858327052516664
846.0 5.11178247734139 0.0010858327052516664
847.0 5.117824773413898 0.0010858327052516664
848.0 5.123867069486405 0.0010858327052516664
849.0 5.1299093655589125 0.0010858327052516664
850.0 5.13595166163142 0.0010858327052516664
851.0 5.141993957703928 0.0010858327052516664
852.0 5.148036253776436 0.0010858327052516664
853.0 5.154078549848943 0.0010858327052516664
854.0 5.160120845921451 0.0010858327052516664
855.0 5.166163141993959 0.0010858327052516664
856.0 5.172205438066467 0.0010858327052516664
857.0 5.178247734138973 0.0010858327052516664
858.0 5.184290030211481 0.0010858327052516664
859.0 5.190332326283989 0.0010858327052516664
860.0 5.196374622356497 0.0010858327052516664
861.0 5.2024169184290034 0.0010858327052516664
862.0 5.208459214501511 0.0010858327052516664
863.0 5.214501510574019 0.0010858327052516664
864.0 5.220543806646527 0.0010858327052516664
865.0 5.2265861027190335 0.0010858327052516664
866.0 5.232628398791541 0.0010858327052516664
867.0 5.238670694864049 0.0005429163526258332
868.0 5.244712990936557 0.0005429163526258332
869.0 5.2507552870090635 0.0005429163526258332
870.0 5.256797583081571 0.0005429163526258332
871.0 5.262839879154079 0.0005429163526258332
872.0 5.268882175226587 0.0005429163526258332
873.0 5.274924471299094 0.0005429163526258332
874.0 5.280966767371602 0.0005429163526258332
875.0 5.28700906344411 0.0005429163526258332
876.0 5.2930513595166175 0.0005429163526258332
877.0 5.299093655589124 0.0005429163526258332
878.0 5.305135951661632 0.0005429163526258332
879.0 5.31117824773414 0.0005429163526258332
880.0 5.3172205438066475 0.0005429163526258332
881.0 5.323262839879154 0.0005429163526258332
882.0 5.329305135951662 0.0005429163526258332
883.0 5.33534743202417 0.0005429163526258332
884.0 5.341389728096678 0.0005429163526258332
885.0 5.347432024169185 0.0005429163526258332
886.0 5.353474320241692 0.0005429163526258332
887.0 5.3595166163142 0.0005429163526258332
888.0 5.365558912386708 0.0005429163526258332
889.0 5.371601208459215 0.0005429163526258332
890.0 5.377643504531722 0.0005429163526258332
891.0 5.38368580060423 0.0005429163526258332
892.0 5.389728096676738 0.0005429163526258332
893.0 5.395770392749245 0.0005429163526258332
894.0 5.401812688821753 0.0005429163526258332
895.0 5.407854984894261 0.0005429163526258332
896.0 5.4138972809667685 0.0005429163526258332
897.0 5.419939577039276 0.0005429163526258332
898.0 5.425981873111783 0.0005429163526258332
899.0 5.432024169184291 0.0005429163526258332
900.0 5.4380664652567985 0.0005429163526258332
901.0 5.444108761329306 0.0005429163526258332
902.0 5.450151057401813 0.0005429163526258332
903.0 5.456193353474321 0.0005429163526258332
904.0 5.4622356495468285 0.0005429163526258332
905.0 5.468277945619336 0.0005429163526258332
906.0 5.474320241691843 0.0005429163526258332
907.0 5.480362537764351 0.0005429163526258332
908.0 5.4864048338368585 0.0005429163526258332
909.0 5.492447129909366 0.0005429163526258332
910.0 5.498489425981873 0.0005429163526258332
911.0 5.504531722054381 0.0005429163526258332
912.0 5.5105740181268885 0.0005429163526258332
913.0 5.516616314199396 0.0005429163526258332
914.0 5.522658610271904 0.0005429163526258332
915.0 5.528700906344412 0.0005429163526258332
916.0 5.534743202416919 0.0005429163526258332
917.0 5.540785498489427 0.0005429163526258332
918.0 5.546827794561935 0.0005429163526258332
919.0 5.552870090634442 0.0005429163526258332
920.0 5.558912386706949 0.0005429163526258332
921.0 5.564954682779457 0.0005429163526258332
922.0 5.570996978851965 0.0005429163526258332
923.0 5.577039274924472 0.0005429163526258332
924.0 5.583081570996979 0.0005429163526258332
925.0 5.589123867069487 0.0005429163526258332
926.0 5.595166163141995 0.0005429163526258332
927.0 5.601208459214502 0.0005429163526258332
928.0 5.6072507552870094 0.0005429163526258332
929.0 5.613293051359517 0.0005429163526258332
930.0 5.619335347432025 0.0005429163526258332
931.0 5.625377643504532 0.0005429163526258332
932.0 5.6314199395770395 0.0005429163526258332
933.0 5.637462235649547 0.0005429163526258332
934.0 5.643504531722055 0.0005429163526258332
935.0 5.649546827794563 0.0005429163526258332
936.0 5.65558912386707 0.0005429163526258332
937.0 5.661631419939578 0.0005429163526258332
938.0 5.667673716012086 0.0005429163526258332
939.0 5.6737160120845935 0.0005429163526258332
940.0 5.6797583081571 0.0005429163526258332
941.0 5.685800604229608 0.0005429163526258332
942.0 5.691842900302116 0.0005429163526258332
943.0 5.6978851963746235 0.0005429163526258332
944.0 5.70392749244713 0.0005429163526258332
945.0 5.709969788519638 0.0005429163526258332
946.0 5.716012084592146 0.0005429163526258332
947.0 5.7220543806646536 0.0005429163526258332
948.0 5.72809667673716 0.0005429163526258332
949.0 5.734138972809668 0.0005429163526258332
950.0 5.740181268882176 0.0005429163526258332
951.0 5.746223564954684 0.0005429163526258332
952.0 5.75226586102719 0.0005429163526258332
953.0 5.758308157099698 0.0005429163526258332
954.0 5.764350453172206 0.0005429163526258332
955.0 5.770392749244714 0.0005429163526258332
956.0 5.776435045317221 0.0005429163526258332
957.0 5.782477341389729 0.0005429163526258332
958.0 5.788519637462237 0.0005429163526258332
959.0 5.7945619335347445 0.0005429163526258332
960.0 5.800604229607251 0.0005429163526258332
961.0 5.806646525679759 0.0005429163526258332
962.0 5.812688821752267 0.0005429163526258332
963.0 5.8187311178247745 0.0005429163526258332
964.0 5.824773413897281 0.0005429163526258332
965.0 5.830815709969789 0.0005429163526258332
966.0 5.836858006042297 0.0005429163526258332
967.0 5.8429003021148045 0.0005429163526258332
968.0 5.848942598187312 0.0005429163526258332
969.0 5.854984894259819 0.0005429163526258332
970.0 5.861027190332327 0.0005429163526258332
971.0 5.8670694864048345 0.0005429163526258332
972.0 5.873111782477342 0.0005429163526258332
973.0 5.879154078549849 0.0005429163526258332
974.0 5.885196374622357 0.0005429163526258332
975.0 5.8912386706948645 0.0005429163526258332
976.0 5.897280966767372 0.0005429163526258332
977.0 5.90332326283988 0.0005429163526258332
978.0 5.909365558912388 0.0005429163526258332
979.0 5.915407854984895 0.0005429163526258332
980.0 5.921450151057403 0.0005429163526258332
981.0 5.92749244712991 0.0005429163526258332
982.0 5.933534743202418 0.0005429163526258332
983.0 5.939577039274925 0.0005429163526258332
984.0 5.945619335347433 0.0005429163526258332
985.0 5.95166163141994 0.0005429163526258332
986.0 5.957703927492448 0.0005429163526258332
987.0 5.963746223564955 0.0005429163526258332
988.0 5.969788519637463 0.0005429163526258332
989.0 5.97583081570997 0.0005429163526258332
990.0 5.981873111782478 0.0005429163526258332
991.0 5.987915407854985 0.0005429163526258332
992.0 5.993957703927493 0.0005429163526258332
993.0 6.0 0.0005429163526258332
994.0 6.006042296072508 0.0005429163526258332
995.0 6.0120845921450154 0.0005429163526258332
996.0 6.018126888217523 0.0005429163526258332
997.0 6.024169184290031 0.0005429163526258332
998.0 6.030211480362539 0.0005429163526258332
999.0 6.036253776435046 0.0005429163526258332
1000.0 6.042296072507554 0.0005429163526258332
1001.0 6.048338368580062 0.0005429163526258332
1002.0 6.054380664652569 0.0005429163526258332
1003.0 6.060422960725076 0.0005429163526258332
1004.0 6.066465256797584 0.0005429163526258332
1005.0 6.072507552870092 0.0005429163526258332
1006.0 6.078549848942599 0.0005429163526258332
1007.0 6.084592145015106 0.0005429163526258332
1008.0 6.090634441087614 0.0005429163526258332
1009.0 6.096676737160122 0.0005429163526258332
1010.0 6.102719033232629 0.0005429163526258332
1011.0 6.108761329305136 0.0005429163526258332
1012.0 6.114803625377644 0.0005429163526258332
1013.0 6.120845921450152 0.0005429163526258332
1014.0 6.126888217522659 0.0005429163526258332
1015.0 6.132930513595166 0.0005429163526258332
1016.0 6.138972809667674 0.0005429163526258332
1017.0 6.145015105740182 0.0005429163526258332
1018.0 6.15105740181269 0.0005429163526258332
1019.0 6.157099697885197 0.0005429163526258332
1020.0 6.163141993957705 0.0005429163526258332
1021.0 6.169184290030213 0.0005429163526258332
1022.0 6.17522658610272 0.0005429163526258332
1023.0 6.181268882175227 0.0005429163526258332
1024.0 6.187311178247735 0.0005429163526258332
1025.0 6.193353474320243 0.0005429163526258332
1026.0 6.1993957703927505 0.0005429163526258332
1027.0 6.205438066465257 0.0005429163526258332
1028.0 6.211480362537765 0.0005429163526258332
1029.0 6.217522658610273 0.0005429163526258332
1030.0 6.2235649546827805 0.0005429163526258332
1031.0 6.229607250755287 0.0005429163526258332
1032.0 6.235649546827795 0.0005429163526258332
1033.0 6.241691842900303 0.0005429163526258332
1034.0 6.2477341389728105 0.0005429163526258332
1035.0 6.253776435045317 0.0005429163526258332
1036.0 6.259818731117825 0.0005429163526258332
1037.0 6.265861027190333 0.0005429163526258332
1038.0 6.2719033232628405 0.0005429163526258332
1039.0 6.277945619335348 0.0005429163526258332
1040.0 6.283987915407856 0.0005429163526258332
1041.0 6.290030211480364 0.0005429163526258332
1042.0 6.296072507552871 0.0005429163526258332
1043.0 6.302114803625378 0.0005429163526258332
1044.0 6.308157099697886 0.0005429163526258332
1045.0 6.314199395770394 0.0005429163526258332
1046.0 6.320241691842901 0.0005429163526258332
1047.0 6.326283987915408 0.0005429163526258332
1048.0 6.332326283987916 0.0005429163526258332
1049.0 6.338368580060424 0.0005429163526258332
1050.0 6.344410876132931 0.0005429163526258332
1051.0 6.350453172205438 0.0005429163526258332
1052.0 6.356495468277946 0.0005429163526258332
1053.0 6.362537764350454 0.0005429163526258332
1054.0 6.368580060422961 0.0005429163526258332
1055.0 6.374622356495469 0.0005429163526258332
1056.0 6.380664652567976 0.0005429163526258332
1057.0 6.386706948640484 0.0005429163526258332
1058.0 6.392749244712991 0.0005429163526258332
1059.0 6.398791540785499 0.0005429163526258332
1060.0 6.404833836858007 0.0005429163526258332
1061.0 6.410876132930515 0.0005429163526258332
1062.0 6.416918429003022 0.0005429163526258332
1063.0 6.42296072507553 0.0005429163526258332
1064.0 6.429003021148038 0.0005429163526258332
1065.0 6.4350453172205455 0.0005429163526258332
1066.0 6.4410876132930515 0.0005429163526258332
1067.0 6.447129909365559 0.0005429163526258332
1068.0 6.453172205438067 0.0005429163526258332
1069.0 6.459214501510575 0.0005429163526258332
1070.0 6.465256797583082 0.0005429163526258332
1071.0 6.47129909365559 0.0005429163526258332
1072.0 6.477341389728098 0.0005429163526258332
1073.0 6.4833836858006055 0.0005429163526258332
1074.0 6.4894259818731115 0.0005429163526258332
1075.0 6.495468277945619 0.0005429163526258332
1076.0 6.501510574018127 0.0005429163526258332
1077.0 6.507552870090635 0.0005429163526258332
1078.0 6.513595166163142 0.0005429163526258332
1079.0 6.51963746223565 0.0005429163526258332
1080.0 6.525679758308158 0.0005429163526258332
1081.0 6.5317220543806656 0.0005429163526258332
1082.0 6.537764350453173 0.0005429163526258332
1083.0 6.54380664652568 0.0005429163526258332
1084.0 6.549848942598188 0.0005429163526258332
1085.0 6.555891238670696 0.0005429163526258332
1086.0 6.561933534743203 0.0005429163526258332
1087.0 6.567975830815711 0.0005429163526258332
1088.0 6.574018126888219 0.0005429163526258332
1089.0 6.5800604229607265 0.0005429163526258332
1090.0 6.586102719033234 0.0005429163526258332
1091.0 6.59214501510574 0.0005429163526258332
1092.0 6.598187311178248 0.0005429163526258332
1093.0 6.604229607250756 0.0005429163526258332
1094.0 6.610271903323263 0.0005429163526258332
1095.0 6.616314199395771 0.0005429163526258332
1096.0 6.622356495468279 0.0005429163526258332
1097.0 6.6283987915407865 0.0005429163526258332
1098.0 6.634441087613294 0.0005429163526258332
1099.0 6.640483383685801 0.0005429163526258332
1100.0 6.646525679758309 0.0005429163526258332
1101.0 6.6525679758308165 0.0005429163526258332
1102.0 6.658610271903324 0.0005429163526258332
1103.0 6.664652567975832 0.0005429163526258332
1104.0 6.67069486404834 0.0005429163526258332
1105.0 6.676737160120847 0.0005429163526258332
1106.0 6.682779456193355 0.0005429163526258332
1107.0 6.688821752265861 0.0005429163526258332
1108.0 6.694864048338369 0.0005429163526258332
1109.0 6.7009063444108765 0.0005429163526258332
1110.0 6.706948640483384 0.0005429163526258332
1111.0 6.712990936555892 0.0005429163526258332
1112.0 6.7190332326284 0.0005429163526258332
1113.0 6.725075528700907 0.0005429163526258332
1114.0 6.731117824773415 0.0005429163526258332
1115.0 6.737160120845923 0.0005429163526258332
1116.0 6.743202416918429 0.0005429163526258332
1117.0 6.7492447129909365 0.0005429163526258332
1118.0 6.755287009063444 0.0005429163526258332
1119.0 6.761329305135952 0.0005429163526258332
1120.0 6.76737160120846 0.0005429163526258332
1121.0 6.773413897280967 0.0005429163526258332
1122.0 6.779456193353475 0.0005429163526258332
1123.0 6.785498489425983 0.0005429163526258332
1124.0 6.79154078549849 0.0005429163526258332
1125.0 6.797583081570997 0.0005429163526258332
1126.0 6.803625377643505 0.0005429163526258332
1127.0 6.809667673716013 0.0005429163526258332
1128.0 6.815709969788521 0.0005429163526258332
1129.0 6.821752265861028 0.0005429163526258332
1130.0 6.827794561933536 0.0005429163526258332
1131.0 6.833836858006044 0.0005429163526258332
1132.0 6.83987915407855 0.0005429163526258332
1133.0 6.8459214501510575 0.0005429163526258332
1134.0 6.851963746223565 0.0005429163526258332
1135.0 6.858006042296073 0.0005429163526258332
1136.0 6.864048338368581 0.0005429163526258332
1137.0 6.870090634441088 0.0005429163526258332
1138.0 6.876132930513596 0.0005429163526258332
1139.0 6.882175226586104 0.0005429163526258332
1140.0 6.8882175226586115 0.0005429163526258332
1141.0 6.894259818731118 0.0005429163526258332
1142.0 6.900302114803626 0.0005429163526258332
1143.0 6.906344410876134 0.0005429163526258332
1144.0 6.9123867069486415 0.0005429163526258332
1145.0 6.918429003021149 0.0005429163526258332
1146.0 6.924471299093657 0.0005429163526258332
1147.0 6.930513595166165 0.0005429163526258332
1148.0 6.9365558912386724 0.0005429163526258332
1149.0 6.942598187311178 0.0005429163526258332
1150.0 6.948640483383686 0.0005429163526258332
1151.0 6.954682779456194 0.0005429163526258332
1152.0 6.960725075528702 0.0005429163526258332
1153.0 6.966767371601209 0.0005429163526258332
1154.0 6.972809667673717 0.0005429163526258332
1155.0 6.978851963746225 0.0005429163526258332
1156.0 6.9848942598187325 0.0005429163526258332
1157.0 6.990936555891238 0.0005429163526258332
1158.0 6.996978851963746 0.0005429163526258332
1159.0 7.003021148036254 0.0005429163526258332
1160.0 7.009063444108762 0.0005429163526258332
1161.0 7.015105740181269 0.0005429163526258332
1162.0 7.021148036253777 0.0005429163526258332
1163.0 7.027190332326285 0.0005429163526258332
1164.0 7.0332326283987925 0.0005429163526258332
1165.0 7.039274924471299 0.0005429163526258332
1166.0 7.045317220543807 0.0005429163526258332
1167.0 7.051359516616315 0.0005429163526258332
1168.0 7.0574018126888225 0.0005429163526258332
1169.0 7.06344410876133 0.0005429163526258332
1170.0 7.069486404833838 0.0005429163526258332
1171.0 7.075528700906346 0.0005429163526258332
1172.0 7.081570996978853 0.0005429163526258332
1173.0 7.087613293051361 0.0005429163526258332
1174.0 7.093655589123867 0.0005429163526258332
1175.0 7.099697885196375 0.0005429163526258332
1176.0 7.1057401812688825 0.0005429163526258332
1177.0 7.11178247734139 0.0005429163526258332
1178.0 7.117824773413898 0.0005429163526258332
1179.0 7.123867069486406 0.0005429163526258332
1180.0 7.129909365558913 0.0005429163526258332
1181.0 7.135951661631421 0.0005429163526258332
1182.0 7.141993957703928 0.0005429163526258332
1183.0 7.148036253776436 0.0005429163526258332
1184.0 7.154078549848943 0.0005429163526258332
1185.0 7.160120845921451 0.0005429163526258332
1186.0 7.166163141993959 0.0005429163526258332
1187.0 7.172205438066467 0.0005429163526258332
1188.0 7.178247734138974 0.0005429163526258332
1189.0 7.184290030211482 0.0005429163526258332
1190.0 7.190332326283988 0.0005429163526258332
1191.0 7.196374622356496 0.0005429163526258332
1192.0 7.2024169184290034 0.0005429163526258332
1193.0 7.208459214501511 0.0005429163526258332
1194.0 7.214501510574019 0.0005429163526258332
1195.0 7.220543806646527 0.0005429163526258332
1196.0 7.226586102719034 0.0005429163526258332
1197.0 7.232628398791542 0.0005429163526258332
1198.0 7.23867069486405 0.0005429163526258332
1199.0 7.244712990936556 0.0005429163526258332
1200.0 7.2507552870090635 0.0005429163526258332
1201.0 7.256797583081571 0.0005429163526258332
1202.0 7.262839879154079 0.0005429163526258332
1203.0 7.268882175226587 0.0005429163526258332
1204.0 7.274924471299094 0.0005429163526258332
1205.0 7.280966767371602 0.0005429163526258332
1206.0 7.28700906344411 0.0005429163526258332
1207.0 7.293051359516617 0.0005429163526258332
1208.0 7.299093655589124 0.0005429163526258332
1209.0 7.305135951661632 0.0005429163526258332
1210.0 7.31117824773414 0.0005429163526258332
1211.0 7.3172205438066475 0.0005429163526258332
1212.0 7.323262839879155 0.0005429163526258332
1213.0 7.329305135951663 0.0005429163526258332
1214.0 7.335347432024171 0.0005429163526258332
1215.0 7.341389728096677 0.0005429163526258332
1216.0 7.347432024169184 0.0005429163526258332
1217.0 7.353474320241692 0.0005429163526258332
1218.0 7.3595166163142 0.0005429163526258332
1219.0 7.365558912386708 0.0005429163526258332
1220.0 7.371601208459215 0.0005429163526258332
1221.0 7.377643504531723 0.0005429163526258332
1222.0 7.383685800604231 0.0005429163526258332
1223.0 7.389728096676738 0.0005429163526258332
1224.0 7.395770392749245 0.0005429163526258332
1225.0 7.401812688821753 0.0005429163526258332
1226.0 7.407854984894261 0.0005429163526258332
1227.0 7.4138972809667685 0.0005429163526258332
1228.0 7.419939577039276 0.0005429163526258332
1229.0 7.425981873111784 0.0005429163526258332
1230.0 7.432024169184292 0.0005429163526258332
1231.0 7.438066465256799 0.0005429163526258332
1232.0 7.444108761329305 0.0005429163526258332
1233.0 7.450151057401813 0.0005429163526258332
1234.0 7.456193353474321 0.0005429163526258332
1235.0 7.4622356495468285 0.0005429163526258332
1236.0 7.468277945619336 0.0005429163526258332
1237.0 7.474320241691844 0.0005429163526258332
1238.0 7.480362537764352 0.0005429163526258332
1239.0 7.486404833836859 0.0005429163526258332
1240.0 7.492447129909365 0.0005429163526258332
1241.0 7.498489425981873 0.0005429163526258332
1242.0 7.504531722054381 0.0005429163526258332
1243.0 7.5105740181268885 0.0005429163526258332
1244.0 7.516616314199396 0.0005429163526258332
1245.0 7.522658610271904 0.0005429163526258332
1246.0 7.528700906344412 0.0005429163526258332
1247.0 7.534743202416919 0.0005429163526258332
1248.0 7.540785498489426 0.0005429163526258332
1249.0 7.546827794561934 0.0005429163526258332
1250.0 7.552870090634442 0.0005429163526258332
1251.0 7.558912386706949 0.0005429163526258332
1252.0 7.564954682779457 0.0005429163526258332
1253.0 7.570996978851965 0.0005429163526258332
1254.0 7.577039274924473 0.0005429163526258332
1255.0 7.58308157099698 0.0005429163526258332
1256.0 7.589123867069488 0.0005429163526258332
1257.0 7.595166163141994 0.0005429163526258332
1258.0 7.601208459214502 0.0005429163526258332
1259.0 7.6072507552870094 0.0005429163526258332
1260.0 7.613293051359517 0.0005429163526258332
1261.0 7.619335347432025 0.0005429163526258332
1262.0 7.625377643504533 0.0005429163526258332
1263.0 7.63141993957704 0.0005429163526258332
1264.0 7.637462235649548 0.0005429163526258332
1265.0 7.643504531722055 0.0005429163526258332
1266.0 7.649546827794563 0.0005429163526258332
1267.0 7.65558912386707 0.0005429163526258332
1268.0 7.661631419939578 0.0005429163526258332
1269.0 7.667673716012086 0.0005429163526258332
1270.0 7.6737160120845935 0.0005429163526258332
1271.0 7.679758308157101 0.0005429163526258332
1272.0 7.685800604229609 0.0005429163526258332
1273.0 7.691842900302115 0.0005429163526258332
1274.0 7.697885196374623 0.0005429163526258332
1275.0 7.70392749244713 0.0005429163526258332
1276.0 7.709969788519638 0.0005429163526258332
1277.0 7.716012084592146 0.0005429163526258332
1278.0 7.7220543806646536 0.0005429163526258332
1279.0 7.728096676737161 0.0005429163526258332
1280.0 7.734138972809669 0.0005429163526258332
1281.0 7.740181268882177 0.0005429163526258332
1282.0 7.746223564954683 0.0005429163526258332
1283.0 7.75226586102719 0.0005429163526258332
1284.0 7.758308157099698 0.0005429163526258332
1285.0 7.764350453172206 0.0005429163526258332
1286.0 7.770392749244714 0.0005429163526258332
1287.0 7.776435045317221 0.0005429163526258332
1288.0 7.782477341389729 0.0005429163526258332
1289.0 7.788519637462237 0.0005429163526258332
1290.0 7.794561933534744 0.0005429163526258332
1291.0 7.800604229607251 0.0005429163526258332
1292.0 7.806646525679759 0.0005429163526258332
1293.0 7.812688821752267 0.0005429163526258332
1294.0 7.8187311178247745 0.0005429163526258332
1295.0 7.824773413897282 0.0005429163526258332
1296.0 7.83081570996979 0.0005429163526258332
1297.0 7.836858006042298 0.0005429163526258332
1298.0 7.842900302114804 0.0005429163526258332
1299.0 7.848942598187311 0.0005429163526258332
1300.0 7.854984894259819 0.0005429163526258332
1301.0 7.861027190332327 0.0005429163526258332
1302.0 7.8670694864048345 0.0005429163526258332
1303.0 7.873111782477342 0.0005429163526258332
1304.0 7.87915407854985 0.0005429163526258332
1305.0 7.885196374622358 0.0005429163526258332
1306.0 7.8912386706948645 0.0005429163526258332
1307.0 7.897280966767372 0.0005429163526258332
1308.0 7.90332326283988 0.0005429163526258332
1309.0 7.909365558912388 0.0005429163526258332
1310.0 7.915407854984895 0.0005429163526258332
1311.0 7.921450151057403 0.0005429163526258332
1312.0 7.927492447129911 0.0005429163526258332
1313.0 7.933534743202419 0.0005429163526258332
1314.0 7.939577039274926 0.0005429163526258332
1315.0 7.945619335347432 0.0005429163526258332
1316.0 7.95166163141994 0.0005429163526258332
1317.0 7.957703927492448 0.0005429163526258332
1318.0 7.963746223564955 0.0005429163526258332
1319.0 7.969788519637463 0.0005429163526258332
1320.0 7.975830815709971 0.0005429163526258332
1321.0 7.981873111782479 0.0005429163526258332
1322.0 7.987915407854986 0.0005429163526258332
1323.0 7.993957703927492 0.0005429163526258332
1324.0 8.0 0.0005429163526258332
1325.0 8.006042296072508 0.0005429163526258332
1326.0 8.012084592145015 0.0005429163526258332
1327.0 8.018126888217523 0.0005429163526258332
1328.0 8.024169184290031 0.0005429163526258332
1329.0 8.030211480362539 0.0005429163526258332
1330.0 8.036253776435046 0.0005429163526258332
1331.0 8.042296072507552 0.0005429163526258332
1332.0 8.04833836858006 0.0005429163526258332
1333.0 8.054380664652568 0.0005429163526258332
1334.0 8.060422960725075 0.0005429163526258332
1335.0 8.066465256797583 0.0005429163526258332
1336.0 8.072507552870091 0.0005429163526258332
1337.0 8.078549848942599 0.0005429163526258332
1338.0 8.084592145015106 0.0005429163526258332
1339.0 8.090634441087614 0.0005429163526258332
1340.0 8.096676737160122 0.0005429163526258332
1341.0 8.10271903323263 0.0005429163526258332
1342.0 8.108761329305137 0.0005429163526258332
1343.0 8.114803625377645 0.0005429163526258332
1344.0 8.120845921450153 0.0005429163526258332
1345.0 8.12688821752266 0.0005429163526258332
1346.0 8.132930513595168 0.0005429163526258332
1347.0 8.138972809667676 0.0005429163526258332
1348.0 8.145015105740182 0.0005429163526258332
1349.0 8.15105740181269 0.0005429163526258332
1350.0 8.157099697885197 0.0005429163526258332
1351.0 8.163141993957705 0.0005429163526258332
1352.0 8.169184290030213 0.0005429163526258332
1353.0 8.17522658610272 0.0005429163526258332
1354.0 8.181268882175228 0.0005429163526258332
1355.0 8.187311178247736 0.0005429163526258332
1356.0 8.193353474320242 0.0005429163526258332
1357.0 8.19939577039275 0.0005429163526258332
1358.0 8.205438066465257 0.0005429163526258332
1359.0 8.211480362537765 0.0005429163526258332
1360.0 8.217522658610273 0.0005429163526258332
1361.0 8.22356495468278 0.0005429163526258332
1362.0 8.229607250755288 0.0005429163526258332
1363.0 8.235649546827796 0.0005429163526258332
1364.0 8.241691842900302 0.0005429163526258332
1365.0 8.24773413897281 0.0005429163526258332
1366.0 8.253776435045317 0.0005429163526258332
1367.0 8.259818731117825 0.0005429163526258332
1368.0 8.265861027190333 0.0005429163526258332
1369.0 8.27190332326284 0.0005429163526258332
1370.0 8.277945619335348 0.0005429163526258332
1371.0 8.283987915407856 0.0005429163526258332
1372.0 8.290030211480364 0.0005429163526258332
1373.0 8.29607250755287 0.0005429163526258332
1374.0 8.302114803625377 0.0005429163526258332
1375.0 8.308157099697885 0.0005429163526258332
1376.0 8.314199395770393 0.0005429163526258332
1377.0 8.3202416918429 0.0005429163526258332
1378.0 8.326283987915408 0.0005429163526258332
1379.0 8.332326283987916 0.0005429163526258332
1380.0 8.338368580060424 0.0005429163526258332
1381.0 8.344410876132931 0.0005429163526258332
1382.0 8.35045317220544 0.0005429163526258332
1383.0 8.356495468277947 0.0005429163526258332
1384.0 8.362537764350455 0.0005429163526258332
1385.0 8.368580060422962 0.0005429163526258332
1386.0 8.37462235649547 0.0005429163526258332
1387.0 8.380664652567978 0.0005429163526258332
1388.0 8.386706948640485 0.0005429163526258332
1389.0 8.392749244712991 0.0005429163526258332
1390.0 8.3987915407855 0.0005429163526258332
1391.0 8.404833836858007 0.0005429163526258332
1392.0 8.410876132930515 0.0005429163526258332
1393.0 8.416918429003022 0.0005429163526258332
1394.0 8.42296072507553 0.0005429163526258332
1395.0 8.429003021148038 0.0005429163526258332
1396.0 8.435045317220546 0.0005429163526258332
1397.0 8.441087613293053 0.0005429163526258332
1398.0 8.44712990936556 0.0005429163526258332
1399.0 8.453172205438067 0.0005429163526258332
1400.0 8.459214501510575 0.0005429163526258332
1401.0 8.465256797583082 0.0005429163526258332
1402.0 8.47129909365559 0.0005429163526258332
1403.0 8.477341389728098 0.0005429163526258332
1404.0 8.483383685800606 0.0005429163526258332
1405.0 8.489425981873113 0.0005429163526258332
1406.0 8.49546827794562 0.0005429163526258332
1407.0 8.501510574018127 0.0005429163526258332
1408.0 8.507552870090635 0.0005429163526258332
1409.0 8.513595166163142 0.0005429163526258332
1410.0 8.51963746223565 0.0005429163526258332
1411.0 8.525679758308158 0.0005429163526258332
1412.0 8.531722054380666 0.0005429163526258332
1413.0 8.537764350453173 0.0005429163526258332
1414.0 8.54380664652568 0.0005429163526258332
1415.0 8.549848942598187 0.0005429163526258332
1416.0 8.555891238670695 0.0005429163526258332
1417.0 8.561933534743202 0.0005429163526258332
1418.0 8.56797583081571 0.0005429163526258332
1419.0 8.574018126888218 0.0005429163526258332
1420.0 8.580060422960726 0.0005429163526258332
1421.0 8.586102719033233 0.0005429163526258332
1422.0 8.592145015105741 0.0005429163526258332
1423.0 8.598187311178249 0.0005429163526258332
1424.0 8.604229607250756 0.0005429163526258332
1425.0 8.610271903323264 0.0005429163526258332
1426.0 8.616314199395772 0.0005429163526258332
1427.0 8.62235649546828 0.0005429163526258332
1428.0 8.628398791540787 0.0005429163526258332
1429.0 8.634441087613295 0.0005429163526258332
1430.0 8.640483383685803 0.0005429163526258332
1431.0 8.646525679758309 0.0005429163526258332
1432.0 8.652567975830816 0.0005429163526258332
1433.0 8.658610271903324 0.0005429163526258332
1434.0 8.664652567975832 0.0005429163526258332
1435.0 8.67069486404834 0.0005429163526258332
1436.0 8.676737160120847 0.0005429163526258332
1437.0 8.682779456193355 0.0005429163526258332
1438.0 8.688821752265863 0.0005429163526258332
1439.0 8.694864048338369 0.0005429163526258332
1440.0 8.700906344410877 0.0005429163526258332
1441.0 8.706948640483384 0.0005429163526258332
1442.0 8.712990936555892 0.0005429163526258332
1443.0 8.7190332326284 0.0005429163526258332
1444.0 8.725075528700907 0.0005429163526258332
1445.0 8.731117824773415 0.0005429163526258332
1446.0 8.737160120845923 0.0005429163526258332
1447.0 8.743202416918429 0.0005429163526258332
1448.0 8.749244712990937 0.0005429163526258332
1449.0 8.755287009063444 0.0005429163526258332
1450.0 8.761329305135952 0.0005429163526258332
1451.0 8.76737160120846 0.0005429163526258332
1452.0 8.773413897280967 0.0005429163526258332
1453.0 8.779456193353475 0.0005429163526258332
1454.0 8.785498489425983 0.0005429163526258332
1455.0 8.79154078549849 0.0005429163526258332
1456.0 8.797583081570997 0.0005429163526258332
1457.0 8.803625377643504 0.0005429163526258332
1458.0 8.809667673716012 0.0005429163526258332
1459.0 8.81570996978852 0.0005429163526258332
1460.0 8.821752265861027 0.0005429163526258332
1461.0 8.827794561933535 0.0005429163526258332
1462.0 8.833836858006043 0.0005429163526258332
1463.0 8.83987915407855 0.0005429163526258332
1464.0 8.845921450151058 0.0005429163526258332
1465.0 8.851963746223566 0.0005429163526258332
1466.0 8.858006042296074 0.0005429163526258332
1467.0 8.864048338368582 0.0005429163526258332
1468.0 8.87009063444109 0.0005429163526258332
1469.0 8.876132930513597 0.0005429163526258332
1470.0 8.882175226586105 0.0005429163526258332
1471.0 8.888217522658612 0.0005429163526258332
1472.0 8.894259818731118 0.0005429163526258332
1473.0 8.900302114803626 0.0005429163526258332
1474.0 8.906344410876134 0.0005429163526258332
1475.0 8.912386706948642 0.0005429163526258332
1476.0 8.91842900302115 0.0005429163526258332
1477.0 8.924471299093657 0.0005429163526258332
1478.0 8.930513595166165 0.0005429163526258332
1479.0 8.936555891238672 0.0005429163526258332
1480.0 8.94259818731118 0.0005429163526258332
1481.0 8.948640483383686 0.0005429163526258332
1482.0 8.954682779456194 0.0005429163526258332
1483.0 8.960725075528702 0.0005429163526258332
1484.0 8.96676737160121 0.0005429163526258332
1485.0 8.972809667673717 0.0005429163526258332
1486.0 8.978851963746225 0.0005429163526258332
1487.0 8.984894259818732 0.0005429163526258332
1488.0 8.99093655589124 0.0005429163526258332
1489.0 8.996978851963746 0.0005429163526258332
1490.0 9.003021148036254 0.0005429163526258332
1491.0 9.009063444108762 0.0005429163526258332
1492.0 9.01510574018127 0.0005429163526258332
1493.0 9.021148036253777 0.0005429163526258332
1494.0 9.027190332326285 0.0005429163526258332
1495.0 9.033232628398792 0.0005429163526258332
1496.0 9.0392749244713 0.0005429163526258332
1497.0 9.045317220543806 0.0005429163526258332
1498.0 9.051359516616314 0.0005429163526258332
1499.0 9.057401812688822 0.0005429163526258332
1500.0 9.06344410876133 0.0005429163526258332
1501.0 9.069486404833837 0.0005429163526258332
1502.0 9.075528700906345 0.0005429163526258332
1503.0 9.081570996978853 0.0005429163526258332
1504.0 9.08761329305136 0.0005429163526258332
1505.0 9.093655589123868 0.0005429163526258332
1506.0 9.099697885196376 0.0005429163526258332
1507.0 9.105740181268883 0.0005429163526258332
1508.0 9.111782477341391 0.0005429163526258332
1509.0 9.117824773413899 0.0005429163526258332
1510.0 9.123867069486407 0.0005429163526258332
1511.0 9.129909365558914 0.0005429163526258332
1512.0 9.135951661631422 0.0005429163526258332
1513.0 9.14199395770393 0.0005429163526258332
1514.0 9.148036253776436 0.0005429163526258332
1515.0 9.154078549848943 0.0005429163526258332
1516.0 9.160120845921451 0.0005429163526258332
1517.0 9.166163141993959 0.0005429163526258332
1518.0 9.172205438066467 0.0005429163526258332
1519.0 9.178247734138974 0.0005429163526258332
1520.0 9.184290030211482 0.0005429163526258332
1521.0 9.19033232628399 0.0005429163526258332
1522.0 9.196374622356496 0.0005429163526258332
1523.0 9.202416918429003 0.0005429163526258332
1524.0 9.208459214501511 0.0005429163526258332
1525.0 9.214501510574019 0.0005429163526258332
1526.0 9.220543806646527 0.0005429163526258332
1527.0 9.226586102719034 0.0005429163526258332
1528.0 9.232628398791542 0.0005429163526258332
1529.0 9.23867069486405 0.0005429163526258332
1530.0 9.244712990936556 0.0005429163526258332
1531.0 9.250755287009063 0.0005429163526258332
1532.0 9.256797583081571 0.0005429163526258332
1533.0 9.262839879154079 0.0005429163526258332
1534.0 9.268882175226587 0.0005429163526258332
1535.0 9.274924471299094 0.0005429163526258332
1536.0 9.280966767371602 0.0005429163526258332
1537.0 9.28700906344411 0.0005429163526258332
1538.0 9.293051359516618 0.0005429163526258332
1539.0 9.299093655589123 0.0005429163526258332
1540.0 9.305135951661631 0.0005429163526258332
1541.0 9.311178247734139 0.0005429163526258332
1542.0 9.317220543806647 0.0005429163526258332
1543.0 9.323262839879154 0.0005429163526258332
1544.0 9.329305135951662 0.0005429163526258332
1545.0 9.33534743202417 0.0005429163526258332
1546.0 9.341389728096678 0.0005429163526258332
1547.0 9.347432024169185 0.0005429163526258332
1548.0 9.353474320241693 0.0005429163526258332
1549.0 9.3595166163142 0.0005429163526258332
1550.0 9.365558912386708 0.0005429163526258332
1551.0 9.371601208459216 0.0005429163526258332
1552.0 9.377643504531724 0.0005429163526258332
1553.0 9.383685800604232 0.0005429163526258332
1554.0 9.38972809667674 0.0005429163526258332
1555.0 9.395770392749245 0.0005429163526258332
1556.0 9.401812688821753 0.0005429163526258332
1557.0 9.40785498489426 0.0005429163526258332
1558.0 9.413897280966768 0.0005429163526258332
1559.0 9.419939577039276 0.0005429163526258332
1560.0 9.425981873111784 0.0005429163526258332
1561.0 9.432024169184292 0.0005429163526258332
1562.0 9.4380664652568 0.0005429163526258332
1563.0 9.444108761329305 0.0005429163526258332
1564.0 9.450151057401813 0.0005429163526258332
1565.0 9.45619335347432 0.0005429163526258332
1566.0 9.462235649546828 0.0005429163526258332
1567.0 9.468277945619336 0.0005429163526258332
1568.0 9.474320241691844 0.0005429163526258332
1569.0 9.480362537764352 0.0005429163526258332
1570.0 9.48640483383686 0.0005429163526258332
1571.0 9.492447129909367 0.0005429163526258332
1572.0 9.498489425981873 0.0005429163526258332
1573.0 9.50453172205438 0.0005429163526258332
1574.0 9.510574018126889 0.0005429163526258332
1575.0 9.516616314199396 0.0005429163526258332
1576.0 9.522658610271904 0.0005429163526258332
1577.0 9.528700906344412 0.0005429163526258332
1578.0 9.53474320241692 0.0005429163526258332
1579.0 9.540785498489427 0.0005429163526258332
1580.0 9.546827794561933 0.0005429163526258332
1581.0 9.55287009063444 0.0005429163526258332
1582.0 9.558912386706949 0.0005429163526258332
1583.0 9.564954682779456 0.0005429163526258332
1584.0 9.570996978851964 0.0005429163526258332
1585.0 9.577039274924472 0.0005429163526258332
1586.0 9.58308157099698 0.0005429163526258332
1587.0 9.589123867069487 0.0005429163526258332
1588.0 9.595166163141995 0.0005429163526258332
1589.0 9.601208459214503 0.0005429163526258332
1590.0 9.60725075528701 0.0005429163526258332
1591.0 9.613293051359518 0.0005429163526258332
1592.0 9.619335347432026 0.0005429163526258332
1593.0 9.625377643504534 0.0005429163526258332
1594.0 9.631419939577041 0.0005429163526258332
1595.0 9.637462235649549 0.0005429163526258332
1596.0 9.643504531722057 0.0005429163526258332
1597.0 9.649546827794563 0.0005429163526258332
1598.0 9.65558912386707 0.0005429163526258332
1599.0 9.661631419939578 0.0005429163526258332
1600.0 9.667673716012086 0.0005429163526258332
1601.0 9.673716012084594 0.0005429163526258332
1602.0 9.679758308157101 0.0005429163526258332
1603.0 9.685800604229609 0.0005429163526258332
1604.0 9.691842900302117 0.0005429163526258332
1605.0 9.697885196374623 0.0005429163526258332
1606.0 9.70392749244713 0.0005429163526258332
1607.0 9.709969788519638 0.0005429163526258332
1608.0 9.716012084592146 0.0005429163526258332
1609.0 9.722054380664654 0.0005429163526258332
1610.0 9.728096676737161 0.0005429163526258332
1611.0 9.734138972809669 0.0005429163526258332
1612.0 9.740181268882177 0.0005429163526258332
1613.0 9.746223564954683 0.0005429163526258332
1614.0 9.75226586102719 0.0005429163526258332
1615.0 9.758308157099698 0.0005429163526258332
1616.0 9.764350453172206 0.0005429163526258332
1617.0 9.770392749244714 0.0005429163526258332
1618.0 9.776435045317221 0.0005429163526258332
1619.0 9.782477341389729 0.0005429163526258332
1620.0 9.788519637462237 0.0005429163526258332
1621.0 9.794561933534744 0.0005429163526258332
1622.0 9.800604229607252 0.0005429163526258332
1623.0 9.80664652567976 0.0005429163526258332
1624.0 9.812688821752268 0.0005429163526258332
1625.0 9.818731117824775 0.0005429163526258332
1626.0 9.824773413897283 0.0005429163526258332
1627.0 9.83081570996979 0.0005429163526258332
1628.0 9.836858006042299 0.0005429163526258332
1629.0 9.842900302114806 0.0005429163526258332
1630.0 9.848942598187312 0.0005429163526258332
1631.0 9.85498489425982 0.0005429163526258332
1632.0 9.861027190332328 0.0005429163526258332
1633.0 9.867069486404835 0.0005429163526258332
1634.0 9.873111782477343 0.0005429163526258332
1635.0 9.87915407854985 0.0005429163526258332
1636.0 9.885196374622359 0.0005429163526258332
1637.0 9.891238670694866 0.0005429163526258332
1638.0 9.897280966767372 0.0005429163526258332
1639.0 9.90332326283988 0.0005429163526258332
1640.0 9.909365558912388 0.0005429163526258332
1641.0 9.915407854984895 0.0005429163526258332
1642.0 9.921450151057403 0.0005429163526258332
1643.0 9.92749244712991 0.0005429163526258332
1644.0 9.933534743202419 0.0005429163526258332
1645.0 9.939577039274926 0.0005429163526258332
1646.0 9.945619335347432 0.0005429163526258332
1647.0 9.95166163141994 0.0005429163526258332
1648.0 9.957703927492448 0.0005429163526258332
1649.0 9.963746223564955 0.0005429163526258332
1650.0 9.969788519637463 0.0005429163526258332
1651.0 9.97583081570997 0.0005429163526258332
1652.0 9.981873111782479 0.0005429163526258332
1653.0 9.987915407854986 0.0005429163526258332
1654.0 9.993957703927494 0.0005429163526258332
1655.0 10.0 0.0005429163526258332
