1 0.12052743028292451
2 0.08686661642012569
3 0.06786454407822332
4 0.0651499623150943
5 0.04560497362056595
6 0.04017581009430807
7 0.036918311978553366
8 0.032574981157547
9 0.03148914845229563
10 0.030403315747044118
11 0.028231650336540785
12 0.02714581763128927
13 0.026602901278663584
14 0.023345403162908885
15 0.023345403162908736
16 0.022259570457657217
17 0.02063082139977987
18 0.0195449886945282
19 0.01900207234190252
20 0.01900207234190252
21 0.018459155989276683
22 0.018459155989276683
23 0.018459155989276683
24 0.01900207234190237
25 0.018459155989276835
26 0.017916239636651
27 0.017916239636651
28 0.017916239636651
29 0.017373323284025168
30 0.017373323284025168
31 0.016830406931399335
32 0.016287490578773652
33 0.016830406931399335
34 0.0162874905787735
35 0.015744574226147667
36 0.0162874905787735
37 0.015744574226147817
38 0.015201657873521984
39 0.01465874152089615
40 0.015201657873521984
41 0.01465874152089615
42 0.01465874152089615
43 0.014658741520896301
44 0.012487076110392967
45 0.012487076110392967
46 0.013029992463018801
47 0.013572908815644635
48 0.012487076110392967
49 0.011944159757767135
50 0.01302999246301895
51 0.013572908815644635
52 0.012487076110393118
53 0.01302999246301895
54 0.01302999246301895
55 0.012487076110393118
56 0.01140124340514145
57 0.010858327052515618
58 0.010315410699889935
59 0.0097724943472641
60 0.00977249434726425
61 0.00977249434726425
62 0.00977249434726425
63 0.0097724943472641
64 0.009229577994638267
65 0.008686661642012435
66 0.00814374528938675
67 0.00814374528938675
68 0.008686661642012584
69 0.008686661642012584
70 0.00814374528938675
71 0.00814374528938675
72 0.00814374528938675
73 0.00814374528938675
74 0.00814374528938675
75 0.00814374528938675
76 0.00814374528938675
77 0.0076008289367609175
78 0.00814374528938675
79 0.0076008289367609175
80 0.0076008289367609175
81 0.00814374528938675
82 0.007600828936761067
83 0.00814374528938675
84 0.00814374528938675
85 0.00814374528938675
86 0.00814374528938675
87 0.007600828936761067
88 0.00814374528938675
89 0.0076008289367609175
90 0.0076008289367609175
91 0.00814374528938675
92 0.007600828936761067
93 0.007600828936761067
94 0.007600828936761067
95 0.007057912584135234
96 0.0076008289367609175
97 0.0076008289367609175
98 0.007057912584135234
99 0.007600828936761067
100 0.007057912584135234
101 0.007057912584135234
102 0.0065149962315094005
103 0.007057912584135234
104 0.00651499623150955
105 0.00651499623150955
106 0.005972079878883717
107 0.005972079878883717
108 0.005972079878883717
109 0.005972079878883717
110 0.005972079878883717
111 0.005972079878883717
112 0.005972079878883717
113 0.005972079878883717
114 0.0054291635262578835
115 0.0054291635262578835
116 0.0054291635262578835
117 0.0054291635262578835
118 0.0054291635262578835
119 0.0054291635262578835
120 0.0054291635262578835
121 0.0054291635262578835
122 0.0054291635262578835
123 0.005972079878883567
124 0.005972079878883567
125 0.005429163526257734
126 0.0054291635262578835
127 0.0054291635262578835
128 0.0054291635262578835
129 0.0054291635262578835
130 0.0054291635262578835
131 0.0054291635262578835
132 0.0054291635262578835
133 0.0054291635262578835
134 0.0054291635262578835
135 0.0054291635262578835
136 0.0054291635262578835
137 0.0054291635262578835
138 0.0054291635262578835
139 0.0054291635262578835
140 0.00488624717363205
141 0.0054291635262578835
142 0.00488624717363205
143 0.0054291635262578835
144 0.0054291635262578835
145 0.00488624717363205
146 0.00488624717363205
147 0.00488624717363205
148 0.00488624717363205
149 0.00488624717363205
150 0.00488624717363205
151 0.00488624717363205
152 0.00488624717363205
153 0.00488624717363205
154 0.00488624717363205
155 0.00488624717363205
156 0.00488624717363205
157 0.00488624717363205
158 0.00488624717363205
159 0.00488624717363205
160 0.00488624717363205
161 0.00488624717363205
162 0.00488624717363205
163 0.00488624717363205
164 0.00488624717363205
165 0.00488624717363205
166 0.0054291635262578835
167 0.0054291635262578835
168 0.00488624717363205
169 0.0054291635262578835
170 0.0054291635262578835
171 0.00488624717363205
172 0.0054291635262578835
173 0.00488624717363205
174 0.0054291635262578835
175 0.00488624717363205
176 0.00488624717363205
177 0.00488624717363205
178 0.00488624717363205
179 0.00488624717363205
180 0.004343330821006217
181 0.004343330821006217
182 0.00488624717363205
183 0.004343330821006217
184 0.00488624717363205
185 0.00488624717363205
186 0.00488624717363205
187 0.004343330821006217
188 0.004343330821006217
189 0.004343330821006217
190 0.004343330821006217
191 0.004343330821006217
192 0.004343330821006217
193 0.004343330821006217
194 0.0038004144683805334
195 0.004343330821006217
196 0.004343330821006217
197 0.004343330821006217
198 0.004343330821006217
199 0.004343330821006217
200 0.0038004144683805334
201 0.004343330821006217
202 0.004343330821006217
203 0.0038004144683805334
204 0.0038004144683805334
205 0.004343330821006217
206 0.004343330821006217
207 0.004343330821006217
208 0.004343330821006217
209 0.004343330821006217
210 0.004343330821006217
211 0.004343330821006217
212 0.004343330821006217
213 0.0038004144683805334
214 0.0038004144683805334
215 0.0038004144683805334
216 0.0038004144683805334
217 0.0038004144683805334
218 0.0038004144683805334
219 0.0038004144683805334
220 0.0038004144683805334
221 0.0038004144683805334
222 0.0038004144683805334
223 0.0038004144683805334
224 0.004343330821006217
225 0.004343330821006217
226 0.004343330821006217
227 0.004343330821006217
228 0.004343330821006217
229 0.0038004144683805334
230 0.0038004144683805334
231 0.0038004144683805334
232 0.0038004144683805334
233 0.0038004144683805334
234 0.0038004144683805334
235 0.0038004144683805334
236 0.0038004144683805334
237 0.0038004144683805334
238 0.0043433308210063665
239 0.0043433308210063665
240 0.0043433308210063665
241 0.0038004144683805334
242 0.0043433308210063665
243 0.0043433308210063665
244 0.0038004144683805334
245 0.0038004144683805334
246 0.0038004144683805334
247 0.0038004144683805334
248 0.0038004144683805334
249 0.0038004144683805334
250 0.0038004144683805334
251 0.0038004144683805334
252 0.0038004144683805334
253 0.0038004144683805334
254 0.0038004144683805334
255 0.0038004144683805334
256 0.0038004144683805334
257 0.0038004144683805334
258 0.0038004144683805334
259 0.0038004144683805334
260 0.0038004144683805334
261 0.0038004144683805334
262 0.0038004144683805334
263 0.0038004144683805334
264 0.0038004144683805334
265 0.0038004144683805334
266 0.0038004144683805334
267 0.0038004144683805334
268 0.0038004144683805334
269 0.0038004144683805334
270 0.0038004144683805334
271 0.0038004144683805334
272 0.0038004144683805334
273 0.0038004144683805334
274 0.0038004144683805334
275 0.0038004144683805334
276 0.0038004144683805334
277 0.0038004144683805334
278 0.0038004144683805334
279 0.0038004144683805334
280 0.0038004144683805334
281 0.0038004144683805334
282 0.0038004144683805334
283 0.0038004144683805334
284 0.0038004144683805334
285 0.0038004144683805334
286 0.0038004144683805334
287 0.0038004144683805334
288 0.0038004144683805334
289 0.0038004144683805334
290 0.0038004144683805334
291 0.0038004144683805334
292 0.0038004144683805334
293 0.0038004144683805334
294 0.0038004144683805334
295 0.0038004144683805334
296 0.0038004144683805334
297 0.0032574981157547003
298 0.0032574981157547003
299 0.0032574981157547003
300 0.0032574981157547003
301 0.0032574981157547003
302 0.0032574981157547003
303 0.0032574981157547003
304 0.0032574981157547003
305 0.0032574981157547003
306 0.0032574981157547003
307 0.0032574981157547003
308 0.0032574981157547003
309 0.0032574981157547003
310 0.0032574981157547003
311 0.0032574981157547003
312 0.0032574981157547003
313 0.0032574981157547003
314 0.0032574981157547003
315 0.0032574981157547003
316 0.0032574981157547003
317 0.0032574981157547003
318 0.0032574981157547003
319 0.0032574981157547003
320 0.0032574981157547003
321 0.0032574981157547003
322 0.0032574981157547003
323 0.0032574981157547003
324 0.0032574981157547003
325 0.0032574981157547003
326 0.0032574981157547003
327 0.0032574981157547003
328 0.0032574981157547003
329 0.0032574981157547003
330 0.0032574981157547003
331 0.0032574981157547003
332 0.0032574981157547003
333 0.0032574981157547003
334 0.0032574981157547003
335 0.0032574981157547003
336 0.0032574981157547003
337 0.0032574981157547003
338 0.0032574981157547003
339 0.002714581763128867
340 0.002714581763128867
341 0.002714581763128867
342 0.002714581763128867
343 0.002714581763128867
344 0.002714581763128867
345 0.002714581763128867
346 0.002714581763128867
347 0.002714581763128867
348 0.002714581763128867
349 0.002714581763128867
350 0.002714581763128867
351 0.002714581763128867
352 0.002714581763128867
353 0.002714581763128867
354 0.002714581763128867
355 0.002714581763128867
356 0.002714581763128867
357 0.002714581763128867
358 0.002714581763128867
359 0.002714581763128867
360 0.002714581763128867
361 0.002714581763128867
362 0.002714581763128867
363 0.002714581763128867
364 0.002714581763128867
365 0.002714581763128867
366 0.002714581763128867
367 0.002714581763128867
368 0.002714581763128867
369 0.002714581763128867
370 0.002714581763128867
371 0.002714581763128867
372 0.002714581763128867
373 0.002714581763128867
374 0.002714581763128867
375 0.002714581763128867
376 0.002714581763128867
377 0.002714581763128867
378 0.002714581763128867
379 0.002714581763128867
380 0.002714581763128867
381 0.002714581763128867
382 0.002714581763128867
383 0.002714581763128867
384 0.002714581763128867
385 0.002714581763128867
386 0.002714581763128867
387 0.0032574981157547003
388 0.002714581763128867
389 0.002714581763128867
390 0.002714581763128867
391 0.002714581763128867
392 0.002714581763128867
393 0.002714581763128867
394 0.002714581763128867
395 0.002714581763128867
396 0.002714581763128867
397 0.002714581763128867
398 0.002714581763128867
399 0.002714581763128867
400 0.002714581763128867
401 0.002714581763128867
402 0.002714581763128867
403 0.002714581763128867
404 0.002714581763128867
405 0.002714581763128867
406 0.002714581763128867
407 0.002714581763128867
408 0.002714581763128867
409 0.002714581763128867
410 0.002714581763128867
411 0.002714581763128867
412 0.002714581763128867
413 0.002714581763128867
414 0.002714581763128867
415 0.002714581763128867
416 0.002714581763128867
417 0.002714581763128867
418 0.002714581763128867
419 0.002714581763128867
420 0.002714581763128867
421 0.002714581763128867
422 0.002714581763128867
423 0.002714581763128867
424 0.002714581763128867
425 0.002714581763128867
426 0.002714581763128867
427 0.002714581763128867
428 0.002714581763128867
429 0.002714581763128867
430 0.002714581763128867
431 0.002714581763128867
432 0.002714581763128867
433 0.002714581763128867
434 0.002714581763128867
435 0.002714581763128867
436 0.002714581763128867
437 0.002714581763128867
438 0.002714581763128867
439 0.002714581763128867
440 0.002714581763128867
441 0.002714581763128867
442 0.002714581763128867
443 0.002714581763128867
444 0.002714581763128867
445 0.002714581763128867
446 0.002714581763128867
447 0.002714581763128867
448 0.002714581763128867
449 0.002714581763128867
450 0.002714581763128867
451 0.002714581763128867
452 0.002714581763128867
453 0.002714581763128867
454 0.002714581763128867
455 0.002714581763128867
456 0.002714581763128867
457 0.002714581763128867
458 0.002714581763128867
459 0.002714581763128867
460 0.002714581763128867
461 0.002714581763128867
462 0.002714581763128867
463 0.002714581763128867
464 0.002714581763128867
465 0.002714581763128867
466 0.002714581763128867
467 0.002714581763128867
468 0.002714581763128867
469 0.002714581763128867
470 0.002714581763128867
471 0.002714581763128867
472 0.002714581763128867
473 0.002714581763128867
474 0.002714581763128867
475 0.002714581763128867
476 0.002714581763128867
477 0.002714581763128867
478 0.002714581763128867
479 0.002714581763128867
480 0.002714581763128867
481 0.002714581763128867
482 0.002714581763128867
483 0.002714581763128867
484 0.002714581763128867
485 0.002714581763128867
486 0.002714581763128867
487 0.002714581763128867
488 0.002714581763128867
489 0.002714581763128867
490 0.002714581763128867
491 0.002714581763128867
492 0.002714581763128867
493 0.002714581763128867
494 0.002714581763128867
495 0.002714581763128867
496 0.002714581763128867
497 0.002714581763128867
498 0.002714581763128867
499 0.002714581763128867
500 0.002714581763128867
501 0.002714581763128867
502 0.002714581763128867
503 0.002714581763128867
504 0.002714581763128867
505 0.002714581763128867
506 0.002714581763128867
507 0.002714581763128867
508 0.002714581763128867
509 0.002714581763128867
510 0.002714581763128867
511 0.002714581763128867
512 0.002714581763128867
513 0.002714581763128867
514 0.002714581763128867
515 0.002714581763128867
516 0.002714581763128867
517 0.002714581763128867
518 0.002714581763128867
519 0.002714581763128867
520 0.002714581763128867
521 0.002714581763128867
522 0.002714581763128867
523 0.002714581763128867
524 0.002714581763128867
525 0.002714581763128867
526 0.002714581763128867
527 0.002714581763128867
528 0.002714581763128867
529 0.002714581763128867
530 0.002714581763128867
531 0.002714581763128867
532 0.002714581763128867
533 0.002714581763128867
534 0.002714581763128867
535 0.002714581763128867
536 0.002714581763128867
537 0.002714581763128867
538 0.002714581763128867
539 0.002714581763128867
540 0.002714581763128867
541 0.002714581763128867
542 0.002714581763128867
543 0.002714581763128867
544 0.002714581763128867
545 0.002714581763128867
546 0.002714581763128867
547 0.002714581763128867
548 0.002714581763128867
549 0.002714581763128867
550 0.002714581763128867
551 0.002714581763128867
552 0.002714581763128867
553 0.002714581763128867
554 0.002714581763128867
555 0.0021716654105031832
556 0.0021716654105031832
557 0.0021716654105031832
558 0.0021716654105031832
559 0.0021716654105031832
560 0.0021716654105031832
561 0.0021716654105031832
562 0.0021716654105031832
563 0.002714581763128867
564 0.002714581763128867
565 0.002714581763128867
566 0.0021716654105031832
567 0.0021716654105031832
568 0.0021716654105031832
569 0.0021716654105031832
570 0.002714581763128867
571 0.002714581763128867
572 0.002714581763128867
573 0.002714581763128867
574 0.002714581763128867
575 0.002714581763128867
576 0.002714581763128867
577 0.002714581763128867
578 0.002714581763128867
579 0.002714581763128867
580 0.002714581763128867
581 0.002714581763128867
582 0.002714581763128867
583 0.002714581763128867
584 0.002714581763128867
585 0.002714581763128867
586 0.002714581763128867
587 0.002714581763128867
588 0.002714581763128867
589 0.002714581763128867
590 0.002714581763128867
591 0.002714581763128867
592 0.002714581763128867
593 0.002714581763128867
594 0.002714581763128867
595 0.002714581763128867
596 0.002714581763128867
597 0.002714581763128867
598 0.0021716654105031832
599 0.002714581763128867
600 0.0021716654105031832
601 0.0021716654105031832
602 0.0021716654105031832
603 0.0021716654105031832
604 0.0021716654105031832
605 0.002714581763128867
606 0.002714581763128867
607 0.002714581763128867
608 0.002714581763128867
609 0.002714581763128867
610 0.002714581763128867
611 0.002714581763128867
612 0.002714581763128867
613 0.002714581763128867
614 0.002714581763128867
615 0.002714581763128867
616 0.002714581763128867
617 0.002714581763128867
618 0.002714581763128867
619 0.002714581763128867
620 0.002714581763128867
621 0.002714581763128867
622 0.002714581763128867
623 0.002714581763128867
624 0.002714581763128867
625 0.002714581763128867
626 0.002714581763128867
627 0.002714581763128867
628 0.002714581763128867
629 0.002714581763128867
630 0.002714581763128867
631 0.002714581763128867
632 0.002714581763128867
633 0.002714581763128867
634 0.002714581763128867
635 0.002714581763128867
636 0.002714581763128867
637 0.002714581763128867
638 0.002714581763128867
639 0.002714581763128867
640 0.0021716654105031832
641 0.0021716654105031832
642 0.002714581763128867
643 0.0021716654105031832
644 0.002714581763128867
645 0.002714581763128867
646 0.002714581763128867
647 0.002714581763128867
648 0.002714581763128867
649 0.002714581763128867
650 0.002714581763128867
651 0.002714581763128867
652 0.002714581763128867
653 0.002714581763128867
654 0.002714581763128867
655 0.002714581763128867
656 0.002714581763128867
657 0.002714581763128867
658 0.0021716654105031832
659 0.0021716654105031832
660 0.0021716654105031832
661 0.0021716654105031832
662 0.0021716654105031832
663 0.0021716654105031832
664 0.0021716654105031832
665 0.0021716654105031832
666 0.0021716654105031832
667 0.0021716654105031832
668 0.0021716654105031832
669 0.0021716654105031832
670 0.0021716654105031832
671 0.0021716654105031832
672 0.0021716654105031832
673 0.0021716654105031832
674 0.0021716654105031832
675 0.0021716654105031832
676 0.0021716654105031832
677 0.0021716654105031832
678 0.0021716654105031832
679 0.0021716654105031832
680 0.0021716654105031832
681 0.0021716654105031832
682 0.0021716654105031832
683 0.0021716654105031832
684 0.0021716654105031832
685 0.0021716654105031832
686 0.0021716654105031832
687 0.0021716654105031832
688 0.0021716654105031832
689 0.0021716654105031832
690 0.0021716654105031832
691 0.0021716654105031832
692 0.0021716654105031832
693 0.0021716654105031832
694 0.0021716654105031832
695 0.0021716654105031832
696 0.0021716654105031832
697 0.0021716654105031832
698 0.0021716654105031832
699 0.0021716654105031832
700 0.0021716654105031832
701 0.0021716654105031832
702 0.0021716654105031832
703 0.0021716654105031832
704 0.0021716654105031832
705 0.0021716654105031832
706 0.0021716654105031832
707 0.0021716654105031832
708 0.0021716654105031832
709 0.0021716654105031832
710 0.0021716654105031832
711 0.0021716654105031832
712 0.0021716654105031832
713 0.0021716654105031832
714 0.0021716654105031832
715 0.0021716654105031832
716 0.0021716654105031832
717 0.0021716654105031832
718 0.0021716654105031832
719 0.0021716654105031832
720 0.0021716654105031832
721 0.0021716654105031832
722 0.0021716654105031832
723 0.0021716654105031832
724 0.0021716654105031832
725 0.0021716654105031832
726 0.0021716654105031832
727 0.0021716654105031832
728 0.0021716654105031832
729 0.0021716654105031832
730 0.0021716654105031832
731 0.0021716654105031832
732 0.0021716654105031832
733 0.0021716654105031832
734 0.0021716654105031832
735 0.0021716654105031832
736 0.0021716654105031832
737 0.0021716654105031832
738 0.0021716654105031832
739 0.0021716654105031832
740 0.0021716654105031832
741 0.0021716654105031832
742 0.0021716654105031832
743 0.0021716654105031832
744 0.0021716654105031832
745 0.0021716654105031832
746 0.0021716654105031832
747 0.0021716654105031832
748 0.0021716654105031832
749 0.0021716654105031832
750 0.0021716654105031832
751 0.0021716654105031832
752 0.0021716654105031832
753 0.0021716654105031832
754 0.0021716654105031832
755 0.0021716654105031832
756 0.0021716654105031832
757 0.0021716654105031832
758 0.0021716654105031832
759 0.0021716654105031832
760 0.0021716654105031832
761 0.0021716654105031832
762 0.0021716654105031832
763 0.0021716654105031832
764 0.0021716654105031832
765 0.0021716654105031832
766 0.0021716654105031832
767 0.0021716654105031832
768 0.0021716654105031832
769 0.0021716654105031832
770 0.0021716654105031832
771 0.0021716654105031832
772 0.0021716654105031832
773 0.0021716654105031832
774 0.0021716654105031832
775 0.0021716654105031832
776 0.0021716654105031832
777 0.0021716654105031832
778 0.0021716654105031832
779 0.0021716654105031832
780 0.0021716654105031832
781 0.0021716654105031832
782 0.0021716654105031832
783 0.0021716654105031832
784 0.0021716654105031832
785 0.0021716654105031832
786 0.0021716654105031832
787 0.0021716654105031832
788 0.0021716654105031832
789 0.0021716654105031832
790 0.0021716654105031832
791 0.0021716654105031832
792 0.0021716654105031832
793 0.0021716654105031832
794 0.0021716654105031832
795 0.0021716654105031832
796 0.0021716654105031832
797 0.0021716654105031832
798 0.0021716654105031832
799 0.0021716654105031832
800 0.0021716654105031832
801 0.0021716654105031832
802 0.0021716654105031832
803 0.0021716654105031832
804 0.0021716654105031832
805 0.0021716654105031832
806 0.0021716654105031832
807 0.0021716654105031832
808 0.0021716654105031832
809 0.0021716654105031832
810 0.0021716654105031832
811 0.0021716654105031832
812 0.0021716654105031832
813 0.0021716654105031832
814 0.0021716654105031832
815 0.0021716654105031832
816 0.0021716654105031832
817 0.0021716654105031832
818 0.0021716654105031832
819 0.0016287490578774998
820 0.0016287490578774998
821 0.0016287490578774998
822 0.0016287490578774998
823 0.0016287490578774998
824 0.0021716654105031832
825 0.0021716654105031832
826 0.0021716654105031832
827 0.0016287490578774998
828 0.0016287490578774998
829 0.0016287490578774998
830 0.0016287490578774998
831 0.0016287490578774998
832 0.0016287490578774998
833 0.0016287490578774998
834 0.0016287490578774998
835 0.0016287490578774998
836 0.0016287490578774998
837 0.0016287490578774998
838 0.0016287490578774998
839 0.0016287490578774998
840 0.0016287490578774998
841 0.0016287490578774998
842 0.0016287490578774998
843 0.0016287490578774998
844 0.0016287490578774998
845 0.0016287490578774998
846 0.0016287490578774998
847 0.0016287490578774998
848 0.0016287490578774998
849 0.0016287490578774998
850 0.0016287490578774998
851 0.0016287490578774998
852 0.0016287490578774998
853 0.0016287490578774998
854 0.0016287490578774998
855 0.0016287490578774998
856 0.0016287490578774998
857 0.0016287490578774998
858 0.0016287490578774998
859 0.0016287490578774998
860 0.0016287490578774998
861 0.0016287490578774998
862 0.0016287490578774998
863 0.0016287490578774998
864 0.0016287490578774998
865 0.0016287490578774998
866 0.0016287490578774998
867 0.0016287490578774998
868 0.0016287490578774998
869 0.0016287490578774998
870 0.0016287490578774998
871 0.0016287490578774998
872 0.0016287490578774998
873 0.0016287490578774998
874 0.0016287490578774998
875 0.0016287490578774998
876 0.0016287490578774998
877 0.0016287490578774998
878 0.0016287490578774998
879 0.0016287490578774998
880 0.0016287490578774998
881 0.0016287490578774998
882 0.0016287490578774998
883 0.0016287490578774998
884 0.0016287490578774998
885 0.0016287490578774998
886 0.0016287490578774998
887 0.0016287490578774998
888 0.0016287490578774998
889 0.0016287490578774998
890 0.0016287490578774998
891 0.0016287490578774998
892 0.0016287490578774998
893 0.0016287490578774998
894 0.0016287490578774998
895 0.0016287490578774998
896 0.0016287490578774998
897 0.0016287490578774998
898 0.0016287490578774998
899 0.0016287490578774998
900 0.0016287490578774998
901 0.0016287490578774998
902 0.0016287490578774998
903 0.0016287490578774998
904 0.0016287490578774998
905 0.0016287490578774998
906 0.0016287490578774998
907 0.0016287490578774998
908 0.0016287490578774998
909 0.0016287490578774998
910 0.0016287490578774998
911 0.0016287490578774998
912 0.0016287490578774998
913 0.0016287490578774998
914 0.0016287490578774998
915 0.0016287490578774998
916 0.0016287490578774998
917 0.0016287490578774998
918 0.0016287490578774998
919 0.0016287490578774998
920 0.0016287490578774998
921 0.0016287490578774998
922 0.0016287490578774998
923 0.0016287490578774998
924 0.0016287490578774998
925 0.0016287490578774998
926 0.0016287490578774998
927 0.0016287490578774998
928 0.0016287490578774998
929 0.0016287490578774998
930 0.0016287490578774998
931 0.0016287490578774998
932 0.0016287490578774998
933 0.0016287490578774998
934 0.0016287490578774998
935 0.0016287490578774998
936 0.0016287490578774998
937 0.0016287490578774998
938 0.0016287490578774998
939 0.0016287490578774998
940 0.0016287490578774998
941 0.0016287490578774998
942 0.0016287490578774998
943 0.0016287490578774998
944 0.0016287490578774998
945 0.0016287490578774998
946 0.0016287490578774998
947 0.0016287490578774998
948 0.0016287490578774998
949 0.0016287490578774998
950 0.0016287490578774998
951 0.0016287490578774998
952 0.0016287490578774998
953 0.0016287490578774998
954 0.0016287490578774998
955 0.0016287490578774998
956 0.0016287490578774998
957 0.0016287490578774998
958 0.0016287490578774998
959 0.0016287490578774998
960 0.0016287490578774998
961 0.0016287490578774998
962 0.0016287490578774998
963 0.0016287490578774998
964 0.0016287490578774998
965 0.0016287490578774998
966 0.0016287490578774998
967 0.0016287490578774998
968 0.0016287490578774998
969 0.0016287490578774998
970 0.0016287490578774998
971 0.0016287490578774998
972 0.0016287490578774998
973 0.0016287490578774998
974 0.0016287490578774998
975 0.0016287490578774998
976 0.0016287490578774998
977 0.0016287490578774998
978 0.0016287490578774998
979 0.0016287490578774998
980 0.0016287490578774998
981 0.0016287490578774998
982 0.0016287490578774998
983 0.0016287490578774998
984 0.0016287490578774998
985 0.0016287490578774998
986 0.0016287490578774998
987 0.0016287490578774998
988 0.0016287490578774998
989 0.0016287490578774998
990 0.0016287490578774998
991 0.0016287490578774998
992 0.0016287490578774998
993 0.0016287490578774998
994 0.0016287490578774998
995 0.0016287490578774998
996 0.0016287490578774998
997 0.0016287490578774998
998 0.0016287490578774998
999 0.0016287490578774998
1000 0.0016287490578774998
1001 0.0016287490578774998
1002 0.0016287490578774998
1003 0.0016287490578774998
1004 0.0016287490578774998
1005 0.0016287490578774998
1006 0.0016287490578774998
1007 0.0016287490578774998
1008 0.0016287490578774998
1009 0.0016287490578774998
1010 0.0016287490578774998
1011 0.0016287490578774998
1012 0.0016287490578774998
1013 0.0016287490578774998
1014 0.0016287490578774998
1015 0.0016287490578774998
1016 0.0016287490578774998
1017 0.0016287490578774998
1018 0.0016287490578774998
1019 0.0016287490578774998
1020 0.0016287490578774998
1021 0.0016287490578774998
1022 0.0016287490578774998
1023 0.0016287490578774998
1024 0.0016287490578774998
1025 0.0016287490578774998
1026 0.0016287490578774998
1027 0.0016287490578774998
1028 0.0016287490578774998
1029 0.0016287490578774998
1030 0.0016287490578774998
1031 0.0016287490578774998
1032 0.0016287490578774998
1033 0.0016287490578774998
1034 0.0016287490578774998
1035 0.0016287490578774998
1036 0.0016287490578774998
1037 0.0016287490578774998
1038 0.0016287490578774998
1039 0.0016287490578774998
1040 0.0016287490578774998
1041 0.0016287490578774998
1042 0.0016287490578774998
1043 0.0016287490578774998
1044 0.0016287490578774998
1045 0.0016287490578774998
1046 0.0016287490578774998
1047 0.0016287490578774998
1048 0.0016287490578774998
1049 0.0016287490578774998
1050 0.0016287490578774998
1051 0.0016287490578774998
1052 0.0016287490578774998
1053 0.0016287490578774998
1054 0.0016287490578774998
1055 0.0016287490578774998
1056 0.0016287490578774998
1057 0.0016287490578774998
1058 0.0016287490578774998
1059 0.0016287490578774998
1060 0.0016287490578774998
1061 0.0016287490578774998
1062 0.0016287490578774998
1063 0.0016287490578774998
1064 0.0016287490578774998
1065 0.0016287490578774998
1066 0.0016287490578774998
1067 0.0016287490578774998
1068 0.0016287490578774998
1069 0.0016287490578774998
1070 0.0016287490578774998
1071 0.0016287490578774998
1072 0.0016287490578774998
1073 0.0016287490578774998
1074 0.0016287490578774998
1075 0.0016287490578774998
1076 0.0016287490578774998
1077 0.0016287490578774998
1078 0.0016287490578774998
1079 0.0016287490578774998
1080 0.0016287490578774998
1081 0.0016287490578774998
1082 0.0016287490578774998
1083 0.0016287490578774998
1084 0.0016287490578774998
1085 0.0016287490578774998
1086 0.0016287490578774998
1087 0.0016287490578774998
1088 0.0016287490578774998
1089 0.0016287490578774998
1090 0.0016287490578774998
1091 0.0016287490578774998
1092 0.0016287490578774998
1093 0.0016287490578774998
1094 0.0016287490578774998
1095 0.0016287490578774998
1096 0.0016287490578774998
1097 0.0016287490578774998
1098 0.0016287490578774998
1099 0.0016287490578774998
1100 0.0016287490578774998
1101 0.0016287490578774998
1102 0.0016287490578774998
1103 0.0016287490578774998
1104 0.0016287490578774998
1105 0.0016287490578774998
1106 0.0016287490578774998
1107 0.0016287490578774998
1108 0.0016287490578774998
1109 0.0016287490578774998
1110 0.0016287490578774998
1111 0.0016287490578774998
1112 0.0016287490578774998
1113 0.0016287490578774998
1114 0.0016287490578774998
1115 0.0016287490578774998
1116 0.0016287490578774998
1117 0.0016287490578774998
1118 0.0016287490578774998
1119 0.0016287490578774998
1120 0.0016287490578774998
1121 0.0016287490578774998
1122 0.0016287490578774998
1123 0.0016287490578774998
1124 0.0016287490578774998
1125 0.0016287490578774998
1126 0.0016287490578774998
1127 0.0016287490578774998
1128 0.0016287490578774998
1129 0.0016287490578774998
1130 0.0016287490578774998
1131 0.0016287490578774998
1132 0.0016287490578774998
1133 0.0016287490578774998
1134 0.0016287490578774998
1135 0.0016287490578774998
1136 0.0016287490578774998
1137 0.0016287490578774998
1138 0.0016287490578774998
1139 0.0016287490578774998
1140 0.0016287490578774998
1141 0.0016287490578774998
1142 0.0016287490578774998
1143 0.0016287490578774998
1144 0.0016287490578774998
1145 0.0016287490578774998
1146 0.0016287490578774998
1147 0.0016287490578774998
1148 0.0016287490578774998
1149 0.0016287490578774998
1150 0.0016287490578774998
1151 0.0016287490578774998
1152 0.0016287490578774998
1153 0.0016287490578774998
1154 0.0016287490578774998
1155 0.0016287490578774998
1156 0.0016287490578774998
1157 0.0016287490578774998
1158 0.0016287490578774998
1159 0.0016287490578774998
1160 0.0016287490578774998
1161 0.0016287490578774998
1162 0.0016287490578774998
1163 0.0016287490578774998
1164 0.0016287490578774998
1165 0.0016287490578774998
1166 0.0016287490578774998
1167 0.0016287490578774998
1168 0.0016287490578774998
1169 0.0016287490578774998
1170 0.0016287490578774998
1171 0.0016287490578774998
1172 0.0016287490578774998
1173 0.0016287490578774998
1174 0.0016287490578774998
1175 0.0016287490578774998
1176 0.0016287490578774998
1177 0.0016287490578774998
1178 0.0016287490578774998
1179 0.0016287490578774998
1180 0.0016287490578774998
1181 0.0016287490578774998
1182 0.0016287490578774998
1183 0.0016287490578774998
1184 0.0016287490578774998
1185 0.0016287490578774998
1186 0.0016287490578774998
1187 0.0016287490578774998
1188 0.0016287490578774998
1189 0.0016287490578774998
1190 0.0016287490578774998
1191 0.0016287490578774998
1192 0.0016287490578774998
1193 0.0016287490578774998
1194 0.0016287490578774998
1195 0.0016287490578774998
1196 0.0016287490578774998
1197 0.0016287490578774998
1198 0.0016287490578774998
1199 0.0016287490578774998
1200 0.0016287490578774998
1201 0.0016287490578774998
1202 0.0016287490578774998
1203 0.0016287490578774998
1204 0.0016287490578774998
1205 0.0016287490578774998
1206 0.0016287490578774998
1207 0.0016287490578774998
1208 0.0016287490578774998
1209 0.0016287490578774998
1210 0.0016287490578774998
1211 0.0016287490578774998
1212 0.0016287490578774998
1213 0.0016287490578774998
1214 0.0016287490578774998
1215 0.0016287490578774998
1216 0.0016287490578774998
1217 0.0016287490578774998
1218 0.0016287490578774998
1219 0.0016287490578774998
1220 0.0016287490578774998
1221 0.0016287490578774998
1222 0.0016287490578774998
1223 0.0016287490578774998
1224 0.0016287490578774998
1225 0.0016287490578774998
1226 0.0016287490578774998
1227 0.0016287490578774998
1228 0.0016287490578774998
1229 0.0016287490578774998
1230 0.0016287490578774998
1231 0.0016287490578774998
1232 0.0016287490578774998
1233 0.0016287490578774998
1234 0.0016287490578774998
1235 0.0016287490578774998
1236 0.0016287490578774998
1237 0.0016287490578774998
1238 0.0016287490578774998
1239 0.0016287490578774998
1240 0.0016287490578774998
1241 0.0016287490578774998
1242 0.0016287490578774998
1243 0.0016287490578774998
1244 0.0016287490578774998
1245 0.0016287490578774998
1246 0.0016287490578774998
1247 0.0016287490578774998
1248 0.0016287490578774998
1249 0.0016287490578774998
1250 0.0016287490578774998
1251 0.0016287490578774998
1252 0.0016287490578774998
1253 0.0016287490578774998
1254 0.0016287490578774998
1255 0.0016287490578774998
1256 0.0016287490578774998
1257 0.0016287490578774998
1258 0.0016287490578774998
1259 0.0016287490578774998
1260 0.0016287490578774998
1261 0.0016287490578774998
1262 0.0016287490578774998
1263 0.0016287490578774998
1264 0.0016287490578774998
1265 0.0016287490578774998
1266 0.0016287490578774998
1267 0.0016287490578774998
1268 0.0016287490578774998
1269 0.0016287490578774998
1270 0.0016287490578774998
1271 0.0016287490578774998
1272 0.0016287490578774998
1273 0.0016287490578774998
1274 0.0016287490578774998
1275 0.0016287490578774998
1276 0.0016287490578774998
1277 0.0016287490578774998
1278 0.0016287490578774998
1279 0.0016287490578774998
1280 0.0016287490578774998
1281 0.0016287490578774998
1282 0.0016287490578774998
1283 0.0016287490578774998
1284 0.0016287490578774998
1285 0.0016287490578774998
1286 0.0016287490578774998
1287 0.0016287490578774998
1288 0.0016287490578774998
1289 0.0016287490578774998
1290 0.0016287490578774998
1291 0.0016287490578774998
1292 0.0016287490578774998
1293 0.0016287490578774998
1294 0.0016287490578774998
1295 0.0016287490578774998
1296 0.0016287490578774998
1297 0.0016287490578774998
1298 0.0016287490578774998
1299 0.0016287490578774998
1300 0.0016287490578774998
1301 0.0016287490578774998
1302 0.0016287490578774998
1303 0.0016287490578774998
1304 0.0016287490578774998
1305 0.0016287490578774998
1306 0.0016287490578774998
1307 0.0016287490578774998
1308 0.0016287490578774998
1309 0.0016287490578774998
1310 0.0016287490578774998
1311 0.0016287490578774998
1312 0.0016287490578774998
1313 0.0016287490578774998
1314 0.0016287490578774998
1315 0.0016287490578774998
1316 0.0016287490578774998
1317 0.0016287490578774998
1318 0.0016287490578774998
1319 0.0016287490578774998
1320 0.0016287490578774998
1321 0.0016287490578774998
1322 0.0016287490578774998
1323 0.0016287490578774998
1324 0.0016287490578774998
1325 0.0016287490578774998
1326 0.0016287490578774998
1327 0.0016287490578774998
1328 0.0016287490578774998
1329 0.0016287490578774998
1330 0.0016287490578774998
1331 0.0016287490578774998
1332 0.0016287490578774998
1333 0.0016287490578774998
1334 0.0016287490578774998
1335 0.0016287490578774998
1336 0.0016287490578774998
1337 0.0016287490578774998
1338 0.0016287490578774998
1339 0.0016287490578774998
1340 0.0016287490578774998
1341 0.0016287490578774998
1342 0.0016287490578774998
1343 0.0016287490578774998
1344 0.0016287490578774998
1345 0.0016287490578774998
1346 0.0016287490578774998
1347 0.0016287490578774998
1348 0.0016287490578774998
1349 0.0016287490578774998
1350 0.0016287490578774998
1351 0.0016287490578774998
1352 0.0016287490578774998
1353 0.0016287490578774998
1354 0.0016287490578774998
1355 0.0016287490578774998
1356 0.0016287490578774998
1357 0.0016287490578774998
1358 0.0016287490578774998
1359 0.0016287490578774998
1360 0.0016287490578774998
1361 0.0016287490578774998
1362 0.0016287490578774998
1363 0.0016287490578774998
1364 0.0016287490578774998
1365 0.0016287490578774998
1366 0.0016287490578774998
1367 0.0016287490578774998
1368 0.0016287490578774998
1369 0.0016287490578774998
1370 0.0016287490578774998
1371 0.0016287490578774998
1372 0.0016287490578774998
1373 0.0016287490578774998
1374 0.0016287490578774998
1375 0.0016287490578774998
1376 0.0016287490578774998
1377 0.0016287490578774998
1378 0.0016287490578774998
1379 0.0016287490578774998
1380 0.0016287490578774998
1381 0.0016287490578774998
1382 0.0016287490578774998
1383 0.0016287490578774998
1384 0.0016287490578774998
1385 0.0016287490578774998
1386 0.0016287490578774998
1387 0.0016287490578774998
1388 0.0016287490578774998
1389 0.0016287490578774998
1390 0.0016287490578774998
1391 0.0016287490578774998
1392 0.0016287490578774998
1393 0.0016287490578774998
1394 0.0016287490578774998
1395 0.0016287490578774998
1396 0.0016287490578774998
1397 0.0016287490578774998
1398 0.0016287490578774998
1399 0.0016287490578774998
1400 0.0016287490578774998
1401 0.0016287490578774998
1402 0.0016287490578774998
1403 0.0016287490578774998
1404 0.0016287490578774998
1405 0.0016287490578774998
1406 0.0016287490578774998
1407 0.0016287490578774998
1408 0.0016287490578774998
1409 0.0016287490578774998
1410 0.0016287490578774998
1411 0.0016287490578774998
1412 0.0016287490578774998
1413 0.0016287490578774998
1414 0.0016287490578774998
1415 0.0016287490578774998
1416 0.0016287490578774998
1417 0.0016287490578774998
1418 0.0016287490578774998
1419 0.0016287490578774998
1420 0.0016287490578774998
1421 0.0016287490578774998
1422 0.0016287490578774998
1423 0.0016287490578774998
1424 0.0016287490578774998
1425 0.0016287490578774998
1426 0.0016287490578774998
1427 0.0016287490578774998
1428 0.0016287490578774998
1429 0.0016287490578774998
1430 0.0016287490578774998
1431 0.0016287490578774998
1432 0.0016287490578774998
1433 0.0016287490578774998
1434 0.0016287490578774998
1435 0.0016287490578774998
1436 0.0016287490578774998
1437 0.0016287490578774998
1438 0.0016287490578774998
1439 0.0016287490578774998
1440 0.0016287490578774998
1441 0.0016287490578774998
1442 0.0016287490578774998
1443 0.0016287490578774998
1444 0.0016287490578774998
1445 0.0016287490578774998
1446 0.0016287490578774998
1447 0.0016287490578774998
1448 0.0016287490578774998
1449 0.0016287490578774998
1450 0.0016287490578774998
1451 0.0016287490578774998
1452 0.0016287490578774998
1453 0.0016287490578774998
1454 0.0016287490578774998
1455 0.0016287490578774998
1456 0.0016287490578774998
1457 0.0016287490578774998
1458 0.0016287490578774998
1459 0.0016287490578774998
1460 0.0016287490578774998
1461 0.0016287490578774998
1462 0.0016287490578774998
1463 0.0016287490578774998
1464 0.0016287490578774998
1465 0.0016287490578774998
1466 0.0016287490578774998
1467 0.0016287490578774998
1468 0.0016287490578774998
1469 0.0016287490578774998
1470 0.0016287490578774998
1471 0.0016287490578774998
1472 0.0016287490578774998
1473 0.0016287490578774998
1474 0.0016287490578774998
1475 0.0016287490578774998
1476 0.0016287490578774998
1477 0.0016287490578774998
1478 0.0016287490578774998
1479 0.0016287490578774998
1480 0.0016287490578774998
1481 0.0016287490578774998
1482 0.0016287490578774998
1483 0.0016287490578774998
1484 0.0016287490578774998
1485 0.0016287490578774998
1486 0.0016287490578774998
1487 0.0016287490578774998
1488 0.0016287490578774998
1489 0.0016287490578774998
1490 0.0016287490578774998
1491 0.0016287490578774998
1492 0.0016287490578774998
1493 0.0016287490578774998
1494 0.0016287490578774998
1495 0.0016287490578774998
1496 0.0016287490578774998
1497 0.0016287490578774998
1498 0.0016287490578774998
1499 0.0016287490578774998
1500 0.0016287490578774998
1501 0.0016287490578774998
1502 0.0016287490578774998
1503 0.0016287490578774998
1504 0.0016287490578774998
1505 0.0016287490578774998
1506 0.0016287490578774998
1507 0.0016287490578774998
1508 0.0016287490578774998
1509 0.0016287490578774998
1510 0.0016287490578774998
1511 0.0016287490578774998
1512 0.0016287490578774998
1513 0.0016287490578774998
1514 0.0016287490578774998
1515 0.0016287490578774998
1516 0.0016287490578774998
1517 0.0016287490578774998
1518 0.0016287490578774998
1519 0.0016287490578774998
1520 0.0016287490578774998
1521 0.0016287490578774998
1522 0.0016287490578774998
1523 0.0016287490578774998
1524 0.0016287490578774998
1525 0.0016287490578774998
1526 0.0016287490578774998
1527 0.0016287490578774998
1528 0.0016287490578774998
1529 0.0016287490578774998
1530 0.0016287490578774998
1531 0.0016287490578774998
1532 0.0016287490578774998
1533 0.0016287490578774998
1534 0.0016287490578774998
1535 0.0016287490578774998
1536 0.0016287490578774998
1537 0.0016287490578774998
1538 0.0016287490578774998
1539 0.0016287490578774998
1540 0.0016287490578774998
1541 0.0016287490578774998
1542 0.0016287490578774998
1543 0.0016287490578774998
1544 0.0016287490578774998
1545 0.0016287490578774998
1546 0.0016287490578774998
1547 0.0016287490578774998
1548 0.0016287490578774998
1549 0.0016287490578774998
1550 0.0016287490578774998
1551 0.0016287490578774998
1552 0.0016287490578774998
1553 0.0016287490578774998
1554 0.0016287490578774998
1555 0.0016287490578774998
1556 0.0016287490578774998
1557 0.0016287490578774998
1558 0.0016287490578774998
1559 0.0016287490578774998
1560 0.0016287490578774998
1561 0.0016287490578774998
1562 0.0016287490578774998
1563 0.0016287490578774998
1564 0.0016287490578774998
1565 0.0016287490578774998
1566 0.0016287490578774998
1567 0.0016287490578774998
1568 0.0016287490578774998
1569 0.0016287490578774998
1570 0.0016287490578774998
1571 0.0016287490578774998
1572 0.0016287490578774998
1573 0.0016287490578774998
1574 0.0016287490578774998
1575 0.0016287490578774998
1576 0.0016287490578774998
1577 0.0016287490578774998
1578 0.0016287490578774998
1579 0.0016287490578774998
1580 0.0016287490578774998
1581 0.0016287490578774998
1582 0.0016287490578774998
1583 0.0016287490578774998
1584 0.0016287490578774998
1585 0.0016287490578774998
1586 0.0016287490578774998
1587 0.0016287490578774998
1588 0.0016287490578774998
1589 0.0016287490578774998
1590 0.0016287490578774998
1591 0.0016287490578774998
1592 0.0016287490578774998
1593 0.0016287490578774998
1594 0.0016287490578774998
1595 0.0016287490578774998
1596 0.0016287490578774998
1597 0.0016287490578774998
1598 0.0016287490578774998
1599 0.0016287490578774998
1600 0.0016287490578774998
1601 0.0016287490578774998
1602 0.0016287490578774998
1603 0.0016287490578774998
1604 0.0016287490578774998
1605 0.0016287490578774998
1606 0.0016287490578774998
1607 0.0016287490578774998
1608 0.0016287490578774998
1609 0.0016287490578774998
1610 0.0016287490578774998
1611 0.0016287490578774998
1612 0.0016287490578774998
1613 0.0016287490578774998
1614 0.0016287490578774998
1615 0.0016287490578774998
1616 0.0016287490578774998
1617 0.0016287490578774998
1618 0.0016287490578774998
1619 0.0016287490578774998
1620 0.0016287490578774998
1621 0.0016287490578774998
1622 0.0016287490578774998
1623 0.0016287490578774998
1624 0.0016287490578774998
1625 0.0016287490578774998
1626 0.0016287490578774998
1627 0.0016287490578774998
1628 0.0016287490578774998
1629 0.0016287490578774998
1630 0.0016287490578774998
1631 0.0016287490578774998
1632 0.0016287490578774998
1633 0.0016287490578774998
1634 0.0016287490578774998
1635 0.0016287490578774998
1636 0.0016287490578774998
1637 0.0016287490578774998
1638 0.0016287490578774998
1639 0.0016287490578774998
1640 0.0016287490578774998
1641 0.0016287490578774998
1642 0.0016287490578774998
1643 0.0016287490578774998
1644 0.0016287490578774998
1645 0.0016287490578774998
1646 0.0016287490578774998
1647 0.0016287490578774998
1648 0.0016287490578774998
1649 0.0016287490578774998
1650 0.0016287490578774998
1651 0.0016287490578774998
1652 0.0016287490578774998
1653 0.0016287490578774998
1654 0.0016287490578774998
1655 0.0016287490578774998
1656 0.0016287490578774998
1657 0.0016287490578774998
1658 0.0016287490578774998
1659 0.0016287490578774998
1660 0.0016287490578774998
1661 0.0016287490578774998
1662 0.0016287490578774998
1663 0.0016287490578774998
1664 0.0016287490578774998
1665 0.0016287490578774998
1666 0.0016287490578774998
1667 0.0016287490578774998
1668 0.0016287490578774998
1669 0.0016287490578774998
1670 0.0016287490578774998
1671 0.0016287490578774998
1672 0.0016287490578774998
1673 0.0016287490578774998
1674 0.0016287490578774998
1675 0.0016287490578774998
1676 0.0016287490578774998
1677 0.0016287490578774998
1678 0.0016287490578774998
1679 0.0016287490578774998
1680 0.0016287490578774998
1681 0.0016287490578774998
1682 0.0016287490578774998
1683 0.0016287490578774998
1684 0.0016287490578774998
1685 0.0016287490578774998
1686 0.0016287490578774998
1687 0.0016287490578774998
1688 0.0016287490578774998
1689 0.0016287490578774998
1690 0.0016287490578774998
1691 0.0016287490578774998
1692 0.0016287490578774998
1693 0.0016287490578774998
1694 0.0016287490578774998
1695 0.0016287490578774998
1696 0.0016287490578774998
1697 0.0016287490578774998
1698 0.0016287490578774998
1699 0.0016287490578774998
1700 0.0016287490578774998
1701 0.0016287490578774998
1702 0.0016287490578774998
1703 0.0016287490578774998
1704 0.0016287490578774998
1705 0.0016287490578774998
1706 0.0016287490578774998
1707 0.0016287490578774998
1708 0.0016287490578774998
1709 0.0016287490578774998
1710 0.0016287490578774998
1711 0.0016287490578774998
1712 0.0016287490578774998
1713 0.0016287490578774998
1714 0.0016287490578774998
1715 0.0016287490578774998
1716 0.0016287490578774998
1717 0.0016287490578774998
1718 0.0016287490578774998
1719 0.0016287490578774998
1720 0.0016287490578774998
1721 0.0016287490578774998
1722 0.0016287490578774998
1723 0.0016287490578774998
1724 0.0016287490578774998
1725 0.0016287490578774998
1726 0.0016287490578774998
1727 0.0016287490578774998
1728 0.0016287490578774998
1729 0.0016287490578774998
1730 0.0016287490578774998
1731 0.0016287490578774998
1732 0.0016287490578774998
1733 0.0016287490578774998
1734 0.0016287490578774998
1735 0.0016287490578774998
1736 0.0016287490578774998
1737 0.0016287490578774998
1738 0.0016287490578774998
1739 0.0016287490578774998
1740 0.0016287490578774998
1741 0.0016287490578774998
1742 0.0016287490578774998
1743 0.0016287490578774998
1744 0.0016287490578774998
1745 0.0016287490578774998
1746 0.0016287490578774998
1747 0.0016287490578774998
1748 0.0016287490578774998
1749 0.0016287490578774998
1750 0.0016287490578774998
1751 0.0016287490578774998
1752 0.0016287490578774998
1753 0.0016287490578774998
1754 0.0016287490578774998
1755 0.0016287490578774998
1756 0.0016287490578774998
1757 0.0016287490578774998
1758 0.0016287490578774998
1759 0.0016287490578774998
1760 0.0016287490578774998
1761 0.0016287490578774998
1762 0.0016287490578774998
1763 0.0016287490578774998
1764 0.0016287490578774998
1765 0.0016287490578774998
1766 0.0016287490578774998
1767 0.0016287490578774998
1768 0.0016287490578774998
1769 0.0016287490578774998
1770 0.0016287490578774998
1771 0.0016287490578774998
1772 0.0016287490578774998
1773 0.0016287490578774998
1774 0.0016287490578774998
1775 0.0016287490578774998
1776 0.0016287490578774998
1777 0.0016287490578774998
1778 0.0016287490578774998
1779 0.0016287490578774998
1780 0.0016287490578774998
1781 0.0016287490578774998
1782 0.0016287490578774998
1783 0.0016287490578774998
1784 0.0016287490578774998
1785 0.0016287490578774998
1786 0.0016287490578774998
1787 0.0016287490578774998
1788 0.0016287490578774998
1789 0.0016287490578774998
1790 0.0016287490578774998
1791 0.0016287490578774998
1792 0.0016287490578774998
1793 0.0016287490578774998
1794 0.0016287490578774998
1795 0.0016287490578774998
1796 0.0016287490578774998
1797 0.0016287490578774998
1798 0.0016287490578774998
1799 0.0016287490578774998
1800 0.0016287490578774998
1801 0.0016287490578774998
1802 0.0016287490578774998
1803 0.0016287490578774998
1804 0.0016287490578774998
1805 0.0016287490578774998
1806 0.0016287490578774998
1807 0.0016287490578774998
1808 0.0016287490578774998
1809 0.0016287490578774998
1810 0.0016287490578774998
1811 0.0016287490578774998
1812 0.0016287490578774998
1813 0.0016287490578774998
1814 0.0016287490578774998
1815 0.0016287490578774998
1816 0.0016287490578774998
1817 0.0016287490578774998
1818 0.0016287490578774998
1819 0.0016287490578774998
1820 0.0016287490578774998
1821 0.0016287490578774998
1822 0.0016287490578774998
1823 0.0016287490578774998
1824 0.0016287490578774998
1825 0.0016287490578774998
1826 0.0016287490578774998
1827 0.0016287490578774998
1828 0.0016287490578774998
1829 0.0016287490578774998
1830 0.0016287490578774998
1831 0.0016287490578774998
1832 0.0016287490578774998
1833 0.0016287490578774998
1834 0.0016287490578774998
1835 0.0016287490578774998
1836 0.0016287490578774998
1837 0.0016287490578774998
1838 0.0016287490578774998
1839 0.0016287490578774998
1840 0.0016287490578774998
1841 0.0016287490578774998
1842 0.0016287490578774998
1843 0.0016287490578774998
1844 0.0016287490578774998
1845 0.0016287490578774998
1846 0.0016287490578774998
1847 0.0016287490578774998
1848 0.0016287490578774998
1849 0.0016287490578774998
1850 0.0016287490578774998
1851 0.0016287490578774998
1852 0.0016287490578774998
1853 0.0016287490578774998
1854 0.0016287490578774998
1855 0.0016287490578774998
1856 0.0016287490578774998
1857 0.0016287490578774998
1858 0.0016287490578774998
1859 0.0016287490578774998
1860 0.0016287490578774998
1861 0.0016287490578774998
1862 0.0016287490578774998
1863 0.0016287490578774998
1864 0.0016287490578774998
1865 0.0016287490578774998
1866 0.0016287490578774998
1867 0.0016287490578774998
1868 0.0016287490578774998
1869 0.0016287490578774998
1870 0.0016287490578774998
1871 0.0016287490578774998
1872 0.0016287490578774998
1873 0.0016287490578774998
1874 0.0016287490578774998
1875 0.0016287490578774998
1876 0.0016287490578774998
1877 0.0016287490578774998
1878 0.0016287490578774998
1879 0.0016287490578774998
1880 0.0016287490578774998
1881 0.0016287490578774998
1882 0.0016287490578774998
1883 0.0016287490578774998
1884 0.0016287490578774998
1885 0.0016287490578774998
1886 0.0016287490578774998
1887 0.0016287490578774998
1888 0.0016287490578774998
1889 0.0016287490578774998
1890 0.0016287490578774998
1891 0.0016287490578774998
1892 0.0016287490578774998
1893 0.0016287490578774998
1894 0.0016287490578774998
1895 0.0016287490578774998
1896 0.0016287490578774998
1897 0.0016287490578774998
1898 0.0016287490578774998
1899 0.0016287490578774998
1900 0.0016287490578774998
1901 0.0016287490578774998
1902 0.0016287490578774998
1903 0.0016287490578774998
1904 0.0016287490578774998
1905 0.0016287490578774998
1906 0.0016287490578774998
1907 0.0016287490578774998
1908 0.0016287490578774998
1909 0.0016287490578774998
1910 0.0016287490578774998
1911 0.0016287490578774998
1912 0.0016287490578774998
1913 0.0016287490578774998
1914 0.0016287490578774998
1915 0.0016287490578774998
1916 0.0016287490578774998
1917 0.0016287490578774998
1918 0.0016287490578774998
1919 0.0016287490578774998
1920 0.0016287490578774998
1921 0.0016287490578774998
1922 0.0016287490578774998
1923 0.0016287490578774998
1924 0.0016287490578774998
1925 0.0016287490578774998
1926 0.0016287490578774998
1927 0.0016287490578774998
1928 0.0016287490578774998
1929 0.0016287490578774998
1930 0.0016287490578774998
1931 0.0016287490578774998
1932 0.0016287490578774998
1933 0.0016287490578774998
1934 0.0016287490578774998
1935 0.0016287490578774998
1936 0.0016287490578774998
1937 0.0016287490578774998
1938 0.0016287490578774998
1939 0.0016287490578774998
1940 0.0016287490578774998
1941 0.0016287490578774998
1942 0.0016287490578774998
1943 0.0016287490578774998
1944 0.0016287490578774998
1945 0.0016287490578774998
1946 0.0016287490578774998
1947 0.0016287490578774998
1948 0.0016287490578774998
1949 0.0016287490578774998
1950 0.0016287490578774998
1951 0.0016287490578774998
1952 0.0016287490578774998
1953 0.0016287490578774998
1954 0.0016287490578774998
1955 0.0016287490578774998
1956 0.0016287490578774998
1957 0.0016287490578774998
1958 0.0016287490578774998
1959 0.0016287490578774998
1960 0.0016287490578774998
1961 0.0016287490578774998
1962 0.0016287490578774998
1963 0.0016287490578774998
1964 0.0016287490578774998
1965 0.0016287490578774998
1966 0.0016287490578774998
1967 0.0016287490578774998
1968 0.0016287490578774998
1969 0.0016287490578774998
1970 0.0016287490578774998
1971 0.0016287490578774998
1972 0.0016287490578774998
1973 0.0016287490578774998
1974 0.0016287490578774998
1975 0.0016287490578774998
1976 0.0016287490578774998
1977 0.0016287490578774998
1978 0.0016287490578774998
1979 0.0016287490578774998
1980 0.0016287490578774998
1981 0.0016287490578774998
1982 0.0016287490578774998
1983 0.0010858327052516664
1984 0.0016287490578774998
1985 0.0016287490578774998
1986 0.0016287490578774998
1987 0.0016287490578774998
1988 0.0010858327052516664
1989 0.0016287490578774998
1990 0.0016287490578774998
1991 0.0010858327052516664
1992 0.0010858327052516664
1993 0.0010858327052516664
1994 0.0010858327052516664
1995 0.0010858327052516664
1996 0.0010858327052516664
1997 0.0010858327052516664
1998 0.0010858327052516664
1999 0.0010858327052516664
2000 0.0010858327052516664
2001 0.0010858327052516664
2002 0.0010858327052516664
2003 0.0010858327052516664
2004 0.0010858327052516664
2005 0.0010858327052516664
2006 0.0010858327052516664
2007 0.0010858327052516664
2008 0.0010858327052516664
2009 0.0010858327052516664
2010 0.0010858327052516664
2011 0.0010858327052516664
2012 0.0010858327052516664
2013 0.0010858327052516664
2014 0.0010858327052516664
2015 0.0010858327052516664
2016 0.0010858327052516664
2017 0.0010858327052516664
2018 0.0010858327052516664
2019 0.0010858327052516664
2020 0.0010858327052516664
2021 0.0010858327052516664
2022 0.0010858327052516664
2023 0.0010858327052516664
2024 0.0010858327052516664
2025 0.0010858327052516664
2026 0.0010858327052516664
2027 0.0010858327052516664
2028 0.0010858327052516664
2029 0.0010858327052516664
2030 0.0010858327052516664
2031 0.0010858327052516664
2032 0.0010858327052516664
2033 0.0010858327052516664
2034 0.0010858327052516664
2035 0.0010858327052516664
2036 0.0010858327052516664
2037 0.0010858327052516664
2038 0.0010858327052516664
2039 0.0010858327052516664
2040 0.0010858327052516664
2041 0.0010858327052516664
2042 0.0010858327052516664
2043 0.0010858327052516664
2044 0.0010858327052516664
2045 0.0010858327052516664
2046 0.0010858327052516664
2047 0.0010858327052516664
2048 0.0010858327052516664
2049 0.0010858327052516664
2050 0.0010858327052516664
2051 0.0010858327052516664
2052 0.0010858327052516664
2053 0.0010858327052516664
2054 0.0010858327052516664
2055 0.0010858327052516664
2056 0.0010858327052516664
2057 0.0010858327052516664
2058 0.0010858327052516664
2059 0.0010858327052516664
2060 0.0010858327052516664
2061 0.0010858327052516664
2062 0.0010858327052516664
2063 0.0010858327052516664
2064 0.0010858327052516664
2065 0.0010858327052516664
2066 0.0010858327052516664
2067 0.0010858327052516664
2068 0.0010858327052516664
2069 0.0010858327052516664
2070 0.0010858327052516664
2071 0.0010858327052516664
2072 0.0010858327052516664
2073 0.0010858327052516664
2074 0.0010858327052516664
2075 0.0010858327052516664
2076 0.0010858327052516664
2077 0.0010858327052516664
2078 0.0010858327052516664
2079 0.0010858327052516664
2080 0.0010858327052516664
2081 0.0010858327052516664
2082 0.0010858327052516664
2083 0.0010858327052516664
2084 0.0010858327052516664
2085 0.0010858327052516664
2086 0.0010858327052516664
2087 0.0010858327052516664
2088 0.0010858327052516664
2089 0.0010858327052516664
2090 0.0010858327052516664
2091 0.0010858327052516664
2092 0.0010858327052516664
2093 0.0010858327052516664
2094 0.0010858327052516664
2095 0.0010858327052516664
2096 0.0010858327052516664
2097 0.0010858327052516664
2098 0.0010858327052516664
2099 0.0010858327052516664
2100 0.0010858327052516664
2101 0.0010858327052516664
2102 0.0010858327052516664
2103 0.0010858327052516664
2104 0.0010858327052516664
2105 0.0010858327052516664
2106 0.0010858327052516664
2107 0.0010858327052516664
2108 0.0010858327052516664
2109 0.0010858327052516664
2110 0.0010858327052516664
2111 0.0010858327052516664
2112 0.0010858327052516664
2113 0.0010858327052516664
2114 0.0010858327052516664
2115 0.0010858327052516664
2116 0.0010858327052516664
2117 0.0010858327052516664
2118 0.0010858327052516664
2119 0.0010858327052516664
2120 0.0010858327052516664
2121 0.0010858327052516664
2122 0.0010858327052516664
2123 0.0010858327052516664
2124 0.0010858327052516664
2125 0.0010858327052516664
2126 0.0010858327052516664
2127 0.0010858327052516664
2128 0.0010858327052516664
2129 0.0010858327052516664
2130 0.0010858327052516664
2131 0.0010858327052516664
2132 0.0010858327052516664
2133 0.0010858327052516664
2134 0.0010858327052516664
2135 0.0010858327052516664
2136 0.0010858327052516664
2137 0.0010858327052516664
2138 0.0010858327052516664
2139 0.0010858327052516664
2140 0.0010858327052516664
2141 0.0010858327052516664
2142 0.0010858327052516664
2143 0.0010858327052516664
2144 0.0010858327052516664
2145 0.0010858327052516664
2146 0.0010858327052516664
2147 0.0010858327052516664
2148 0.0010858327052516664
2149 0.0010858327052516664
2150 0.0010858327052516664
2151 0.0010858327052516664
2152 0.0010858327052516664
2153 0.0010858327052516664
2154 0.0010858327052516664
2155 0.0010858327052516664
2156 0.0010858327052516664
2157 0.0010858327052516664
2158 0.0010858327052516664
2159 0.0010858327052516664
2160 0.0010858327052516664
2161 0.0010858327052516664
2162 0.0010858327052516664
2163 0.0010858327052516664
2164 0.0010858327052516664
2165 0.0010858327052516664
2166 0.0010858327052516664
2167 0.0010858327052516664
2168 0.0010858327052516664
2169 0.0010858327052516664
2170 0.0010858327052516664
2171 0.0010858327052516664
2172 0.0010858327052516664
2173 0.0010858327052516664
2174 0.0010858327052516664
2175 0.0010858327052516664
2176 0.0010858327052516664
2177 0.0010858327052516664
2178 0.0010858327052516664
2179 0.0010858327052516664
2180 0.0010858327052516664
2181 0.0010858327052516664
2182 0.0010858327052516664
2183 0.0010858327052516664
2184 0.0010858327052516664
2185 0.0010858327052516664
2186 0.0010858327052516664
2187 0.0010858327052516664
2188 0.0010858327052516664
2189 0.0010858327052516664
2190 0.0010858327052516664
2191 0.0010858327052516664
2192 0.0010858327052516664
2193 0.0010858327052516664
2194 0.0010858327052516664
2195 0.0010858327052516664
2196 0.0010858327052516664
2197 0.0010858327052516664
2198 0.0010858327052516664
2199 0.0010858327052516664
2200 0.0010858327052516664
2201 0.0010858327052516664
2202 0.0010858327052516664
2203 0.0010858327052516664
2204 0.0010858327052516664
2205 0.0010858327052516664
2206 0.0010858327052516664
2207 0.0010858327052516664
2208 0.0010858327052516664
2209 0.0010858327052516664
2210 0.0010858327052516664
2211 0.0010858327052516664
2212 0.0010858327052516664
2213 0.0010858327052516664
2214 0.0010858327052516664
2215 0.0010858327052516664
2216 0.0010858327052516664
2217 0.0010858327052516664
2218 0.0010858327052516664
2219 0.0010858327052516664
2220 0.0010858327052516664
2221 0.0010858327052516664
2222 0.0010858327052516664
2223 0.0010858327052516664
2224 0.0010858327052516664
2225 0.0010858327052516664
2226 0.0010858327052516664
2227 0.0010858327052516664
2228 0.0010858327052516664
2229 0.0010858327052516664
2230 0.0010858327052516664
2231 0.0010858327052516664
2232 0.0010858327052516664
2233 0.0010858327052516664
2234 0.0010858327052516664
2235 0.0010858327052516664
2236 0.0010858327052516664
2237 0.0010858327052516664
2238 0.0010858327052516664
2239 0.0010858327052516664
2240 0.0010858327052516664
2241 0.0010858327052516664
2242 0.0010858327052516664
2243 0.0010858327052516664
2244 0.0010858327052516664
2245 0.0010858327052516664
2246 0.0010858327052516664
2247 0.0010858327052516664
2248 0.0010858327052516664
2249 0.0010858327052516664
2250 0.0010858327052516664
2251 0.0010858327052516664
2252 0.0010858327052516664
2253 0.0010858327052516664
2254 0.0010858327052516664
2255 0.0010858327052516664
2256 0.0010858327052516664
2257 0.0010858327052516664
2258 0.0010858327052516664
2259 0.0010858327052516664
2260 0.0010858327052516664
2261 0.0010858327052516664
2262 0.0010858327052516664
2263 0.0010858327052516664
2264 0.0010858327052516664
2265 0.0010858327052516664
2266 0.0010858327052516664
2267 0.0010858327052516664
2268 0.0010858327052516664
2269 0.0010858327052516664
2270 0.0010858327052516664
2271 0.0010858327052516664
2272 0.0010858327052516664
2273 0.0010858327052516664
2274 0.0010858327052516664
2275 0.0010858327052516664
2276 0.0010858327052516664
2277 0.0010858327052516664
2278 0.0010858327052516664
2279 0.0010858327052516664
2280 0.0010858327052516664
2281 0.0010858327052516664
2282 0.0010858327052516664
2283 0.0010858327052516664
2284 0.0010858327052516664
2285 0.0010858327052516664
2286 0.0010858327052516664
2287 0.0010858327052516664
2288 0.0010858327052516664
2289 0.0010858327052516664
2290 0.0010858327052516664
2291 0.0010858327052516664
2292 0.0010858327052516664
2293 0.0010858327052516664
2294 0.0010858327052516664
2295 0.0010858327052516664
2296 0.0010858327052516664
2297 0.0010858327052516664
2298 0.0010858327052516664
2299 0.0010858327052516664
2300 0.0010858327052516664
2301 0.0010858327052516664
2302 0.0010858327052516664
2303 0.0010858327052516664
2304 0.0010858327052516664
2305 0.0010858327052516664
2306 0.0010858327052516664
2307 0.0010858327052516664
2308 0.0010858327052516664
2309 0.0010858327052516664
2310 0.0010858327052516664
2311 0.0010858327052516664
2312 0.0010858327052516664
2313 0.0010858327052516664
2314 0.0010858327052516664
2315 0.0010858327052516664
2316 0.0010858327052516664
2317 0.0010858327052516664
2318 0.0010858327052516664
2319 0.0010858327052516664
2320 0.0010858327052516664
2321 0.0010858327052516664
2322 0.0010858327052516664
2323 0.0010858327052516664
2324 0.0010858327052516664
2325 0.0010858327052516664
2326 0.0010858327052516664
2327 0.0010858327052516664
2328 0.0010858327052516664
2329 0.0010858327052516664
2330 0.0010858327052516664
2331 0.0010858327052516664
2332 0.0010858327052516664
2333 0.0010858327052516664
2334 0.0010858327052516664
2335 0.0010858327052516664
2336 0.0010858327052516664
2337 0.0010858327052516664
2338 0.0010858327052516664
2339 0.0010858327052516664
2340 0.0010858327052516664
2341 0.0010858327052516664
2342 0.0010858327052516664
2343 0.0010858327052516664
2344 0.0010858327052516664
2345 0.0010858327052516664
2346 0.0010858327052516664
2347 0.0010858327052516664
2348 0.0010858327052516664
2349 0.0010858327052516664
2350 0.0010858327052516664
2351 0.0010858327052516664
2352 0.0010858327052516664
2353 0.0010858327052516664
2354 0.0010858327052516664
2355 0.0010858327052516664
2356 0.0010858327052516664
2357 0.0010858327052516664
2358 0.0010858327052516664
2359 0.0010858327052516664
2360 0.0010858327052516664
2361 0.0010858327052516664
2362 0.0010858327052516664
2363 0.0010858327052516664
2364 0.0010858327052516664
2365 0.0010858327052516664
2366 0.0010858327052516664
2367 0.0010858327052516664
2368 0.0010858327052516664
2369 0.0010858327052516664
2370 0.0010858327052516664
2371 0.0010858327052516664
2372 0.0010858327052516664
2373 0.0010858327052516664
2374 0.0010858327052516664
2375 0.0010858327052516664
2376 0.0010858327052516664
2377 0.0010858327052516664
2378 0.0010858327052516664
2379 0.0010858327052516664
2380 0.0010858327052516664
2381 0.0010858327052516664
2382 0.0010858327052516664
2383 0.0010858327052516664
2384 0.0010858327052516664
2385 0.0010858327052516664
2386 0.0010858327052516664
2387 0.0010858327052516664
2388 0.0010858327052516664
2389 0.0010858327052516664
2390 0.0010858327052516664
2391 0.0010858327052516664
2392 0.0010858327052516664
2393 0.0010858327052516664
2394 0.0010858327052516664
2395 0.0010858327052516664
2396 0.0010858327052516664
2397 0.0010858327052516664
2398 0.0010858327052516664
2399 0.0010858327052516664
2400 0.0010858327052516664
2401 0.0010858327052516664
2402 0.0010858327052516664
2403 0.0010858327052516664
2404 0.0010858327052516664
2405 0.0010858327052516664
2406 0.0010858327052516664
2407 0.0010858327052516664
2408 0.0010858327052516664
2409 0.0010858327052516664
2410 0.0010858327052516664
2411 0.0010858327052516664
2412 0.0010858327052516664
2413 0.0010858327052516664
2414 0.0010858327052516664
2415 0.0010858327052516664
2416 0.0010858327052516664
2417 0.0010858327052516664
2418 0.0010858327052516664
2419 0.0010858327052516664
2420 0.0010858327052516664
2421 0.0010858327052516664
2422 0.0010858327052516664
2423 0.0010858327052516664
2424 0.0010858327052516664
2425 0.0010858327052516664
2426 0.0010858327052516664
2427 0.0010858327052516664
2428 0.0010858327052516664
2429 0.0010858327052516664
2430 0.0010858327052516664
2431 0.0010858327052516664
2432 0.0010858327052516664
2433 0.0010858327052516664
2434 0.0010858327052516664
2435 0.0010858327052516664
2436 0.0010858327052516664
2437 0.0010858327052516664
2438 0.0010858327052516664
2439 0.0010858327052516664
2440 0.0010858327052516664
2441 0.0010858327052516664
2442 0.0010858327052516664
2443 0.0010858327052516664
2444 0.0010858327052516664
2445 0.0010858327052516664
2446 0.0010858327052516664
2447 0.0010858327052516664
2448 0.0010858327052516664
2449 0.0010858327052516664
2450 0.0010858327052516664
2451 0.0010858327052516664
2452 0.0010858327052516664
2453 0.0010858327052516664
2454 0.0010858327052516664
2455 0.0010858327052516664
2456 0.0010858327052516664
2457 0.0010858327052516664
2458 0.0010858327052516664
2459 0.0010858327052516664
2460 0.0010858327052516664
2461 0.0010858327052516664
2462 0.0010858327052516664
2463 0.0010858327052516664
2464 0.0010858327052516664
2465 0.0010858327052516664
2466 0.0010858327052516664
2467 0.0010858327052516664
2468 0.0010858327052516664
2469 0.0010858327052516664
2470 0.0010858327052516664
2471 0.0010858327052516664
2472 0.0010858327052516664
2473 0.0010858327052516664
2474 0.0010858327052516664
2475 0.0010858327052516664
2476 0.0010858327052516664
2477 0.0010858327052516664
2478 0.0010858327052516664
2479 0.0010858327052516664
2480 0.0010858327052516664
2481 0.0010858327052516664
2482 0.0010858327052516664
2483 0.0010858327052516664
2484 0.0010858327052516664
2485 0.0010858327052516664
2486 0.0010858327052516664
2487 0.0010858327052516664
2488 0.0010858327052516664
2489 0.0010858327052516664
2490 0.0010858327052516664
2491 0.0010858327052516664
2492 0.0010858327052516664
2493 0.0010858327052516664
2494 0.0010858327052516664
2495 0.0010858327052516664
2496 0.0010858327052516664
2497 0.0010858327052516664
2498 0.0010858327052516664
2499 0.0010858327052516664
2500 0.0010858327052516664
2501 0.0010858327052516664
2502 0.0010858327052516664
2503 0.0010858327052516664
2504 0.0010858327052516664
2505 0.0010858327052516664
2506 0.0010858327052516664
2507 0.0010858327052516664
2508 0.0010858327052516664
2509 0.0010858327052516664
2510 0.0010858327052516664
2511 0.0010858327052516664
2512 0.0010858327052516664
2513 0.0010858327052516664
2514 0.0010858327052516664
2515 0.0010858327052516664
2516 0.0010858327052516664
2517 0.0010858327052516664
2518 0.0010858327052516664
2519 0.0010858327052516664
2520 0.0010858327052516664
2521 0.0010858327052516664
2522 0.0010858327052516664
2523 0.0010858327052516664
2524 0.0010858327052516664
2525 0.0010858327052516664
2526 0.0010858327052516664
2527 0.0010858327052516664
2528 0.0010858327052516664
2529 0.0010858327052516664
2530 0.0010858327052516664
2531 0.0010858327052516664
2532 0.0010858327052516664
2533 0.0010858327052516664
2534 0.0010858327052516664
2535 0.0010858327052516664
2536 0.0010858327052516664
2537 0.0010858327052516664
2538 0.0010858327052516664
2539 0.0010858327052516664
2540 0.0010858327052516664
2541 0.0010858327052516664
2542 0.0010858327052516664
2543 0.0010858327052516664
2544 0.0010858327052516664
2545 0.0010858327052516664
2546 0.0010858327052516664
2547 0.0010858327052516664
2548 0.0010858327052516664
2549 0.0010858327052516664
2550 0.0010858327052516664
2551 0.0010858327052516664
2552 0.0010858327052516664
2553 0.0010858327052516664
2554 0.0010858327052516664
2555 0.0010858327052516664
2556 0.0010858327052516664
2557 0.0010858327052516664
2558 0.0010858327052516664
2559 0.0010858327052516664
2560 0.0010858327052516664
2561 0.0010858327052516664
2562 0.0010858327052516664
2563 0.0010858327052516664
2564 0.0010858327052516664
2565 0.0010858327052516664
2566 0.0010858327052516664
2567 0.0010858327052516664
2568 0.0010858327052516664
2569 0.0010858327052516664
2570 0.0010858327052516664
2571 0.0010858327052516664
2572 0.0010858327052516664
2573 0.0010858327052516664
2574 0.0010858327052516664
2575 0.0010858327052516664
2576 0.0010858327052516664
2577 0.0010858327052516664
2578 0.0010858327052516664
2579 0.0010858327052516664
2580 0.0010858327052516664
2581 0.0010858327052516664
2582 0.0010858327052516664
2583 0.0010858327052516664
2584 0.0010858327052516664
2585 0.0010858327052516664
2586 0.0010858327052516664
2587 0.0010858327052516664
2588 0.0010858327052516664
2589 0.0010858327052516664
2590 0.0010858327052516664
2591 0.0010858327052516664
2592 0.0010858327052516664
2593 0.0010858327052516664
2594 0.0010858327052516664
2595 0.0010858327052516664
2596 0.0010858327052516664
2597 0.0010858327052516664
2598 0.0010858327052516664
2599 0.0010858327052516664
2600 0.0010858327052516664
2601 0.0010858327052516664
2602 0.0010858327052516664
2603 0.0010858327052516664
2604 0.0010858327052516664
2605 0.0010858327052516664
2606 0.0010858327052516664
2607 0.0010858327052516664
2608 0.0010858327052516664
2609 0.0010858327052516664
2610 0.0010858327052516664
2611 0.0010858327052516664
2612 0.0010858327052516664
2613 0.0010858327052516664
2614 0.0010858327052516664
2615 0.0010858327052516664
2616 0.0010858327052516664
2617 0.0010858327052516664
2618 0.0010858327052516664
2619 0.0010858327052516664
2620 0.0010858327052516664
2621 0.0010858327052516664
2622 0.0010858327052516664
2623 0.0010858327052516664
2624 0.0010858327052516664
2625 0.0010858327052516664
2626 0.0010858327052516664
2627 0.0010858327052516664
2628 0.0010858327052516664
2629 0.0010858327052516664
2630 0.0010858327052516664
2631 0.0010858327052516664
2632 0.0010858327052516664
2633 0.0010858327052516664
2634 0.0010858327052516664
2635 0.0010858327052516664
2636 0.0010858327052516664
2637 0.0010858327052516664
2638 0.0010858327052516664
2639 0.0010858327052516664
2640 0.0010858327052516664
2641 0.0010858327052516664
2642 0.0010858327052516664
2643 0.0010858327052516664
2644 0.0010858327052516664
2645 0.0010858327052516664
2646 0.0010858327052516664
2647 0.0010858327052516664
2648 0.0010858327052516664
2649 0.0010858327052516664
2650 0.0010858327052516664
2651 0.0010858327052516664
2652 0.0010858327052516664
2653 0.0010858327052516664
2654 0.0010858327052516664
2655 0.0010858327052516664
2656 0.0010858327052516664
2657 0.0010858327052516664
2658 0.0010858327052516664
2659 0.0010858327052516664
2660 0.0010858327052516664
2661 0.0010858327052516664
2662 0.0010858327052516664
2663 0.0010858327052516664
2664 0.0010858327052516664
2665 0.0010858327052516664
2666 0.0010858327052516664
2667 0.0010858327052516664
2668 0.0010858327052516664
2669 0.0010858327052516664
2670 0.0010858327052516664
2671 0.0010858327052516664
2672 0.0010858327052516664
2673 0.0010858327052516664
2674 0.0010858327052516664
2675 0.0010858327052516664
2676 0.0010858327052516664
2677 0.0010858327052516664
2678 0.0010858327052516664
2679 0.0010858327052516664
2680 0.0010858327052516664
2681 0.0010858327052516664
2682 0.0010858327052516664
2683 0.0010858327052516664
2684 0.0010858327052516664
2685 0.0010858327052516664
2686 0.0010858327052516664
2687 0.0010858327052516664
2688 0.0010858327052516664
2689 0.0010858327052516664
2690 0.0010858327052516664
2691 0.0010858327052516664
2692 0.0010858327052516664
2693 0.0010858327052516664
2694 0.0010858327052516664
2695 0.0010858327052516664
2696 0.0010858327052516664
2697 0.0010858327052516664
2698 0.0010858327052516664
2699 0.0010858327052516664
2700 0.0010858327052516664
2701 0.0010858327052516664
2702 0.0010858327052516664
2703 0.0010858327052516664
2704 0.0010858327052516664
2705 0.0010858327052516664
2706 0.0010858327052516664
2707 0.0010858327052516664
2708 0.0010858327052516664
2709 0.0010858327052516664
2710 0.0010858327052516664
2711 0.0010858327052516664
2712 0.0010858327052516664
2713 0.0010858327052516664
2714 0.0010858327052516664
2715 0.0010858327052516664
2716 0.0010858327052516664
2717 0.0010858327052516664
2718 0.0010858327052516664
2719 0.0010858327052516664
2720 0.0010858327052516664
2721 0.0010858327052516664
2722 0.0010858327052516664
2723 0.0010858327052516664
2724 0.0010858327052516664
2725 0.0010858327052516664
2726 0.0010858327052516664
2727 0.0010858327052516664
2728 0.0010858327052516664
2729 0.0010858327052516664
2730 0.0010858327052516664
2731 0.0010858327052516664
2732 0.0010858327052516664
2733 0.0010858327052516664
2734 0.0010858327052516664
2735 0.0010858327052516664
2736 0.0010858327052516664
2737 0.0010858327052516664
2738 0.0010858327052516664
2739 0.0010858327052516664
2740 0.0010858327052516664
2741 0.0010858327052516664
2742 0.0010858327052516664
2743 0.0010858327052516664
2744 0.0010858327052516664
2745 0.0010858327052516664
2746 0.0010858327052516664
2747 0.0010858327052516664
2748 0.0010858327052516664
2749 0.0010858327052516664
2750 0.0010858327052516664
2751 0.0010858327052516664
2752 0.0010858327052516664
2753 0.0010858327052516664
2754 0.0010858327052516664
2755 0.0010858327052516664
2756 0.0010858327052516664
2757 0.0010858327052516664
2758 0.0010858327052516664
2759 0.0010858327052516664
2760 0.0010858327052516664
2761 0.0010858327052516664
2762 0.0010858327052516664
2763 0.0010858327052516664
2764 0.0010858327052516664
2765 0.0010858327052516664
2766 0.0010858327052516664
2767 0.0010858327052516664
2768 0.0010858327052516664
2769 0.0010858327052516664
2770 0.0010858327052516664
2771 0.0010858327052516664
2772 0.0010858327052516664
2773 0.0010858327052516664
2774 0.0010858327052516664
2775 0.0010858327052516664
2776 0.0010858327052516664
2777 0.0010858327052516664
2778 0.0010858327052516664
2779 0.0010858327052516664
2780 0.0010858327052516664
2781 0.0010858327052516664
2782 0.0010858327052516664
2783 0.0010858327052516664
2784 0.0010858327052516664
2785 0.0010858327052516664
2786 0.0010858327052516664
2787 0.0010858327052516664
2788 0.0010858327052516664
2789 0.0010858327052516664
2790 0.0010858327052516664
2791 0.0010858327052516664
2792 0.0010858327052516664
2793 0.0010858327052516664
2794 0.0010858327052516664
2795 0.0010858327052516664
2796 0.0010858327052516664
2797 0.0010858327052516664
2798 0.0010858327052516664
2799 0.0010858327052516664
2800 0.0010858327052516664
2801 0.0010858327052516664
2802 0.0010858327052516664
2803 0.0010858327052516664
2804 0.0010858327052516664
2805 0.0010858327052516664
2806 0.0010858327052516664
2807 0.0010858327052516664
2808 0.0010858327052516664
2809 0.0010858327052516664
2810 0.0010858327052516664
2811 0.0010858327052516664
2812 0.0010858327052516664
2813 0.0010858327052516664
2814 0.0010858327052516664
2815 0.0010858327052516664
2816 0.0010858327052516664
2817 0.0010858327052516664
2818 0.0010858327052516664
2819 0.0010858327052516664
2820 0.0010858327052516664
2821 0.0010858327052516664
2822 0.0010858327052516664
2823 0.0010858327052516664
2824 0.0010858327052516664
2825 0.0010858327052516664
2826 0.0010858327052516664
2827 0.0010858327052516664
2828 0.0010858327052516664
2829 0.0010858327052516664
2830 0.0010858327052516664
2831 0.0010858327052516664
2832 0.0010858327052516664
2833 0.0010858327052516664
2834 0.0010858327052516664
2835 0.0010858327052516664
2836 0.0010858327052516664
2837 0.0010858327052516664
2838 0.0010858327052516664
2839 0.0010858327052516664
2840 0.0010858327052516664
2841 0.0010858327052516664
2842 0.0010858327052516664
2843 0.0010858327052516664
2844 0.0010858327052516664
2845 0.0010858327052516664
2846 0.0010858327052516664
2847 0.0010858327052516664
2848 0.0010858327052516664
2849 0.0010858327052516664
2850 0.0010858327052516664
2851 0.0010858327052516664
2852 0.0010858327052516664
2853 0.0010858327052516664
2854 0.0010858327052516664
2855 0.0010858327052516664
2856 0.0010858327052516664
2857 0.0010858327052516664
2858 0.0010858327052516664
2859 0.0010858327052516664
2860 0.0010858327052516664
2861 0.0010858327052516664
2862 0.0010858327052516664
2863 0.0010858327052516664
2864 0.0010858327052516664
2865 0.0010858327052516664
2866 0.0010858327052516664
2867 0.0010858327052516664
2868 0.0010858327052516664
2869 0.0010858327052516664
2870 0.0010858327052516664
2871 0.0010858327052516664
2872 0.0010858327052516664
2873 0.0010858327052516664
2874 0.0010858327052516664
2875 0.0010858327052516664
2876 0.0010858327052516664
2877 0.0010858327052516664
2878 0.0010858327052516664
2879 0.0010858327052516664
2880 0.0010858327052516664
2881 0.0010858327052516664
2882 0.0010858327052516664
2883 0.0010858327052516664
2884 0.0010858327052516664
2885 0.0010858327052516664
2886 0.0010858327052516664
2887 0.0010858327052516664
2888 0.0010858327052516664
2889 0.0010858327052516664
2890 0.0010858327052516664
2891 0.0010858327052516664
2892 0.0010858327052516664
2893 0.0010858327052516664
2894 0.0010858327052516664
2895 0.0010858327052516664
2896 0.0010858327052516664
2897 0.0010858327052516664
2898 0.0010858327052516664
2899 0.0010858327052516664
2900 0.0010858327052516664
2901 0.0010858327052516664
2902 0.0010858327052516664
2903 0.0010858327052516664
2904 0.0010858327052516664
2905 0.0010858327052516664
2906 0.0010858327052516664
2907 0.0010858327052516664
2908 0.0010858327052516664
2909 0.0010858327052516664
2910 0.0010858327052516664
2911 0.0010858327052516664
2912 0.0010858327052516664
2913 0.0010858327052516664
2914 0.0010858327052516664
2915 0.0010858327052516664
2916 0.0010858327052516664
2917 0.0010858327052516664
2918 0.0010858327052516664
2919 0.0010858327052516664
2920 0.0010858327052516664
2921 0.0010858327052516664
2922 0.0010858327052516664
2923 0.0010858327052516664
2924 0.0010858327052516664
2925 0.0010858327052516664
2926 0.0010858327052516664
2927 0.0010858327052516664
2928 0.0010858327052516664
2929 0.0010858327052516664
2930 0.0010858327052516664
2931 0.0010858327052516664
2932 0.0010858327052516664
2933 0.0010858327052516664
2934 0.0010858327052516664
2935 0.0010858327052516664
2936 0.0010858327052516664
2937 0.0010858327052516664
2938 0.0010858327052516664
2939 0.0010858327052516664
2940 0.0010858327052516664
2941 0.0010858327052516664
2942 0.0010858327052516664
2943 0.0010858327052516664
2944 0.0010858327052516664
2945 0.0010858327052516664
2946 0.0010858327052516664
2947 0.0010858327052516664
2948 0.0010858327052516664
2949 0.0010858327052516664
2950 0.0010858327052516664
2951 0.0010858327052516664
2952 0.0010858327052516664
2953 0.0010858327052516664
2954 0.0010858327052516664
2955 0.0010858327052516664
2956 0.0010858327052516664
2957 0.0010858327052516664
2958 0.0010858327052516664
2959 0.0010858327052516664
2960 0.0010858327052516664
2961 0.0010858327052516664
2962 0.0010858327052516664
2963 0.0010858327052516664
2964 0.0010858327052516664
2965 0.0010858327052516664
2966 0.0010858327052516664
2967 0.0010858327052516664
2968 0.0010858327052516664
2969 0.0010858327052516664
2970 0.0010858327052516664
2971 0.0010858327052516664
2972 0.0010858327052516664
2973 0.0010858327052516664
2974 0.0010858327052516664
2975 0.0010858327052516664
2976 0.0010858327052516664
2977 0.0010858327052516664
2978 0.0010858327052516664
2979 0.0010858327052516664
2980 0.0010858327052516664
2981 0.0010858327052516664
2982 0.0010858327052516664
2983 0.0010858327052516664
2984 0.0010858327052516664
2985 0.0010858327052516664
2986 0.0010858327052516664
2987 0.0010858327052516664
2988 0.0010858327052516664
2989 0.0010858327052516664
2990 0.0010858327052516664
2991 0.0010858327052516664
2992 0.0010858327052516664
2993 0.0010858327052516664
2994 0.0010858327052516664
2995 0.0010858327052516664
2996 0.0010858327052516664
2997 0.0010858327052516664
2998 0.0010858327052516664
2999 0.0010858327052516664
3000 0.0010858327052516664
3001 0.0010858327052516664
3002 0.0010858327052516664
3003 0.0010858327052516664
3004 0.0010858327052516664
3005 0.0010858327052516664
3006 0.0010858327052516664
3007 0.0010858327052516664
3008 0.0010858327052516664
3009 0.0010858327052516664
3010 0.0010858327052516664
3011 0.0010858327052516664
3012 0.0010858327052516664
3013 0.0010858327052516664
3014 0.0010858327052516664
3015 0.0010858327052516664
3016 0.0010858327052516664
3017 0.0010858327052516664
3018 0.0010858327052516664
3019 0.0010858327052516664
3020 0.0010858327052516664
3021 0.0010858327052516664
3022 0.0010858327052516664
3023 0.0010858327052516664
3024 0.0010858327052516664
3025 0.0010858327052516664
3026 0.0010858327052516664
3027 0.0010858327052516664
3028 0.0010858327052516664
3029 0.0010858327052516664
3030 0.0010858327052516664
3031 0.0010858327052516664
3032 0.0010858327052516664
3033 0.0010858327052516664
3034 0.0010858327052516664
3035 0.0010858327052516664
3036 0.0010858327052516664
3037 0.0010858327052516664
3038 0.0010858327052516664
3039 0.0010858327052516664
3040 0.0010858327052516664
3041 0.0010858327052516664
3042 0.0010858327052516664
3043 0.0010858327052516664
3044 0.0010858327052516664
3045 0.0010858327052516664
3046 0.0010858327052516664
3047 0.0010858327052516664
3048 0.0010858327052516664
3049 0.0010858327052516664
3050 0.0010858327052516664
3051 0.0010858327052516664
3052 0.0010858327052516664
3053 0.0010858327052516664
3054 0.0010858327052516664
3055 0.0010858327052516664
3056 0.0010858327052516664
3057 0.0010858327052516664
3058 0.0010858327052516664
3059 0.0010858327052516664
3060 0.0010858327052516664
3061 0.0010858327052516664
3062 0.0010858327052516664
3063 0.0010858327052516664
3064 0.0010858327052516664
3065 0.0010858327052516664
3066 0.0010858327052516664
3067 0.0010858327052516664
3068 0.0010858327052516664
3069 0.0010858327052516664
3070 0.0010858327052516664
3071 0.0010858327052516664
3072 0.0010858327052516664
3073 0.0010858327052516664
3074 0.0010858327052516664
3075 0.0010858327052516664
3076 0.0010858327052516664
3077 0.0010858327052516664
3078 0.0010858327052516664
3079 0.0010858327052516664
3080 0.0010858327052516664
3081 0.0010858327052516664
3082 0.0010858327052516664
3083 0.0010858327052516664
3084 0.0010858327052516664
3085 0.0010858327052516664
3086 0.0010858327052516664
3087 0.0010858327052516664
3088 0.0010858327052516664
3089 0.0010858327052516664
3090 0.0010858327052516664
3091 0.0010858327052516664
3092 0.0010858327052516664
3093 0.0010858327052516664
3094 0.0010858327052516664
3095 0.0010858327052516664
3096 0.0010858327052516664
3097 0.0010858327052516664
3098 0.0010858327052516664
3099 0.0010858327052516664
3100 0.0010858327052516664
3101 0.0010858327052516664
3102 0.0010858327052516664
3103 0.0010858327052516664
3104 0.0010858327052516664
3105 0.0010858327052516664
3106 0.0010858327052516664
3107 0.0010858327052516664
3108 0.0010858327052516664
3109 0.0010858327052516664
3110 0.0010858327052516664
3111 0.0010858327052516664
3112 0.0010858327052516664
3113 0.0010858327052516664
3114 0.0010858327052516664
3115 0.0010858327052516664
3116 0.0010858327052516664
3117 0.0010858327052516664
3118 0.0010858327052516664
3119 0.0010858327052516664
3120 0.0010858327052516664
3121 0.0010858327052516664
3122 0.0010858327052516664
3123 0.0010858327052516664
3124 0.0010858327052516664
3125 0.0010858327052516664
3126 0.0010858327052516664
3127 0.0010858327052516664
3128 0.0010858327052516664
3129 0.0010858327052516664
3130 0.0010858327052516664
3131 0.0010858327052516664
3132 0.0010858327052516664
3133 0.0010858327052516664
3134 0.0010858327052516664
3135 0.0010858327052516664
3136 0.0010858327052516664
3137 0.0010858327052516664
3138 0.0010858327052516664
3139 0.0010858327052516664
3140 0.0010858327052516664
3141 0.0010858327052516664
3142 0.0010858327052516664
3143 0.0010858327052516664
3144 0.0010858327052516664
3145 0.0010858327052516664
3146 0.0010858327052516664
3147 0.0010858327052516664
3148 0.0010858327052516664
3149 0.0010858327052516664
3150 0.0010858327052516664
3151 0.0010858327052516664
3152 0.0010858327052516664
3153 0.0010858327052516664
3154 0.0010858327052516664
3155 0.0010858327052516664
3156 0.0010858327052516664
3157 0.0010858327052516664
3158 0.0010858327052516664
3159 0.0010858327052516664
3160 0.0010858327052516664
3161 0.0010858327052516664
3162 0.0010858327052516664
3163 0.0010858327052516664
3164 0.0010858327052516664
3165 0.0010858327052516664
3166 0.0010858327052516664
3167 0.0010858327052516664
3168 0.0010858327052516664
3169 0.0010858327052516664
3170 0.0010858327052516664
3171 0.0010858327052516664
3172 0.0010858327052516664
3173 0.0010858327052516664
3174 0.0010858327052516664
3175 0.0010858327052516664
3176 0.0010858327052516664
3177 0.0010858327052516664
3178 0.0010858327052516664
3179 0.0010858327052516664
3180 0.0010858327052516664
3181 0.0010858327052516664
3182 0.0010858327052516664
3183 0.0010858327052516664
3184 0.0010858327052516664
3185 0.0010858327052516664
3186 0.0010858327052516664
3187 0.0010858327052516664
3188 0.0010858327052516664
3189 0.0010858327052516664
3190 0.0010858327052516664
3191 0.0010858327052516664
3192 0.0010858327052516664
3193 0.0010858327052516664
3194 0.0010858327052516664
3195 0.0010858327052516664
3196 0.0010858327052516664
3197 0.0010858327052516664
3198 0.0010858327052516664
3199 0.0010858327052516664
3200 0.0010858327052516664
3201 0.0010858327052516664
3202 0.0010858327052516664
3203 0.0010858327052516664
3204 0.0010858327052516664
3205 0.0010858327052516664
3206 0.0010858327052516664
3207 0.0010858327052516664
3208 0.0010858327052516664
3209 0.0010858327052516664
3210 0.0010858327052516664
3211 0.0010858327052516664
3212 0.0010858327052516664
3213 0.0010858327052516664
3214 0.0010858327052516664
3215 0.0010858327052516664
3216 0.0010858327052516664
3217 0.0010858327052516664
3218 0.0010858327052516664
3219 0.0010858327052516664
3220 0.0010858327052516664
3221 0.0010858327052516664
3222 0.0010858327052516664
3223 0.0010858327052516664
3224 0.0010858327052516664
3225 0.0010858327052516664
3226 0.0010858327052516664
3227 0.0010858327052516664
3228 0.0010858327052516664
3229 0.0010858327052516664
3230 0.0010858327052516664
3231 0.0010858327052516664
3232 0.0010858327052516664
3233 0.0010858327052516664
3234 0.0010858327052516664
3235 0.0010858327052516664
3236 0.0010858327052516664
3237 0.0010858327052516664
3238 0.0010858327052516664
3239 0.0010858327052516664
3240 0.0010858327052516664
3241 0.0010858327052516664
3242 0.0010858327052516664
3243 0.0010858327052516664
3244 0.0010858327052516664
3245 0.0010858327052516664
3246 0.0010858327052516664
3247 0.0010858327052516664
3248 0.0010858327052516664
3249 0.0010858327052516664
3250 0.0010858327052516664
3251 0.0010858327052516664
3252 0.0010858327052516664
3253 0.0010858327052516664
3254 0.0010858327052516664
3255 0.0010858327052516664
3256 0.0010858327052516664
3257 0.0010858327052516664
3258 0.0010858327052516664
3259 0.0010858327052516664
3260 0.0010858327052516664
3261 0.0010858327052516664
3262 0.0010858327052516664
3263 0.0010858327052516664
3264 0.0010858327052516664
3265 0.0010858327052516664
3266 0.0010858327052516664
3267 0.0010858327052516664
3268 0.0010858327052516664
3269 0.0010858327052516664
3270 0.0010858327052516664
3271 0.0010858327052516664
3272 0.0010858327052516664
3273 0.0010858327052516664
3274 0.0010858327052516664
3275 0.0010858327052516664
3276 0.0010858327052516664
3277 0.0010858327052516664
3278 0.0010858327052516664
3279 0.0010858327052516664
3280 0.0010858327052516664
3281 0.0010858327052516664
3282 0.0010858327052516664
3283 0.0010858327052516664
3284 0.0010858327052516664
3285 0.0010858327052516664
3286 0.0010858327052516664
3287 0.0010858327052516664
3288 0.0010858327052516664
3289 0.0010858327052516664
3290 0.0010858327052516664
3291 0.0010858327052516664
3292 0.0010858327052516664
3293 0.0010858327052516664
3294 0.0010858327052516664
3295 0.0010858327052516664
3296 0.0010858327052516664
3297 0.0010858327052516664
3298 0.0010858327052516664
3299 0.0010858327052516664
3300 0.0010858327052516664
3301 0.0010858327052516664
3302 0.0010858327052516664
3303 0.0010858327052516664
3304 0.0010858327052516664
3305 0.0010858327052516664
3306 0.0010858327052516664
3307 0.0010858327052516664
3308 0.0010858327052516664
3309 0.0010858327052516664
3310 0.0010858327052516664
3311 0.0010858327052516664
3312 0.0010858327052516664
3313 0.0010858327052516664
3314 0.0010858327052516664
3315 0.0010858327052516664
3316 0.0010858327052516664
3317 0.0010858327052516664
3318 0.0010858327052516664
3319 0.0010858327052516664
3320 0.0010858327052516664
3321 0.0010858327052516664
3322 0.0010858327052516664
3323 0.0010858327052516664
3324 0.0010858327052516664
3325 0.0010858327052516664
3326 0.0010858327052516664
3327 0.0010858327052516664
3328 0.0010858327052516664
3329 0.0010858327052516664
3330 0.0010858327052516664
3331 0.0010858327052516664
3332 0.0010858327052516664
3333 0.0010858327052516664
3334 0.0010858327052516664
3335 0.0010858327052516664
3336 0.0010858327052516664
3337 0.0010858327052516664
3338 0.0010858327052516664
3339 0.0010858327052516664
3340 0.0010858327052516664
3341 0.0010858327052516664
3342 0.0010858327052516664
3343 0.0010858327052516664
3344 0.0010858327052516664
3345 0.0010858327052516664
3346 0.0010858327052516664
3347 0.0010858327052516664
3348 0.0010858327052516664
3349 0.0010858327052516664
3350 0.0010858327052516664
3351 0.0010858327052516664
3352 0.0010858327052516664
3353 0.0010858327052516664
3354 0.0010858327052516664
3355 0.0010858327052516664
3356 0.0010858327052516664
3357 0.0010858327052516664
3358 0.0010858327052516664
3359 0.0010858327052516664
3360 0.0010858327052516664
3361 0.0010858327052516664
3362 0.0010858327052516664
3363 0.0010858327052516664
3364 0.0010858327052516664
3365 0.0010858327052516664
3366 0.0010858327052516664
3367 0.0010858327052516664
3368 0.0010858327052516664
3369 0.0010858327052516664
3370 0.0010858327052516664
3371 0.0010858327052516664
3372 0.0010858327052516664
3373 0.0010858327052516664
3374 0.0010858327052516664
3375 0.0010858327052516664
3376 0.0010858327052516664
3377 0.0010858327052516664
3378 0.0010858327052516664
3379 0.0010858327052516664
3380 0.0010858327052516664
3381 0.0010858327052516664
3382 0.0010858327052516664
3383 0.0010858327052516664
3384 0.0010858327052516664
3385 0.0010858327052516664
3386 0.0010858327052516664
3387 0.0010858327052516664
3388 0.0010858327052516664
3389 0.0010858327052516664
3390 0.0010858327052516664
3391 0.0010858327052516664
3392 0.0010858327052516664
3393 0.0010858327052516664
3394 0.0010858327052516664
3395 0.0010858327052516664
3396 0.0010858327052516664
3397 0.0010858327052516664
3398 0.0010858327052516664
3399 0.0010858327052516664
3400 0.0010858327052516664
3401 0.0010858327052516664
3402 0.0010858327052516664
3403 0.0010858327052516664
3404 0.0010858327052516664
3405 0.0010858327052516664
3406 0.0010858327052516664
3407 0.0010858327052516664
3408 0.0010858327052516664
3409 0.0010858327052516664
3410 0.0010858327052516664
3411 0.0010858327052516664
3412 0.0010858327052516664
3413 0.0010858327052516664
3414 0.0010858327052516664
3415 0.0010858327052516664
3416 0.0010858327052516664
3417 0.0010858327052516664
3418 0.0010858327052516664
3419 0.0010858327052516664
3420 0.0010858327052516664
3421 0.0010858327052516664
3422 0.0010858327052516664
3423 0.0010858327052516664
3424 0.0010858327052516664
3425 0.0010858327052516664
3426 0.0010858327052516664
3427 0.0010858327052516664
3428 0.0010858327052516664
3429 0.0010858327052516664
3430 0.0010858327052516664
3431 0.0010858327052516664
3432 0.0010858327052516664
3433 0.0010858327052516664
3434 0.0010858327052516664
3435 0.0010858327052516664
3436 0.0010858327052516664
3437 0.0010858327052516664
3438 0.0010858327052516664
3439 0.0010858327052516664
3440 0.0010858327052516664
3441 0.0010858327052516664
3442 0.0010858327052516664
3443 0.0010858327052516664
3444 0.0010858327052516664
3445 0.0010858327052516664
3446 0.0010858327052516664
3447 0.0010858327052516664
3448 0.0010858327052516664
3449 0.0010858327052516664
3450 0.0010858327052516664
3451 0.0010858327052516664
3452 0.0010858327052516664
3453 0.0010858327052516664
3454 0.0010858327052516664
3455 0.0010858327052516664
3456 0.0010858327052516664
3457 0.0010858327052516664
3458 0.0010858327052516664
3459 0.0010858327052516664
3460 0.0010858327052516664
3461 0.0010858327052516664
3462 0.0010858327052516664
3463 0.0010858327052516664
3464 0.0010858327052516664
3465 0.0010858327052516664
3466 0.0010858327052516664
3467 0.0010858327052516664
3468 0.0010858327052516664
3469 0.0010858327052516664
3470 0.0010858327052516664
3471 0.0010858327052516664
3472 0.0010858327052516664
3473 0.0010858327052516664
3474 0.0010858327052516664
3475 0.0010858327052516664
3476 0.0010858327052516664
3477 0.0010858327052516664
3478 0.0010858327052516664
3479 0.0010858327052516664
3480 0.0010858327052516664
3481 0.0010858327052516664
3482 0.0010858327052516664
3483 0.0010858327052516664
3484 0.0010858327052516664
3485 0.0010858327052516664
3486 0.0010858327052516664
3487 0.0010858327052516664
3488 0.0010858327052516664
3489 0.0010858327052516664
3490 0.0010858327052516664
3491 0.0010858327052516664
3492 0.0010858327052516664
3493 0.0010858327052516664
3494 0.0010858327052516664
3495 0.0010858327052516664
3496 0.0010858327052516664
3497 0.0010858327052516664
3498 0.0010858327052516664
3499 0.0010858327052516664
3500 0.0010858327052516664
3501 0.0010858327052516664
3502 0.0010858327052516664
3503 0.0010858327052516664
3504 0.0010858327052516664
3505 0.0010858327052516664
3506 0.0010858327052516664
3507 0.0010858327052516664
3508 0.0010858327052516664
3509 0.0010858327052516664
3510 0.0010858327052516664
3511 0.0010858327052516664
3512 0.0010858327052516664
3513 0.0010858327052516664
3514 0.0010858327052516664
3515 0.0010858327052516664
3516 0.0010858327052516664
3517 0.0010858327052516664
3518 0.0010858327052516664
3519 0.0010858327052516664
3520 0.0010858327052516664
3521 0.0010858327052516664
3522 0.0010858327052516664
3523 0.0010858327052516664
3524 0.0010858327052516664
3525 0.0010858327052516664
3526 0.0010858327052516664
