1.0 0.00625 0.049405388088946484
2.0 0.0125 0.0374612283311792
3.0 0.018750000000000003 0.0309462320996698
4.0 0.025 0.0244312358681604
5.0 0.03125 0.020087905047154183
6.0 0.037500000000000006 0.016830406931399335
7.0 0.043750000000000004 0.014658741520896301
8.0 0.05 0.014115825168270467
9.0 0.05625 0.013029992463018801
10.0 0.0625 0.012487076110393118
11.0 0.06875 0.011944159757767284
12.0 0.07500000000000001 0.011944159757767284
13.0 0.08125 0.010858327052515767
14.0 0.08750000000000001 0.011401243405141601
15.0 0.09375 0.010315410699889935
16.0 0.1 0.010315410699889935
17.0 0.10625000000000001 0.010315410699889935
18.0 0.1125 0.0097724943472641
19.0 0.11875000000000001 0.0097724943472641
20.0 0.125 0.009229577994638267
21.0 0.13125 0.009229577994638267
22.0 0.1375 0.008686661642012584
23.0 0.14375000000000002 0.00814374528938675
24.0 0.15000000000000002 0.0076008289367609175
25.0 0.15625 0.007057912584135234
26.0 0.1625 0.005972079878883717
27.0 0.16875 0.0065149962315094005
28.0 0.17500000000000002 0.0065149962315094005
29.0 0.18125000000000002 0.0054291635262578835
30.0 0.1875 0.005972079878883567
31.0 0.19375 0.005972079878883567
32.0 0.2 0.0054291635262578835
33.0 0.20625000000000002 0.0054291635262578835
34.0 0.21250000000000002 0.00488624717363205
35.0 0.21875 0.00488624717363205
36.0 0.225 0.00488624717363205
37.0 0.23125 0.00488624717363205
38.0 0.23750000000000002 0.00488624717363205
39.0 0.24375000000000002 0.00488624717363205
40.0 0.25 0.00488624717363205
41.0 0.25625000000000003 0.00488624717363205
42.0 0.2625 0.00488624717363205
43.0 0.26875 0.00488624717363205
44.0 0.275 0.004343330821006217
45.0 0.28125 0.004343330821006217
46.0 0.28750000000000003 0.0038004144683805334
47.0 0.29375 0.0038004144683805334
48.0 0.30000000000000004 0.004343330821006217
49.0 0.30625 0.0038004144683805334
50.0 0.3125 0.0038004144683805334
51.0 0.31875000000000003 0.0038004144683805334
52.0 0.325 0.0038004144683805334
53.0 0.33125000000000004 0.0038004144683805334
54.0 0.3375 0.0038004144683805334
55.0 0.34375 0.0038004144683805334
56.0 0.35000000000000003 0.0038004144683805334
57.0 0.35625 0.0038004144683805334
58.0 0.36250000000000004 0.0038004144683805334
59.0 0.36875 0.0038004144683805334
60.0 0.375 0.0038004144683805334
61.0 0.38125000000000003 0.0038004144683805334
62.0 0.3875 0.0038004144683805334
63.0 0.39375000000000004 0.0038004144683805334
64.0 0.4 0.0038004144683805334
65.0 0.40625 0.0038004144683805334
66.0 0.41250000000000003 0.0038004144683805334
67.0 0.41875 0.0032574981157547003
68.0 0.42500000000000004 0.0032574981157547003
69.0 0.43125 0.0032574981157547003
70.0 0.4375 0.0032574981157547003
71.0 0.44375000000000003 0.0032574981157547003
72.0 0.45 0.0032574981157547003
73.0 0.45625000000000004 0.0032574981157547003
74.0 0.4625 0.0032574981157547003
75.0 0.46875 0.0032574981157547003
76.0 0.47500000000000003 0.0032574981157547003
77.0 0.48125 0.0032574981157547003
78.0 0.48750000000000004 0.0032574981157547003
79.0 0.49375 0.0027145817631290168
80.0 0.5 0.0032574981157547003
81.0 0.50625 0.0032574981157547003
82.0 0.5125000000000001 0.0027145817631290168
83.0 0.51875 0.0027145817631290168
84.0 0.525 0.0027145817631290168
85.0 0.53125 0.0027145817631290168
86.0 0.5375 0.0027145817631290168
87.0 0.5437500000000001 0.0027145817631290168
88.0 0.55 0.0027145817631290168
89.0 0.55625 0.0027145817631290168
90.0 0.5625 0.0027145817631290168
91.0 0.56875 0.0027145817631290168
92.0 0.5750000000000001 0.0027145817631290168
93.0 0.58125 0.0027145817631290168
94.0 0.5875 0.0027145817631290168
95.0 0.59375 0.0027145817631290168
96.0 0.6000000000000001 0.0027145817631290168
97.0 0.6062500000000001 0.0021716654105031832
98.0 0.6125 0.0027145817631290168
99.0 0.61875 0.0021716654105031832
100.0 0.625 0.0021716654105031832
101.0 0.6312500000000001 0.0021716654105031832
102.0 0.6375000000000001 0.0021716654105031832
103.0 0.64375 0.0021716654105031832
104.0 0.65 0.0021716654105031832
105.0 0.65625 0.0021716654105031832
106.0 0.6625000000000001 0.0021716654105031832
107.0 0.6687500000000001 0.0021716654105031832
108.0 0.675 0.0027145817631290168
109.0 0.68125 0.0021716654105031832
110.0 0.6875 0.0021716654105031832
111.0 0.6937500000000001 0.0021716654105031832
112.0 0.7000000000000001 0.0021716654105031832
113.0 0.70625 0.0021716654105031832
114.0 0.7125 0.0021716654105031832
115.0 0.71875 0.0021716654105031832
116.0 0.7250000000000001 0.0021716654105031832
117.0 0.7312500000000001 0.0021716654105031832
118.0 0.7375 0.0027145817631290168
119.0 0.74375 0.0027145817631290168
120.0 0.75 0.0027145817631290168
121.0 0.7562500000000001 0.0027145817631290168
122.0 0.7625000000000001 0.0016287490578773501
123.0 0.76875 0.0021716654105031832
124.0 0.775 0.0021716654105031832
125.0 0.78125 0.0021716654105031832
126.0 0.7875000000000001 0.0016287490578773501
127.0 0.7937500000000001 0.0016287490578773501
128.0 0.8 0.0021716654105031832
129.0 0.80625 0.0021716654105031832
130.0 0.8125 0.0021716654105031832
131.0 0.8187500000000001 0.0016287490578773501
132.0 0.8250000000000001 0.0016287490578773501
133.0 0.83125 0.0021716654105031832
134.0 0.8375 0.0016287490578773501
135.0 0.84375 0.0016287490578773501
136.0 0.8500000000000001 0.0016287490578773501
137.0 0.8562500000000001 0.0016287490578773501
138.0 0.8625 0.0016287490578773501
139.0 0.86875 0.0016287490578773501
140.0 0.875 0.0021716654105031832
141.0 0.8812500000000001 0.0021716654105031832
142.0 0.8875000000000001 0.0021716654105031832
143.0 0.89375 0.0021716654105031832
144.0 0.9 0.0021716654105031832
145.0 0.90625 0.0021716654105031832
146.0 0.9125000000000001 0.0021716654105031832
147.0 0.9187500000000001 0.0021716654105031832
148.0 0.925 0.0021716654105031832
149.0 0.93125 0.0021716654105031832
150.0 0.9375 0.0016287490578773501
151.0 0.9437500000000001 0.0021716654105031832
152.0 0.9500000000000001 0.0021716654105031832
153.0 0.95625 0.0016287490578773501
154.0 0.9625 0.0016287490578773501
155.0 0.96875 0.0016287490578773501
156.0 0.9750000000000001 0.0016287490578773501
157.0 0.9812500000000001 0.0016287490578773501
158.0 0.9875 0.0016287490578773501
159.0 0.99375 0.0016287490578773501
160.0 1.0 0.0016287490578773501
161.0 1.00625 0.0016287490578773501
162.0 1.0125 0.0016287490578773501
163.0 1.01875 0.0016287490578773501
164.0 1.0250000000000001 0.0016287490578773501
165.0 1.03125 0.0016287490578773501
166.0 1.0375 0.0016287490578773501
167.0 1.04375 0.0016287490578773501
168.0 1.05 0.0016287490578773501
169.0 1.0562500000000001 0.0016287490578773501
170.0 1.0625 0.0016287490578773501
171.0 1.06875 0.0016287490578773501
172.0 1.075 0.0016287490578773501
173.0 1.08125 0.0016287490578773501
174.0 1.0875000000000001 0.0016287490578773501
175.0 1.09375 0.0016287490578773501
176.0 1.1 0.0016287490578773501
177.0 1.10625 0.0016287490578773501
178.0 1.1125 0.0016287490578773501
179.0 1.1187500000000001 0.0016287490578773501
180.0 1.125 0.0016287490578773501
181.0 1.13125 0.0016287490578773501
182.0 1.1375 0.0016287490578773501
183.0 1.14375 0.0016287490578773501
184.0 1.1500000000000001 0.0016287490578773501
185.0 1.15625 0.0016287490578773501
186.0 1.1625 0.0016287490578773501
187.0 1.16875 0.0016287490578773501
188.0 1.175 0.0016287490578773501
189.0 1.1812500000000001 0.0016287490578773501
190.0 1.1875 0.0016287490578773501
191.0 1.19375 0.0016287490578773501
192.0 1.2000000000000002 0.0016287490578773501
193.0 1.20625 0.0016287490578773501
194.0 1.2125000000000001 0.0016287490578773501
195.0 1.21875 0.0016287490578773501
196.0 1.225 0.0016287490578773501
197.0 1.2312500000000002 0.0016287490578773501
198.0 1.2375 0.0016287490578773501
199.0 1.2437500000000001 0.0016287490578773501
200.0 1.25 0.0016287490578773501
201.0 1.25625 0.0016287490578773501
202.0 1.2625000000000002 0.0016287490578773501
203.0 1.26875 0.0016287490578773501
204.0 1.2750000000000001 0.0016287490578773501
205.0 1.28125 0.0016287490578773501
206.0 1.2875 0.0016287490578773501
207.0 1.2937500000000002 0.0016287490578773501
208.0 1.3 0.0016287490578773501
209.0 1.3062500000000001 0.0016287490578773501
210.0 1.3125 0.0016287490578773501
211.0 1.31875 0.0016287490578773501
212.0 1.3250000000000002 0.0016287490578773501
213.0 1.33125 0.0016287490578773501
214.0 1.3375000000000001 0.0016287490578773501
215.0 1.34375 0.0016287490578773501
216.0 1.35 0.0016287490578773501
217.0 1.3562500000000002 0.0016287490578773501
218.0 1.3625 0.0016287490578773501
219.0 1.3687500000000001 0.0016287490578773501
220.0 1.375 0.0016287490578773501
221.0 1.38125 0.0016287490578773501
222.0 1.3875000000000002 0.0016287490578773501
223.0 1.39375 0.0016287490578773501
224.0 1.4000000000000001 0.0016287490578773501
225.0 1.40625 0.0016287490578773501
226.0 1.4125 0.0016287490578773501
227.0 1.4187500000000002 0.0016287490578773501
228.0 1.425 0.0016287490578773501
229.0 1.4312500000000001 0.0016287490578773501
230.0 1.4375 0.0016287490578773501
231.0 1.44375 0.0016287490578773501
232.0 1.4500000000000002 0.0016287490578773501
233.0 1.45625 0.0016287490578773501
234.0 1.4625000000000001 0.0016287490578773501
235.0 1.46875 0.0016287490578773501
236.0 1.475 0.0016287490578773501
237.0 1.4812500000000002 0.0016287490578773501
238.0 1.4875 0.0016287490578773501
239.0 1.4937500000000001 0.0016287490578773501
240.0 1.5 0.0016287490578773501
241.0 1.50625 0.0016287490578773501
242.0 1.5125000000000002 0.0016287490578773501
243.0 1.51875 0.0016287490578773501
244.0 1.5250000000000001 0.0016287490578773501
245.0 1.53125 0.0016287490578773501
246.0 1.5375 0.0016287490578773501
247.0 1.5437500000000002 0.0016287490578773501
248.0 1.55 0.0016287490578773501
249.0 1.5562500000000001 0.0016287490578773501
250.0 1.5625 0.0016287490578773501
251.0 1.56875 0.0016287490578773501
252.0 1.5750000000000002 0.0016287490578773501
253.0 1.58125 0.0016287490578773501
254.0 1.5875000000000001 0.0016287490578773501
255.0 1.59375 0.0016287490578773501
256.0 1.6 0.0016287490578773501
257.0 1.6062500000000002 0.0016287490578773501
258.0 1.6125 0.0016287490578773501
259.0 1.6187500000000001 0.0016287490578773501
260.0 1.625 0.0016287490578773501
261.0 1.63125 0.0016287490578773501
262.0 1.6375000000000002 0.0016287490578773501
263.0 1.64375 0.0016287490578773501
264.0 1.6500000000000001 0.0016287490578773501
265.0 1.65625 0.0016287490578773501
266.0 1.6625 0.0016287490578773501
267.0 1.6687500000000002 0.0016287490578773501
268.0 1.675 0.0016287490578773501
269.0 1.6812500000000001 0.0016287490578773501
270.0 1.6875 0.0016287490578773501
271.0 1.69375 0.0016287490578773501
272.0 1.7000000000000002 0.0016287490578773501
273.0 1.70625 0.0016287490578773501
274.0 1.7125000000000001 0.0016287490578773501
275.0 1.71875 0.0016287490578773501
276.0 1.725 0.0016287490578773501
277.0 1.7312500000000002 0.0016287490578773501
278.0 1.7375 0.0016287490578773501
279.0 1.7437500000000001 0.0016287490578773501
280.0 1.75 0.0016287490578773501
281.0 1.75625 0.0016287490578773501
282.0 1.7625000000000002 0.0016287490578773501
283.0 1.76875 0.0016287490578773501
284.0 1.7750000000000001 0.0016287490578773501
285.0 1.78125 0.0016287490578773501
286.0 1.7875 0.0016287490578773501
287.0 1.7937500000000002 0.0016287490578773501
288.0 1.8 0.0016287490578773501
289.0 1.8062500000000001 0.0016287490578773501
290.0 1.8125 0.0016287490578773501
291.0 1.81875 0.0016287490578773501
292.0 1.8250000000000002 0.0016287490578773501
293.0 1.83125 0.0016287490578773501
294.0 1.8375000000000001 0.0016287490578773501
295.0 1.84375 0.0016287490578773501
296.0 1.85 0.0016287490578773501
297.0 1.8562500000000002 0.0016287490578773501
298.0 1.8625 0.0016287490578773501
299.0 1.8687500000000001 0.0016287490578773501
300.0 1.875 0.0016287490578773501
301.0 1.88125 0.0016287490578773501
302.0 1.8875000000000002 0.0016287490578773501
303.0 1.89375 0.0016287490578773501
304.0 1.9000000000000001 0.0016287490578773501
305.0 1.90625 0.0016287490578773501
306.0 1.9125 0.0016287490578773501
307.0 1.9187500000000002 0.0016287490578773501
308.0 1.925 0.0016287490578773501
309.0 1.9312500000000001 0.0016287490578773501
310.0 1.9375 0.0016287490578773501
311.0 1.94375 0.0016287490578773501
312.0 1.9500000000000002 0.0016287490578773501
313.0 1.95625 0.0016287490578773501
314.0 1.9625000000000001 0.0016287490578773501
315.0 1.96875 0.0016287490578773501
316.0 1.975 0.0016287490578773501
317.0 1.9812500000000002 0.0016287490578773501
318.0 1.9875 0.0016287490578773501
319.0 1.9937500000000001 0.0016287490578773501
320.0 2.0 0.0016287490578773501
321.0 2.00625 0.0016287490578773501
322.0 2.0125 0.0016287490578773501
323.0 2.0187500000000003 0.0016287490578773501
324.0 2.025 0.0016287490578773501
325.0 2.03125 0.0016287490578773501
326.0 2.0375 0.0016287490578773501
327.0 2.04375 0.0016287490578773501
328.0 2.0500000000000003 0.0016287490578773501
329.0 2.05625 0.0016287490578773501
330.0 2.0625 0.0016287490578773501
331.0 2.06875 0.0016287490578773501
332.0 2.075 0.0016287490578773501
333.0 2.0812500000000003 0.0016287490578773501
334.0 2.0875 0.0016287490578773501
335.0 2.09375 0.0016287490578773501
336.0 2.1 0.0016287490578773501
337.0 2.10625 0.0016287490578773501
338.0 2.1125000000000003 0.0016287490578773501
339.0 2.11875 0.0016287490578773501
340.0 2.125 0.0016287490578773501
341.0 2.13125 0.0016287490578773501
342.0 2.1375 0.0016287490578773501
343.0 2.1437500000000003 0.0016287490578773501
344.0 2.15 0.0016287490578773501
345.0 2.15625 0.0016287490578773501
346.0 2.1625 0.0016287490578773501
347.0 2.16875 0.0016287490578773501
348.0 2.1750000000000003 0.0016287490578773501
349.0 2.18125 0.0010858327052516664
350.0 2.1875 0.0016287490578773501
351.0 2.19375 0.0016287490578773501
352.0 2.2 0.0016287490578773501
353.0 2.2062500000000003 0.0016287490578773501
354.0 2.2125 0.0016287490578773501
355.0 2.21875 0.0016287490578773501
356.0 2.225 0.0016287490578773501
357.0 2.23125 0.0016287490578773501
358.0 2.2375000000000003 0.0016287490578773501
359.0 2.24375 0.0016287490578773501
360.0 2.25 0.0016287490578773501
361.0 2.25625 0.0016287490578773501
362.0 2.2625 0.0016287490578773501
363.0 2.2687500000000003 0.0016287490578773501
364.0 2.275 0.0016287490578773501
365.0 2.28125 0.0016287490578773501
366.0 2.2875 0.0016287490578773501
367.0 2.29375 0.0016287490578773501
368.0 2.3000000000000003 0.0016287490578773501
369.0 2.30625 0.0016287490578773501
370.0 2.3125 0.0016287490578773501
371.0 2.31875 0.0016287490578773501
372.0 2.325 0.0016287490578773501
373.0 2.3312500000000003 0.0016287490578773501
374.0 2.3375 0.0016287490578773501
375.0 2.34375 0.0016287490578773501
376.0 2.35 0.0016287490578773501
377.0 2.35625 0.0016287490578773501
378.0 2.3625000000000003 0.0016287490578773501
379.0 2.36875 0.0016287490578773501
380.0 2.375 0.0016287490578773501
381.0 2.38125 0.0010858327052516664
382.0 2.3875 0.0010858327052516664
383.0 2.3937500000000003 0.0016287490578773501
384.0 2.4000000000000004 0.0010858327052516664
385.0 2.40625 0.0016287490578773501
386.0 2.4125 0.0010858327052516664
387.0 2.41875 0.0016287490578773501
388.0 2.4250000000000003 0.0010858327052516664
389.0 2.4312500000000004 0.0010858327052516664
390.0 2.4375 0.0016287490578773501
391.0 2.44375 0.0016287490578773501
392.0 2.45 0.0016287490578773501
393.0 2.4562500000000003 0.0010858327052516664
394.0 2.4625000000000004 0.0010858327052516664
395.0 2.46875 0.0010858327052516664
396.0 2.475 0.0010858327052516664
397.0 2.48125 0.0010858327052516664
398.0 2.4875000000000003 0.0010858327052516664
399.0 2.4937500000000004 0.0016287490578773501
400.0 2.5 0.0016287490578773501
401.0 2.50625 0.0016287490578773501
402.0 2.5125 0.0016287490578773501
403.0 2.5187500000000003 0.0016287490578773501
404.0 2.5250000000000004 0.0016287490578773501
405.0 2.53125 0.0016287490578773501
406.0 2.5375 0.0016287490578773501
407.0 2.54375 0.0016287490578773501
408.0 2.5500000000000003 0.0016287490578773501
409.0 2.5562500000000004 0.0016287490578773501
410.0 2.5625 0.0016287490578773501
411.0 2.56875 0.0016287490578773501
412.0 2.575 0.0016287490578773501
413.0 2.5812500000000003 0.0016287490578773501
414.0 2.5875000000000004 0.0016287490578773501
415.0 2.59375 0.0016287490578773501
416.0 2.6 0.0016287490578773501
417.0 2.60625 0.0016287490578773501
418.0 2.6125000000000003 0.0016287490578773501
419.0 2.6187500000000004 0.0016287490578773501
420.0 2.625 0.0010858327052516664
421.0 2.63125 0.0016287490578773501
422.0 2.6375 0.0010858327052516664
423.0 2.6437500000000003 0.0010858327052516664
424.0 2.6500000000000004 0.0010858327052516664
425.0 2.65625 0.0010858327052516664
426.0 2.6625 0.0010858327052516664
427.0 2.66875 0.0010858327052516664
428.0 2.6750000000000003 0.0010858327052516664
429.0 2.6812500000000004 0.0010858327052516664
430.0 2.6875 0.0010858327052516664
431.0 2.69375 0.0010858327052516664
432.0 2.7 0.0010858327052516664
433.0 2.7062500000000003 0.0010858327052516664
434.0 2.7125000000000004 0.0010858327052516664
435.0 2.71875 0.0010858327052516664
436.0 2.725 0.0010858327052516664
437.0 2.73125 0.0010858327052516664
438.0 2.7375000000000003 0.0010858327052516664
439.0 2.7437500000000004 0.0010858327052516664
440.0 2.75 0.0010858327052516664
441.0 2.75625 0.0010858327052516664
442.0 2.7625 0.0010858327052516664
443.0 2.7687500000000003 0.0010858327052516664
444.0 2.7750000000000004 0.0010858327052516664
445.0 2.78125 0.0010858327052516664
446.0 2.7875 0.0010858327052516664
447.0 2.79375 0.0010858327052516664
448.0 2.8000000000000003 0.0010858327052516664
449.0 2.8062500000000004 0.0010858327052516664
450.0 2.8125 0.0010858327052516664
451.0 2.81875 0.0010858327052516664
452.0 2.825 0.0010858327052516664
453.0 2.8312500000000003 0.0010858327052516664
454.0 2.8375000000000004 0.0010858327052516664
455.0 2.84375 0.0010858327052516664
456.0 2.85 0.0010858327052516664
457.0 2.85625 0.0010858327052516664
458.0 2.8625000000000003 0.0010858327052516664
459.0 2.8687500000000004 0.0010858327052516664
460.0 2.875 0.0010858327052516664
461.0 2.88125 0.0010858327052516664
462.0 2.8875 0.0010858327052516664
463.0 2.8937500000000003 0.0010858327052516664
464.0 2.9000000000000004 0.0010858327052516664
465.0 2.90625 0.0010858327052516664
466.0 2.9125 0.0010858327052516664
467.0 2.91875 0.0010858327052516664
468.0 2.9250000000000003 0.0010858327052516664
469.0 2.9312500000000004 0.0010858327052516664
470.0 2.9375 0.0010858327052516664
471.0 2.94375 0.0010858327052516664
472.0 2.95 0.0010858327052516664
473.0 2.9562500000000003 0.0010858327052516664
474.0 2.9625000000000004 0.0010858327052516664
475.0 2.96875 0.0010858327052516664
476.0 2.975 0.0010858327052516664
477.0 2.98125 0.0010858327052516664
478.0 2.9875000000000003 0.0010858327052516664
479.0 2.9937500000000004 0.0010858327052516664
480.0 3.0 0.0010858327052516664
481.0 3.00625 0.0010858327052516664
482.0 3.0125 0.0010858327052516664
483.0 3.0187500000000003 0.0010858327052516664
484.0 3.0250000000000004 0.0010858327052516664
485.0 3.03125 0.0010858327052516664
486.0 3.0375 0.0010858327052516664
487.0 3.04375 0.0010858327052516664
488.0 3.0500000000000003 0.0010858327052516664
489.0 3.0562500000000004 0.0010858327052516664
490.0 3.0625 0.0010858327052516664
491.0 3.06875 0.0010858327052516664
492.0 3.075 0.0010858327052516664
493.0 3.0812500000000003 0.0010858327052516664
494.0 3.0875000000000004 0.0010858327052516664
495.0 3.09375 0.0010858327052516664
496.0 3.1 0.0010858327052516664
497.0 3.10625 0.0010858327052516664
498.0 3.1125000000000003 0.0010858327052516664
499.0 3.1187500000000004 0.0010858327052516664
500.0 3.125 0.0010858327052516664
501.0 3.13125 0.0010858327052516664
502.0 3.1375 0.0010858327052516664
503.0 3.1437500000000003 0.0010858327052516664
504.0 3.1500000000000004 0.0010858327052516664
505.0 3.15625 0.0010858327052516664
506.0 3.1625 0.0010858327052516664
507.0 3.16875 0.0010858327052516664
508.0 3.1750000000000003 0.0010858327052516664
509.0 3.1812500000000004 0.0010858327052516664
510.0 3.1875 0.0010858327052516664
511.0 3.19375 0.0010858327052516664
512.0 3.2 0.0010858327052516664
513.0 3.2062500000000003 0.0010858327052516664
514.0 3.2125000000000004 0.0010858327052516664
515.0 3.21875 0.0010858327052516664
516.0 3.225 0.0010858327052516664
517.0 3.23125 0.0010858327052516664
518.0 3.2375000000000003 0.0010858327052516664
519.0 3.2437500000000004 0.0010858327052516664
520.0 3.25 0.0010858327052516664
521.0 3.25625 0.0010858327052516664
522.0 3.2625 0.0010858327052516664
523.0 3.2687500000000003 0.0010858327052516664
524.0 3.2750000000000004 0.0010858327052516664
525.0 3.28125 0.0010858327052516664
526.0 3.2875 0.0010858327052516664
527.0 3.29375 0.0010858327052516664
528.0 3.3000000000000003 0.0010858327052516664
529.0 3.3062500000000004 0.0010858327052516664
530.0 3.3125 0.0010858327052516664
531.0 3.31875 0.0010858327052516664
532.0 3.325 0.0010858327052516664
533.0 3.3312500000000003 0.0010858327052516664
534.0 3.3375000000000004 0.0010858327052516664
535.0 3.34375 0.0010858327052516664
536.0 3.35 0.0010858327052516664
537.0 3.35625 0.0010858327052516664
538.0 3.3625000000000003 0.0010858327052516664
539.0 3.3687500000000004 0.0010858327052516664
540.0 3.375 0.0010858327052516664
541.0 3.38125 0.0010858327052516664
542.0 3.3875 0.0010858327052516664
543.0 3.3937500000000003 0.0010858327052516664
544.0 3.4000000000000004 0.0010858327052516664
545.0 3.40625 0.0010858327052516664
546.0 3.4125 0.0010858327052516664
547.0 3.41875 0.0010858327052516664
548.0 3.4250000000000003 0.0010858327052516664
549.0 3.4312500000000004 0.0010858327052516664
550.0 3.4375 0.0010858327052516664
551.0 3.44375 0.0010858327052516664
552.0 3.45 0.0010858327052516664
553.0 3.4562500000000003 0.0010858327052516664
554.0 3.4625000000000004 0.0010858327052516664
555.0 3.46875 0.0010858327052516664
556.0 3.475 0.0010858327052516664
557.0 3.48125 0.0010858327052516664
558.0 3.4875000000000003 0.0010858327052516664
559.0 3.4937500000000004 0.0010858327052516664
560.0 3.5 0.0010858327052516664
561.0 3.50625 0.0010858327052516664
562.0 3.5125 0.0010858327052516664
563.0 3.5187500000000003 0.0010858327052516664
564.0 3.5250000000000004 0.0010858327052516664
565.0 3.53125 0.0010858327052516664
566.0 3.5375 0.0010858327052516664
567.0 3.54375 0.0010858327052516664
568.0 3.5500000000000003 0.0010858327052516664
569.0 3.5562500000000004 0.0010858327052516664
570.0 3.5625 0.0010858327052516664
571.0 3.56875 0.0010858327052516664
572.0 3.575 0.0010858327052516664
573.0 3.5812500000000003 0.0010858327052516664
574.0 3.5875000000000004 0.0010858327052516664
575.0 3.59375 0.0010858327052516664
576.0 3.6 0.0010858327052516664
577.0 3.60625 0.0010858327052516664
578.0 3.6125000000000003 0.0010858327052516664
579.0 3.6187500000000004 0.0010858327052516664
580.0 3.625 0.0010858327052516664
581.0 3.63125 0.0010858327052516664
582.0 3.6375 0.0010858327052516664
583.0 3.6437500000000003 0.0010858327052516664
584.0 3.6500000000000004 0.0010858327052516664
585.0 3.65625 0.0010858327052516664
586.0 3.6625 0.0010858327052516664
587.0 3.66875 0.0010858327052516664
588.0 3.6750000000000003 0.0010858327052516664
589.0 3.6812500000000004 0.0010858327052516664
590.0 3.6875 0.0010858327052516664
591.0 3.69375 0.0010858327052516664
592.0 3.7 0.0010858327052516664
593.0 3.7062500000000003 0.0010858327052516664
594.0 3.7125000000000004 0.0010858327052516664
595.0 3.71875 0.0010858327052516664
596.0 3.725 0.0010858327052516664
597.0 3.73125 0.0010858327052516664
598.0 3.7375000000000003 0.0010858327052516664
599.0 3.7437500000000004 0.0010858327052516664
600.0 3.75 0.0010858327052516664
601.0 3.75625 0.0010858327052516664
602.0 3.7625 0.0010858327052516664
603.0 3.7687500000000003 0.0010858327052516664
604.0 3.7750000000000004 0.0010858327052516664
605.0 3.78125 0.0010858327052516664
606.0 3.7875 0.0010858327052516664
607.0 3.79375 0.0010858327052516664
608.0 3.8000000000000003 0.0010858327052516664
609.0 3.8062500000000004 0.0010858327052516664
610.0 3.8125 0.0010858327052516664
611.0 3.81875 0.0010858327052516664
612.0 3.825 0.0010858327052516664
613.0 3.8312500000000003 0.0010858327052516664
614.0 3.8375000000000004 0.0010858327052516664
615.0 3.84375 0.0010858327052516664
616.0 3.85 0.0010858327052516664
617.0 3.85625 0.0010858327052516664
618.0 3.8625000000000003 0.0010858327052516664
619.0 3.8687500000000004 0.0010858327052516664
620.0 3.875 0.0010858327052516664
621.0 3.88125 0.0010858327052516664
622.0 3.8875 0.0010858327052516664
623.0 3.8937500000000003 0.0010858327052516664
624.0 3.9000000000000004 0.0010858327052516664
625.0 3.90625 0.0010858327052516664
626.0 3.9125 0.0010858327052516664
627.0 3.91875 0.0010858327052516664
628.0 3.9250000000000003 0.0010858327052516664
629.0 3.9312500000000004 0.0010858327052516664
630.0 3.9375 0.0010858327052516664
631.0 3.94375 0.0010858327052516664
632.0 3.95 0.0010858327052516664
633.0 3.9562500000000003 0.0010858327052516664
634.0 3.9625000000000004 0.0010858327052516664
635.0 3.96875 0.0010858327052516664
636.0 3.975 0.0010858327052516664
637.0 3.98125 0.0010858327052516664
638.0 3.9875000000000003 0.0010858327052516664
639.0 3.9937500000000004 0.0010858327052516664
640.0 4.0 0.0010858327052516664
641.0 4.0062500000000005 0.0010858327052516664
642.0 4.0125 0.0010858327052516664
643.0 4.01875 0.0010858327052516664
644.0 4.025 0.0010858327052516664
645.0 4.03125 0.0010858327052516664
646.0 4.0375000000000005 0.0010858327052516664
647.0 4.04375 0.0010858327052516664
648.0 4.05 0.0010858327052516664
649.0 4.05625 0.0010858327052516664
650.0 4.0625 0.0010858327052516664
651.0 4.0687500000000005 0.0010858327052516664
652.0 4.075 0.0010858327052516664
653.0 4.08125 0.0010858327052516664
654.0 4.0875 0.0010858327052516664
655.0 4.09375 0.0010858327052516664
656.0 4.1000000000000005 0.0010858327052516664
657.0 4.10625 0.0010858327052516664
658.0 4.1125 0.0010858327052516664
659.0 4.11875 0.0010858327052516664
660.0 4.125 0.0010858327052516664
661.0 4.1312500000000005 0.0010858327052516664
662.0 4.1375 0.0010858327052516664
663.0 4.14375 0.0010858327052516664
664.0 4.15 0.0010858327052516664
665.0 4.15625 0.0010858327052516664
666.0 4.1625000000000005 0.0010858327052516664
667.0 4.16875 0.0010858327052516664
668.0 4.175 0.0010858327052516664
669.0 4.18125 0.0010858327052516664
670.0 4.1875 0.0010858327052516664
671.0 4.1937500000000005 0.0010858327052516664
672.0 4.2 0.0010858327052516664
673.0 4.20625 0.0010858327052516664
674.0 4.2125 0.0010858327052516664
675.0 4.21875 0.0010858327052516664
676.0 4.2250000000000005 0.0010858327052516664
677.0 4.23125 0.0010858327052516664
678.0 4.2375 0.0010858327052516664
679.0 4.24375 0.0010858327052516664
680.0 4.25 0.0010858327052516664
681.0 4.2562500000000005 0.0010858327052516664
682.0 4.2625 0.0010858327052516664
683.0 4.26875 0.0010858327052516664
684.0 4.275 0.0010858327052516664
685.0 4.28125 0.0010858327052516664
686.0 4.2875000000000005 0.0010858327052516664
687.0 4.29375 0.0010858327052516664
688.0 4.3 0.0010858327052516664
689.0 4.30625 0.0010858327052516664
690.0 4.3125 0.0010858327052516664
691.0 4.3187500000000005 0.0010858327052516664
692.0 4.325 0.0010858327052516664
693.0 4.33125 0.0010858327052516664
694.0 4.3375 0.0010858327052516664
695.0 4.34375 0.0010858327052516664
696.0 4.3500000000000005 0.0010858327052516664
697.0 4.35625 0.0010858327052516664
698.0 4.3625 0.0010858327052516664
699.0 4.36875 0.0010858327052516664
700.0 4.375 0.0010858327052516664
701.0 4.3812500000000005 0.0010858327052516664
702.0 4.3875 0.0010858327052516664
703.0 4.39375 0.0010858327052516664
704.0 4.4 0.0010858327052516664
705.0 4.40625 0.0010858327052516664
706.0 4.4125000000000005 0.0010858327052516664
707.0 4.41875 0.0010858327052516664
708.0 4.425 0.0010858327052516664
709.0 4.43125 0.0010858327052516664
710.0 4.4375 0.0010858327052516664
711.0 4.4437500000000005 0.0010858327052516664
712.0 4.45 0.0010858327052516664
713.0 4.45625 0.0010858327052516664
714.0 4.4625 0.0010858327052516664
715.0 4.46875 0.0010858327052516664
716.0 4.4750000000000005 0.0010858327052516664
717.0 4.48125 0.0010858327052516664
718.0 4.4875 0.0010858327052516664
719.0 4.49375 0.0010858327052516664
720.0 4.5 0.0010858327052516664
721.0 4.5062500000000005 0.0010858327052516664
722.0 4.5125 0.0010858327052516664
723.0 4.51875 0.0010858327052516664
724.0 4.525 0.0010858327052516664
725.0 4.53125 0.0010858327052516664
726.0 4.5375000000000005 0.0010858327052516664
727.0 4.54375 0.0010858327052516664
728.0 4.55 0.0010858327052516664
729.0 4.55625 0.0010858327052516664
730.0 4.5625 0.0010858327052516664
731.0 4.5687500000000005 0.0010858327052516664
732.0 4.575 0.0010858327052516664
733.0 4.58125 0.0010858327052516664
734.0 4.5875 0.0010858327052516664
735.0 4.59375 0.0010858327052516664
736.0 4.6000000000000005 0.0010858327052516664
737.0 4.60625 0.0010858327052516664
738.0 4.6125 0.0010858327052516664
739.0 4.61875 0.0010858327052516664
740.0 4.625 0.0010858327052516664
741.0 4.6312500000000005 0.0010858327052516664
742.0 4.6375 0.0010858327052516664
743.0 4.64375 0.0010858327052516664
744.0 4.65 0.0010858327052516664
745.0 4.65625 0.0010858327052516664
746.0 4.6625000000000005 0.0010858327052516664
747.0 4.66875 0.0010858327052516664
748.0 4.675 0.0010858327052516664
749.0 4.68125 0.0010858327052516664
750.0 4.6875 0.0010858327052516664
751.0 4.6937500000000005 0.0010858327052516664
752.0 4.7 0.0010858327052516664
753.0 4.70625 0.0010858327052516664
754.0 4.7125 0.0010858327052516664
755.0 4.71875 0.0010858327052516664
756.0 4.7250000000000005 0.0010858327052516664
757.0 4.73125 0.0010858327052516664
758.0 4.7375 0.0010858327052516664
759.0 4.74375 0.0010858327052516664
760.0 4.75 0.0010858327052516664
761.0 4.7562500000000005 0.0010858327052516664
762.0 4.7625 0.0010858327052516664
763.0 4.76875 0.0010858327052516664
764.0 4.775 0.0010858327052516664
765.0 4.78125 0.0010858327052516664
766.0 4.7875000000000005 0.0010858327052516664
767.0 4.79375 0.0010858327052516664
768.0 4.800000000000001 0.0010858327052516664
769.0 4.80625 0.0010858327052516664
770.0 4.8125 0.0010858327052516664
771.0 4.8187500000000005 0.0010858327052516664
772.0 4.825 0.0010858327052516664
773.0 4.831250000000001 0.0010858327052516664
774.0 4.8375 0.0010858327052516664
775.0 4.84375 0.0010858327052516664
776.0 4.8500000000000005 0.0010858327052516664
777.0 4.85625 0.0010858327052516664
778.0 4.862500000000001 0.0010858327052516664
779.0 4.86875 0.0010858327052516664
780.0 4.875 0.0010858327052516664
781.0 4.8812500000000005 0.0010858327052516664
782.0 4.8875 0.0010858327052516664
783.0 4.893750000000001 0.0010858327052516664
784.0 4.9 0.0010858327052516664
785.0 4.90625 0.0010858327052516664
786.0 4.9125000000000005 0.0010858327052516664
787.0 4.91875 0.0010858327052516664
788.0 4.925000000000001 0.0010858327052516664
789.0 4.93125 0.0010858327052516664
790.0 4.9375 0.0010858327052516664
791.0 4.9437500000000005 0.0010858327052516664
792.0 4.95 0.0010858327052516664
793.0 4.956250000000001 0.0010858327052516664
794.0 4.9625 0.0010858327052516664
795.0 4.96875 0.0010858327052516664
796.0 4.9750000000000005 0.0010858327052516664
797.0 4.98125 0.0010858327052516664
798.0 4.987500000000001 0.0010858327052516664
799.0 4.99375 0.0010858327052516664
800.0 5.0 0.0010858327052516664
801.0 5.0062500000000005 0.0010858327052516664
802.0 5.0125 0.0010858327052516664
803.0 5.018750000000001 0.0010858327052516664
804.0 5.025 0.0010858327052516664
805.0 5.03125 0.0010858327052516664
806.0 5.0375000000000005 0.0010858327052516664
807.0 5.04375 0.0010858327052516664
808.0 5.050000000000001 0.0010858327052516664
809.0 5.05625 0.0010858327052516664
810.0 5.0625 0.0010858327052516664
811.0 5.0687500000000005 0.0010858327052516664
812.0 5.075 0.0010858327052516664
813.0 5.081250000000001 0.0010858327052516664
814.0 5.0875 0.0010858327052516664
815.0 5.09375 0.0010858327052516664
816.0 5.1000000000000005 0.0010858327052516664
817.0 5.10625 0.0010858327052516664
818.0 5.112500000000001 0.0010858327052516664
819.0 5.11875 0.0010858327052516664
820.0 5.125 0.0010858327052516664
821.0 5.1312500000000005 0.0010858327052516664
822.0 5.1375 0.0010858327052516664
823.0 5.143750000000001 0.0010858327052516664
824.0 5.15 0.0010858327052516664
825.0 5.15625 0.0010858327052516664
826.0 5.1625000000000005 0.0010858327052516664
827.0 5.16875 0.0010858327052516664
828.0 5.175000000000001 0.0010858327052516664
829.0 5.18125 0.0010858327052516664
830.0 5.1875 0.0010858327052516664
831.0 5.1937500000000005 0.0010858327052516664
832.0 5.2 0.0010858327052516664
833.0 5.206250000000001 0.0010858327052516664
834.0 5.2125 0.0010858327052516664
835.0 5.21875 0.0010858327052516664
836.0 5.2250000000000005 0.0010858327052516664
837.0 5.23125 0.0010858327052516664
838.0 5.237500000000001 0.0010858327052516664
839.0 5.24375 0.0010858327052516664
840.0 5.25 0.0010858327052516664
841.0 5.2562500000000005 0.0010858327052516664
842.0 5.2625 0.0010858327052516664
843.0 5.268750000000001 0.0010858327052516664
844.0 5.275 0.0010858327052516664
845.0 5.28125 0.0010858327052516664
846.0 5.2875000000000005 0.0010858327052516664
847.0 5.29375 0.0010858327052516664
848.0 5.300000000000001 0.0010858327052516664
849.0 5.30625 0.0010858327052516664
850.0 5.3125 0.0010858327052516664
851.0 5.3187500000000005 0.0010858327052516664
852.0 5.325 0.0010858327052516664
853.0 5.331250000000001 0.0010858327052516664
854.0 5.3375 0.0010858327052516664
855.0 5.34375 0.0010858327052516664
856.0 5.3500000000000005 0.0010858327052516664
857.0 5.35625 0.0010858327052516664
858.0 5.362500000000001 0.0010858327052516664
859.0 5.36875 0.0010858327052516664
860.0 5.375 0.0010858327052516664
861.0 5.3812500000000005 0.0010858327052516664
862.0 5.3875 0.0010858327052516664
863.0 5.393750000000001 0.0010858327052516664
864.0 5.4 0.0010858327052516664
865.0 5.40625 0.0010858327052516664
866.0 5.4125000000000005 0.0010858327052516664
867.0 5.41875 0.0010858327052516664
868.0 5.425000000000001 0.0010858327052516664
869.0 5.43125 0.0010858327052516664
870.0 5.4375 0.0010858327052516664
871.0 5.4437500000000005 0.0010858327052516664
872.0 5.45 0.0010858327052516664
873.0 5.456250000000001 0.0010858327052516664
874.0 5.4625 0.0010858327052516664
875.0 5.46875 0.0010858327052516664
876.0 5.4750000000000005 0.0010858327052516664
877.0 5.48125 0.0010858327052516664
878.0 5.487500000000001 0.0010858327052516664
879.0 5.49375 0.0010858327052516664
880.0 5.5 0.0010858327052516664
881.0 5.5062500000000005 0.0010858327052516664
882.0 5.5125 0.0010858327052516664
883.0 5.518750000000001 0.0010858327052516664
884.0 5.525 0.0010858327052516664
885.0 5.53125 0.0010858327052516664
886.0 5.5375000000000005 0.0010858327052516664
887.0 5.54375 0.0010858327052516664
888.0 5.550000000000001 0.0010858327052516664
889.0 5.55625 0.0010858327052516664
890.0 5.5625 0.0010858327052516664
891.0 5.5687500000000005 0.0010858327052516664
892.0 5.575 0.0010858327052516664
893.0 5.581250000000001 0.0010858327052516664
894.0 5.5875 0.0010858327052516664
895.0 5.59375 0.0010858327052516664
896.0 5.6000000000000005 0.0010858327052516664
897.0 5.60625 0.0010858327052516664
898.0 5.612500000000001 0.0010858327052516664
899.0 5.61875 0.0010858327052516664
900.0 5.625 0.0010858327052516664
901.0 5.6312500000000005 0.0010858327052516664
902.0 5.6375 0.0010858327052516664
903.0 5.643750000000001 0.0010858327052516664
904.0 5.65 0.0010858327052516664
905.0 5.65625 0.0010858327052516664
906.0 5.6625000000000005 0.0010858327052516664
907.0 5.66875 0.0010858327052516664
908.0 5.675000000000001 0.0010858327052516664
909.0 5.68125 0.0010858327052516664
910.0 5.6875 0.0010858327052516664
911.0 5.6937500000000005 0.0010858327052516664
912.0 5.7 0.0010858327052516664
913.0 5.706250000000001 0.0010858327052516664
914.0 5.7125 0.0010858327052516664
915.0 5.71875 0.0010858327052516664
916.0 5.7250000000000005 0.0010858327052516664
917.0 5.73125 0.0010858327052516664
918.0 5.737500000000001 0.0010858327052516664
919.0 5.74375 0.0010858327052516664
920.0 5.75 0.0010858327052516664
921.0 5.7562500000000005 0.0010858327052516664
922.0 5.7625 0.0010858327052516664
923.0 5.768750000000001 0.0010858327052516664
924.0 5.775 0.0010858327052516664
925.0 5.78125 0.0010858327052516664
926.0 5.7875000000000005 0.0010858327052516664
927.0 5.79375 0.0010858327052516664
928.0 5.800000000000001 0.0010858327052516664
929.0 5.80625 0.0010858327052516664
930.0 5.8125 0.0010858327052516664
931.0 5.8187500000000005 0.0010858327052516664
932.0 5.825 0.0010858327052516664
933.0 5.831250000000001 0.0010858327052516664
934.0 5.8375 0.0010858327052516664
935.0 5.84375 0.0010858327052516664
936.0 5.8500000000000005 0.0010858327052516664
937.0 5.85625 0.0010858327052516664
938.0 5.862500000000001 0.0010858327052516664
939.0 5.86875 0.0010858327052516664
940.0 5.875 0.0010858327052516664
941.0 5.8812500000000005 0.0010858327052516664
942.0 5.8875 0.0010858327052516664
943.0 5.893750000000001 0.0010858327052516664
944.0 5.9 0.0010858327052516664
945.0 5.90625 0.0010858327052516664
946.0 5.9125000000000005 0.0010858327052516664
947.0 5.91875 0.0010858327052516664
948.0 5.925000000000001 0.0010858327052516664
949.0 5.93125 0.0010858327052516664
950.0 5.9375 0.0010858327052516664
951.0 5.9437500000000005 0.0010858327052516664
952.0 5.95 0.0010858327052516664
953.0 5.956250000000001 0.0010858327052516664
954.0 5.9625 0.0010858327052516664
955.0 5.96875 0.0010858327052516664
956.0 5.9750000000000005 0.0010858327052516664
957.0 5.98125 0.0010858327052516664
958.0 5.987500000000001 0.0010858327052516664
959.0 5.99375 0.0010858327052516664
960.0 6.0 0.0010858327052516664
961.0 6.0062500000000005 0.0010858327052516664
962.0 6.0125 0.0010858327052516664
963.0 6.018750000000001 0.0010858327052516664
964.0 6.025 0.0010858327052516664
965.0 6.03125 0.0010858327052516664
966.0 6.0375000000000005 0.0010858327052516664
967.0 6.04375 0.0010858327052516664
968.0 6.050000000000001 0.0010858327052516664
969.0 6.05625 0.0010858327052516664
970.0 6.0625 0.0010858327052516664
971.0 6.0687500000000005 0.0010858327052516664
972.0 6.075 0.0010858327052516664
973.0 6.081250000000001 0.0010858327052516664
974.0 6.0875 0.0010858327052516664
975.0 6.09375 0.0010858327052516664
976.0 6.1000000000000005 0.0010858327052516664
977.0 6.10625 0.0010858327052516664
978.0 6.112500000000001 0.0010858327052516664
979.0 6.11875 0.0010858327052516664
980.0 6.125 0.0010858327052516664
981.0 6.1312500000000005 0.0010858327052516664
982.0 6.1375 0.0010858327052516664
983.0 6.143750000000001 0.0010858327052516664
984.0 6.15 0.0010858327052516664
985.0 6.15625 0.0010858327052516664
986.0 6.1625000000000005 0.0010858327052516664
987.0 6.16875 0.0010858327052516664
988.0 6.175000000000001 0.0010858327052516664
989.0 6.18125 0.0010858327052516664
990.0 6.1875 0.0010858327052516664
991.0 6.1937500000000005 0.0010858327052516664
992.0 6.2 0.0010858327052516664
993.0 6.206250000000001 0.0010858327052516664
994.0 6.2125 0.0010858327052516664
995.0 6.21875 0.0010858327052516664
996.0 6.2250000000000005 0.0010858327052516664
997.0 6.23125 0.0010858327052516664
998.0 6.237500000000001 0.0010858327052516664
999.0 6.24375 0.0010858327052516664
1000.0 6.25 0.0010858327052516664
1001.0 6.2562500000000005 0.0010858327052516664
1002.0 6.2625 0.0010858327052516664
1003.0 6.268750000000001 0.0010858327052516664
1004.0 6.275 0.0010858327052516664
1005.0 6.28125 0.0010858327052516664
1006.0 6.2875000000000005 0.0010858327052516664
1007.0 6.29375 0.0010858327052516664
1008.0 6.300000000000001 0.0010858327052516664
1009.0 6.30625 0.0010858327052516664
1010.0 6.3125 0.0010858327052516664
1011.0 6.3187500000000005 0.0010858327052516664
1012.0 6.325 0.0010858327052516664
1013.0 6.331250000000001 0.0010858327052516664
1014.0 6.3375 0.0010858327052516664
1015.0 6.34375 0.0010858327052516664
1016.0 6.3500000000000005 0.0010858327052516664
1017.0 6.35625 0.0010858327052516664
1018.0 6.362500000000001 0.0010858327052516664
1019.0 6.36875 0.0010858327052516664
1020.0 6.375 0.0010858327052516664
1021.0 6.3812500000000005 0.0010858327052516664
1022.0 6.3875 0.0010858327052516664
1023.0 6.393750000000001 0.0010858327052516664
1024.0 6.4 0.0010858327052516664
1025.0 6.40625 0.0010858327052516664
1026.0 6.4125000000000005 0.0010858327052516664
1027.0 6.41875 0.0010858327052516664
1028.0 6.425000000000001 0.0010858327052516664
1029.0 6.43125 0.0010858327052516664
1030.0 6.4375 0.0010858327052516664
1031.0 6.4437500000000005 0.0010858327052516664
1032.0 6.45 0.0010858327052516664
1033.0 6.456250000000001 0.0010858327052516664
1034.0 6.4625 0.0010858327052516664
1035.0 6.46875 0.0010858327052516664
1036.0 6.4750000000000005 0.0010858327052516664
1037.0 6.48125 0.0010858327052516664
1038.0 6.487500000000001 0.0010858327052516664
1039.0 6.49375 0.0010858327052516664
1040.0 6.5 0.0010858327052516664
1041.0 6.5062500000000005 0.0010858327052516664
1042.0 6.5125 0.0010858327052516664
1043.0 6.518750000000001 0.0010858327052516664
1044.0 6.525 0.0010858327052516664
1045.0 6.53125 0.0010858327052516664
1046.0 6.5375000000000005 0.0010858327052516664
1047.0 6.54375 0.0010858327052516664
1048.0 6.550000000000001 0.0010858327052516664
1049.0 6.55625 0.0010858327052516664
1050.0 6.5625 0.0010858327052516664
1051.0 6.5687500000000005 0.0010858327052516664
1052.0 6.575 0.0010858327052516664
1053.0 6.581250000000001 0.0010858327052516664
1054.0 6.5875 0.0010858327052516664
1055.0 6.59375 0.0010858327052516664
1056.0 6.6000000000000005 0.0010858327052516664
1057.0 6.60625 0.0010858327052516664
1058.0 6.612500000000001 0.0010858327052516664
1059.0 6.61875 0.0010858327052516664
1060.0 6.625 0.0010858327052516664
1061.0 6.6312500000000005 0.0010858327052516664
1062.0 6.6375 0.0010858327052516664
1063.0 6.643750000000001 0.0010858327052516664
1064.0 6.65 0.0010858327052516664
1065.0 6.65625 0.0010858327052516664
1066.0 6.6625000000000005 0.0010858327052516664
1067.0 6.66875 0.0010858327052516664
1068.0 6.675000000000001 0.0010858327052516664
1069.0 6.68125 0.0010858327052516664
1070.0 6.6875 0.0010858327052516664
1071.0 6.6937500000000005 0.0010858327052516664
1072.0 6.7 0.0010858327052516664
1073.0 6.706250000000001 0.0010858327052516664
1074.0 6.7125 0.0010858327052516664
1075.0 6.71875 0.0010858327052516664
1076.0 6.7250000000000005 0.0010858327052516664
1077.0 6.73125 0.0010858327052516664
1078.0 6.737500000000001 0.0010858327052516664
1079.0 6.74375 0.0010858327052516664
1080.0 6.75 0.0010858327052516664
1081.0 6.7562500000000005 0.0010858327052516664
1082.0 6.7625 0.0010858327052516664
1083.0 6.768750000000001 0.0010858327052516664
1084.0 6.775 0.0010858327052516664
1085.0 6.78125 0.0010858327052516664
1086.0 6.7875000000000005 0.0010858327052516664
1087.0 6.79375 0.0010858327052516664
1088.0 6.800000000000001 0.0010858327052516664
1089.0 6.80625 0.0010858327052516664
1090.0 6.8125 0.0010858327052516664
1091.0 6.8187500000000005 0.0010858327052516664
1092.0 6.825 0.0010858327052516664
1093.0 6.831250000000001 0.0010858327052516664
1094.0 6.8375 0.0010858327052516664
1095.0 6.84375 0.0010858327052516664
1096.0 6.8500000000000005 0.0010858327052516664
1097.0 6.85625 0.0010858327052516664
1098.0 6.862500000000001 0.0010858327052516664
1099.0 6.86875 0.0010858327052516664
1100.0 6.875 0.0010858327052516664
1101.0 6.8812500000000005 0.0010858327052516664
1102.0 6.8875 0.0010858327052516664
1103.0 6.893750000000001 0.0010858327052516664
1104.0 6.9 0.0010858327052516664
1105.0 6.90625 0.0010858327052516664
1106.0 6.9125000000000005 0.0010858327052516664
1107.0 6.91875 0.0010858327052516664
1108.0 6.925000000000001 0.0010858327052516664
1109.0 6.93125 0.0010858327052516664
1110.0 6.9375 0.0010858327052516664
1111.0 6.9437500000000005 0.0010858327052516664
1112.0 6.95 0.0010858327052516664
1113.0 6.956250000000001 0.0010858327052516664
1114.0 6.9625 0.0010858327052516664
1115.0 6.96875 0.0010858327052516664
1116.0 6.9750000000000005 0.0010858327052516664
1117.0 6.98125 0.0010858327052516664
1118.0 6.987500000000001 0.0010858327052516664
1119.0 6.99375 0.0010858327052516664
1120.0 7.0 0.0010858327052516664
1121.0 7.0062500000000005 0.0010858327052516664
1122.0 7.0125 0.0010858327052516664
1123.0 7.018750000000001 0.0010858327052516664
1124.0 7.025 0.0010858327052516664
1125.0 7.03125 0.0010858327052516664
1126.0 7.0375000000000005 0.0010858327052516664
1127.0 7.04375 0.0010858327052516664
1128.0 7.050000000000001 0.0010858327052516664
1129.0 7.05625 0.0010858327052516664
1130.0 7.0625 0.0010858327052516664
1131.0 7.0687500000000005 0.0010858327052516664
1132.0 7.075 0.0010858327052516664
1133.0 7.081250000000001 0.0010858327052516664
1134.0 7.0875 0.0010858327052516664
1135.0 7.09375 0.0010858327052516664
1136.0 7.1000000000000005 0.0010858327052516664
1137.0 7.10625 0.0010858327052516664
1138.0 7.112500000000001 0.0010858327052516664
1139.0 7.11875 0.0010858327052516664
1140.0 7.125 0.0010858327052516664
1141.0 7.1312500000000005 0.0010858327052516664
1142.0 7.1375 0.0010858327052516664
1143.0 7.143750000000001 0.0010858327052516664
1144.0 7.15 0.0010858327052516664
1145.0 7.15625 0.0010858327052516664
1146.0 7.1625000000000005 0.0010858327052516664
1147.0 7.16875 0.0010858327052516664
1148.0 7.175000000000001 0.0010858327052516664
1149.0 7.18125 0.0010858327052516664
1150.0 7.1875 0.0010858327052516664
1151.0 7.1937500000000005 0.0010858327052516664
1152.0 7.2 0.0010858327052516664
1153.0 7.206250000000001 0.0010858327052516664
1154.0 7.2125 0.0010858327052516664
1155.0 7.21875 0.0010858327052516664
1156.0 7.2250000000000005 0.0010858327052516664
1157.0 7.23125 0.0010858327052516664
1158.0 7.237500000000001 0.0010858327052516664
1159.0 7.24375 0.0010858327052516664
1160.0 7.25 0.0010858327052516664
1161.0 7.2562500000000005 0.0010858327052516664
1162.0 7.2625 0.0010858327052516664
1163.0 7.268750000000001 0.0010858327052516664
1164.0 7.275 0.0010858327052516664
1165.0 7.28125 0.0010858327052516664
1166.0 7.2875000000000005 0.0010858327052516664
1167.0 7.29375 0.0010858327052516664
1168.0 7.300000000000001 0.0010858327052516664
1169.0 7.30625 0.0010858327052516664
1170.0 7.3125 0.0010858327052516664
1171.0 7.3187500000000005 0.0010858327052516664
1172.0 7.325 0.0010858327052516664
1173.0 7.331250000000001 0.0010858327052516664
1174.0 7.3375 0.0010858327052516664
1175.0 7.34375 0.0010858327052516664
1176.0 7.3500000000000005 0.0010858327052516664
1177.0 7.35625 0.0010858327052516664
1178.0 7.362500000000001 0.0010858327052516664
1179.0 7.36875 0.0010858327052516664
1180.0 7.375 0.0010858327052516664
1181.0 7.3812500000000005 0.0010858327052516664
1182.0 7.3875 0.0010858327052516664
1183.0 7.393750000000001 0.0010858327052516664
1184.0 7.4 0.0010858327052516664
1185.0 7.40625 0.0010858327052516664
1186.0 7.4125000000000005 0.0010858327052516664
1187.0 7.41875 0.0010858327052516664
1188.0 7.425000000000001 0.0010858327052516664
1189.0 7.43125 0.0010858327052516664
1190.0 7.4375 0.0010858327052516664
1191.0 7.4437500000000005 0.0010858327052516664
1192.0 7.45 0.0010858327052516664
1193.0 7.456250000000001 0.0010858327052516664
1194.0 7.4625 0.0010858327052516664
1195.0 7.46875 0.0010858327052516664
1196.0 7.4750000000000005 0.0010858327052516664
1197.0 7.48125 0.0010858327052516664
1198.0 7.487500000000001 0.0010858327052516664
1199.0 7.49375 0.0010858327052516664
1200.0 7.5 0.0010858327052516664
1201.0 7.5062500000000005 0.0010858327052516664
1202.0 7.5125 0.0010858327052516664
1203.0 7.518750000000001 0.0010858327052516664
1204.0 7.525 0.0010858327052516664
1205.0 7.53125 0.0010858327052516664
1206.0 7.5375000000000005 0.0010858327052516664
1207.0 7.54375 0.0010858327052516664
1208.0 7.550000000000001 0.0010858327052516664
1209.0 7.55625 0.0010858327052516664
1210.0 7.5625 0.0010858327052516664
1211.0 7.5687500000000005 0.0010858327052516664
1212.0 7.575 0.0010858327052516664
1213.0 7.581250000000001 0.0010858327052516664
1214.0 7.5875 0.0010858327052516664
1215.0 7.59375 0.0010858327052516664
1216.0 7.6000000000000005 0.0010858327052516664
1217.0 7.60625 0.0010858327052516664
1218.0 7.612500000000001 0.0010858327052516664
1219.0 7.61875 0.0010858327052516664
1220.0 7.625 0.0010858327052516664
1221.0 7.6312500000000005 0.0010858327052516664
1222.0 7.6375 0.0010858327052516664
1223.0 7.643750000000001 0.0010858327052516664
1224.0 7.65 0.0010858327052516664
1225.0 7.65625 0.0010858327052516664
1226.0 7.6625000000000005 0.0010858327052516664
1227.0 7.66875 0.0010858327052516664
1228.0 7.675000000000001 0.0010858327052516664
1229.0 7.68125 0.0010858327052516664
1230.0 7.6875 0.0010858327052516664
1231.0 7.6937500000000005 0.0010858327052516664
1232.0 7.7 0.0010858327052516664
1233.0 7.706250000000001 0.0010858327052516664
1234.0 7.7125 0.0010858327052516664
1235.0 7.71875 0.0010858327052516664
1236.0 7.7250000000000005 0.0010858327052516664
1237.0 7.73125 0.0010858327052516664
1238.0 7.737500000000001 0.0010858327052516664
1239.0 7.74375 0.0010858327052516664
1240.0 7.75 0.0010858327052516664
1241.0 7.7562500000000005 0.0010858327052516664
1242.0 7.7625 0.0010858327052516664
1243.0 7.768750000000001 0.0010858327052516664
1244.0 7.775 0.0010858327052516664
1245.0 7.78125 0.0010858327052516664
1246.0 7.7875000000000005 0.0010858327052516664
1247.0 7.79375 0.0010858327052516664
1248.0 7.800000000000001 0.0010858327052516664
1249.0 7.80625 0.0010858327052516664
1250.0 7.8125 0.0010858327052516664
1251.0 7.8187500000000005 0.0010858327052516664
1252.0 7.825 0.0010858327052516664
1253.0 7.831250000000001 0.0010858327052516664
1254.0 7.8375 0.0010858327052516664
1255.0 7.84375 0.0010858327052516664
1256.0 7.8500000000000005 0.0010858327052516664
1257.0 7.85625 0.0010858327052516664
1258.0 7.862500000000001 0.0010858327052516664
1259.0 7.86875 0.0010858327052516664
1260.0 7.875 0.0010858327052516664
1261.0 7.8812500000000005 0.0010858327052516664
1262.0 7.8875 0.0010858327052516664
1263.0 7.893750000000001 0.0010858327052516664
1264.0 7.9 0.0010858327052516664
1265.0 7.90625 0.0010858327052516664
1266.0 7.9125000000000005 0.0010858327052516664
1267.0 7.91875 0.0010858327052516664
1268.0 7.925000000000001 0.0010858327052516664
1269.0 7.93125 0.0010858327052516664
1270.0 7.9375 0.0010858327052516664
1271.0 7.9437500000000005 0.0010858327052516664
1272.0 7.95 0.0010858327052516664
1273.0 7.956250000000001 0.0010858327052516664
1274.0 7.9625 0.0010858327052516664
1275.0 7.96875 0.0010858327052516664
1276.0 7.9750000000000005 0.0005429163526258332
1277.0 7.98125 0.0005429163526258332
1278.0 7.987500000000001 0.0005429163526258332
1279.0 7.99375 0.0005429163526258332
1280.0 8.0 0.0005429163526258332
1281.0 8.00625 0.0005429163526258332
1282.0 8.012500000000001 0.0005429163526258332
1283.0 8.01875 0.0005429163526258332
1284.0 8.025 0.0010858327052516664
1285.0 8.03125 0.0010858327052516664
1286.0 8.0375 0.0010858327052516664
1287.0 8.043750000000001 0.0010858327052516664
1288.0 8.05 0.0010858327052516664
1289.0 8.05625 0.0010858327052516664
1290.0 8.0625 0.0010858327052516664
1291.0 8.06875 0.0010858327052516664
1292.0 8.075000000000001 0.0010858327052516664
1293.0 8.08125 0.0010858327052516664
1294.0 8.0875 0.0010858327052516664
1295.0 8.09375 0.0010858327052516664
1296.0 8.1 0.0010858327052516664
1297.0 8.106250000000001 0.0010858327052516664
1298.0 8.1125 0.0010858327052516664
1299.0 8.11875 0.0010858327052516664
1300.0 8.125 0.0010858327052516664
1301.0 8.13125 0.0010858327052516664
1302.0 8.137500000000001 0.0010858327052516664
1303.0 8.14375 0.0010858327052516664
1304.0 8.15 0.0010858327052516664
1305.0 8.15625 0.0010858327052516664
1306.0 8.1625 0.0010858327052516664
1307.0 8.168750000000001 0.0005429163526258332
1308.0 8.175 0.0005429163526258332
1309.0 8.18125 0.0005429163526258332
1310.0 8.1875 0.0005429163526258332
1311.0 8.19375 0.0005429163526258332
1312.0 8.200000000000001 0.0005429163526258332
1313.0 8.20625 0.0005429163526258332
1314.0 8.2125 0.0005429163526258332
1315.0 8.21875 0.0005429163526258332
1316.0 8.225 0.0005429163526258332
1317.0 8.231250000000001 0.0005429163526258332
1318.0 8.2375 0.0005429163526258332
1319.0 8.24375 0.0005429163526258332
1320.0 8.25 0.0010858327052516664
1321.0 8.25625 0.0010858327052516664
1322.0 8.262500000000001 0.0010858327052516664
1323.0 8.26875 0.0005429163526258332
1324.0 8.275 0.0005429163526258332
1325.0 8.28125 0.0005429163526258332
1326.0 8.2875 0.0005429163526258332
1327.0 8.293750000000001 0.0005429163526258332
1328.0 8.3 0.0005429163526258332
1329.0 8.30625 0.0005429163526258332
1330.0 8.3125 0.0005429163526258332
1331.0 8.31875 0.0010858327052516664
1332.0 8.325000000000001 0.0010858327052516664
1333.0 8.33125 0.0010858327052516664
1334.0 8.3375 0.0010858327052516664
1335.0 8.34375 0.0010858327052516664
1336.0 8.35 0.0010858327052516664
1337.0 8.356250000000001 0.0010858327052516664
1338.0 8.3625 0.0005429163526258332
1339.0 8.36875 0.0005429163526258332
1340.0 8.375 0.0005429163526258332
1341.0 8.38125 0.0005429163526258332
1342.0 8.387500000000001 0.0005429163526258332
1343.0 8.39375 0.0005429163526258332
1344.0 8.4 0.0005429163526258332
1345.0 8.40625 0.0005429163526258332
1346.0 8.4125 0.0005429163526258332
1347.0 8.418750000000001 0.0005429163526258332
1348.0 8.425 0.0005429163526258332
1349.0 8.43125 0.0005429163526258332
1350.0 8.4375 0.0005429163526258332
1351.0 8.44375 0.0005429163526258332
1352.0 8.450000000000001 0.0005429163526258332
1353.0 8.45625 0.0005429163526258332
1354.0 8.4625 0.0005429163526258332
1355.0 8.46875 0.0005429163526258332
1356.0 8.475 0.0005429163526258332
1357.0 8.481250000000001 0.0005429163526258332
1358.0 8.4875 0.0005429163526258332
1359.0 8.49375 0.0005429163526258332
1360.0 8.5 0.0005429163526258332
1361.0 8.50625 0.0005429163526258332
1362.0 8.512500000000001 0.0010858327052516664
1363.0 8.51875 0.0010858327052516664
1364.0 8.525 0.0010858327052516664
1365.0 8.53125 0.0010858327052516664
1366.0 8.5375 0.0010858327052516664
1367.0 8.543750000000001 0.0010858327052516664
1368.0 8.55 0.0010858327052516664
1369.0 8.55625 0.0010858327052516664
1370.0 8.5625 0.0010858327052516664
1371.0 8.56875 0.0010858327052516664
1372.0 8.575000000000001 0.0005429163526258332
1373.0 8.58125 0.0005429163526258332
1374.0 8.5875 0.0005429163526258332
1375.0 8.59375 0.0005429163526258332
1376.0 8.6 0.0005429163526258332
1377.0 8.606250000000001 0.0005429163526258332
1378.0 8.6125 0.0005429163526258332
1379.0 8.61875 0.0005429163526258332
1380.0 8.625 0.0005429163526258332
1381.0 8.63125 0.0005429163526258332
1382.0 8.637500000000001 0.0005429163526258332
1383.0 8.64375 0.0005429163526258332
1384.0 8.65 0.0005429163526258332
1385.0 8.65625 0.0005429163526258332
1386.0 8.6625 0.0005429163526258332
1387.0 8.668750000000001 0.0005429163526258332
1388.0 8.675 0.0005429163526258332
1389.0 8.68125 0.0005429163526258332
1390.0 8.6875 0.0005429163526258332
1391.0 8.69375 0.0005429163526258332
1392.0 8.700000000000001 0.0005429163526258332
1393.0 8.70625 0.0005429163526258332
1394.0 8.7125 0.0005429163526258332
1395.0 8.71875 0.0005429163526258332
1396.0 8.725 0.0005429163526258332
1397.0 8.731250000000001 0.0005429163526258332
1398.0 8.7375 0.0005429163526258332
1399.0 8.74375 0.0005429163526258332
1400.0 8.75 0.0005429163526258332
1401.0 8.75625 0.0005429163526258332
1402.0 8.762500000000001 0.0005429163526258332
1403.0 8.76875 0.0005429163526258332
1404.0 8.775 0.0005429163526258332
1405.0 8.78125 0.0005429163526258332
1406.0 8.7875 0.0005429163526258332
1407.0 8.793750000000001 0.0005429163526258332
1408.0 8.8 0.0005429163526258332
1409.0 8.80625 0.0005429163526258332
1410.0 8.8125 0.0005429163526258332
1411.0 8.81875 0.0005429163526258332
1412.0 8.825000000000001 0.0005429163526258332
1413.0 8.83125 0.0005429163526258332
1414.0 8.8375 0.0005429163526258332
1415.0 8.84375 0.0005429163526258332
1416.0 8.85 0.0005429163526258332
1417.0 8.856250000000001 0.0005429163526258332
1418.0 8.8625 0.0005429163526258332
1419.0 8.86875 0.0005429163526258332
1420.0 8.875 0.0005429163526258332
1421.0 8.88125 0.0005429163526258332
1422.0 8.887500000000001 0.0005429163526258332
1423.0 8.89375 0.0005429163526258332
1424.0 8.9 0.0005429163526258332
1425.0 8.90625 0.0005429163526258332
1426.0 8.9125 0.0005429163526258332
1427.0 8.918750000000001 0.0005429163526258332
1428.0 8.925 0.0005429163526258332
1429.0 8.93125 0.0005429163526258332
1430.0 8.9375 0.0005429163526258332
1431.0 8.94375 0.0005429163526258332
1432.0 8.950000000000001 0.0005429163526258332
1433.0 8.95625 0.0005429163526258332
1434.0 8.9625 0.0005429163526258332
1435.0 8.96875 0.0005429163526258332
1436.0 8.975 0.0005429163526258332
1437.0 8.981250000000001 0.0005429163526258332
1438.0 8.9875 0.0005429163526258332
1439.0 8.99375 0.0005429163526258332
1440.0 9.0 0.0005429163526258332
1441.0 9.00625 0.0005429163526258332
1442.0 9.012500000000001 0.0005429163526258332
1443.0 9.01875 0.0005429163526258332
1444.0 9.025 0.0005429163526258332
1445.0 9.03125 0.0005429163526258332
1446.0 9.0375 0.0005429163526258332
1447.0 9.043750000000001 0.0005429163526258332
1448.0 9.05 0.0005429163526258332
1449.0 9.05625 0.0005429163526258332
1450.0 9.0625 0.0005429163526258332
1451.0 9.06875 0.0005429163526258332
1452.0 9.075000000000001 0.0005429163526258332
1453.0 9.08125 0.0005429163526258332
1454.0 9.0875 0.0005429163526258332
1455.0 9.09375 0.0005429163526258332
1456.0 9.1 0.0005429163526258332
1457.0 9.106250000000001 0.0005429163526258332
1458.0 9.1125 0.0005429163526258332
1459.0 9.11875 0.0005429163526258332
1460.0 9.125 0.0005429163526258332
1461.0 9.13125 0.0005429163526258332
1462.0 9.137500000000001 0.0005429163526258332
1463.0 9.14375 0.0005429163526258332
1464.0 9.15 0.0005429163526258332
1465.0 9.15625 0.0005429163526258332
1466.0 9.1625 0.0005429163526258332
1467.0 9.168750000000001 0.0005429163526258332
1468.0 9.175 0.0005429163526258332
1469.0 9.18125 0.0005429163526258332
1470.0 9.1875 0.0005429163526258332
1471.0 9.19375 0.0005429163526258332
1472.0 9.200000000000001 0.0005429163526258332
1473.0 9.20625 0.0005429163526258332
1474.0 9.2125 0.0005429163526258332
1475.0 9.21875 0.0005429163526258332
1476.0 9.225 0.0005429163526258332
1477.0 9.231250000000001 0.0005429163526258332
1478.0 9.2375 0.0005429163526258332
1479.0 9.24375 0.0005429163526258332
1480.0 9.25 0.0005429163526258332
1481.0 9.25625 0.0005429163526258332
1482.0 9.262500000000001 0.0005429163526258332
1483.0 9.26875 0.0005429163526258332
1484.0 9.275 0.0005429163526258332
1485.0 9.28125 0.0005429163526258332
1486.0 9.2875 0.0005429163526258332
1487.0 9.293750000000001 0.0005429163526258332
1488.0 9.3 0.0005429163526258332
1489.0 9.30625 0.0005429163526258332
1490.0 9.3125 0.0005429163526258332
1491.0 9.31875 0.0005429163526258332
1492.0 9.325000000000001 0.0005429163526258332
1493.0 9.33125 0.0005429163526258332
1494.0 9.3375 0.0005429163526258332
1495.0 9.34375 0.0005429163526258332
1496.0 9.35 0.0005429163526258332
1497.0 9.356250000000001 0.0005429163526258332
1498.0 9.3625 0.0005429163526258332
1499.0 9.36875 0.0005429163526258332
1500.0 9.375 0.0005429163526258332
1501.0 9.38125 0.0005429163526258332
1502.0 9.387500000000001 0.0005429163526258332
1503.0 9.39375 0.0005429163526258332
1504.0 9.4 0.0005429163526258332
1505.0 9.40625 0.0005429163526258332
1506.0 9.4125 0.0005429163526258332
1507.0 9.418750000000001 0.0005429163526258332
1508.0 9.425 0.0005429163526258332
1509.0 9.43125 0.0005429163526258332
1510.0 9.4375 0.0005429163526258332
1511.0 9.44375 0.0005429163526258332
1512.0 9.450000000000001 0.0005429163526258332
1513.0 9.45625 0.0005429163526258332
1514.0 9.4625 0.0005429163526258332
1515.0 9.46875 0.0005429163526258332
1516.0 9.475 0.0005429163526258332
1517.0 9.481250000000001 0.0005429163526258332
1518.0 9.4875 0.0005429163526258332
1519.0 9.49375 0.0005429163526258332
1520.0 9.5 0.0005429163526258332
1521.0 9.50625 0.0005429163526258332
1522.0 9.512500000000001 0.0005429163526258332
1523.0 9.51875 0.0005429163526258332
1524.0 9.525 0.0005429163526258332
1525.0 9.53125 0.0005429163526258332
1526.0 9.5375 0.0005429163526258332
1527.0 9.543750000000001 0.0005429163526258332
1528.0 9.55 0.0005429163526258332
1529.0 9.55625 0.0005429163526258332
1530.0 9.5625 0.0005429163526258332
1531.0 9.56875 0.0005429163526258332
1532.0 9.575000000000001 0.0005429163526258332
1533.0 9.58125 0.0005429163526258332
1534.0 9.5875 0.0005429163526258332
1535.0 9.59375 0.0005429163526258332
1536.0 9.600000000000001 0.0005429163526258332
1537.0 9.606250000000001 0.0005429163526258332
1538.0 9.6125 0.0005429163526258332
1539.0 9.61875 0.0005429163526258332
1540.0 9.625 0.0005429163526258332
1541.0 9.631250000000001 0.0005429163526258332
1542.0 9.637500000000001 0.0005429163526258332
1543.0 9.64375 0.0005429163526258332
1544.0 9.65 0.0005429163526258332
1545.0 9.65625 0.0005429163526258332
1546.0 9.662500000000001 0.0005429163526258332
1547.0 9.668750000000001 0.0005429163526258332
1548.0 9.675 0.0005429163526258332
1549.0 9.68125 0.0005429163526258332
1550.0 9.6875 0.0005429163526258332
1551.0 9.693750000000001 0.0005429163526258332
1552.0 9.700000000000001 0.0005429163526258332
1553.0 9.70625 0.0005429163526258332
1554.0 9.7125 0.0005429163526258332
1555.0 9.71875 0.0005429163526258332
1556.0 9.725000000000001 0.0005429163526258332
1557.0 9.731250000000001 0.0005429163526258332
1558.0 9.7375 0.0005429163526258332
1559.0 9.74375 0.0005429163526258332
1560.0 9.75 0.0005429163526258332
1561.0 9.756250000000001 0.0005429163526258332
1562.0 9.762500000000001 0.0005429163526258332
1563.0 9.76875 0.0005429163526258332
1564.0 9.775 0.0005429163526258332
1565.0 9.78125 0.0005429163526258332
1566.0 9.787500000000001 0.0005429163526258332
1567.0 9.793750000000001 0.0005429163526258332
1568.0 9.8 0.0005429163526258332
1569.0 9.80625 0.0005429163526258332
1570.0 9.8125 0.0005429163526258332
1571.0 9.818750000000001 0.0005429163526258332
1572.0 9.825000000000001 0.0005429163526258332
1573.0 9.83125 0.0005429163526258332
1574.0 9.8375 0.0005429163526258332
1575.0 9.84375 0.0005429163526258332
1576.0 9.850000000000001 0.0005429163526258332
1577.0 9.856250000000001 0.0005429163526258332
1578.0 9.8625 0.0005429163526258332
1579.0 9.86875 0.0005429163526258332
1580.0 9.875 0.0005429163526258332
1581.0 9.881250000000001 0.0005429163526258332
1582.0 9.887500000000001 0.0005429163526258332
1583.0 9.89375 0.0005429163526258332
1584.0 9.9 0.0005429163526258332
1585.0 9.90625 0.0005429163526258332
1586.0 9.912500000000001 0.0005429163526258332
1587.0 9.918750000000001 0.0005429163526258332
1588.0 9.925 0.0005429163526258332
1589.0 9.93125 0.0005429163526258332
1590.0 9.9375 0.0005429163526258332
1591.0 9.943750000000001 0.0005429163526258332
1592.0 9.950000000000001 0.0005429163526258332
1593.0 9.95625 0.0005429163526258332
1594.0 9.9625 0.0005429163526258332
1595.0 9.96875 0.0005429163526258332
1596.0 9.975000000000001 0.0005429163526258332
1597.0 9.981250000000001 0.0005429163526258332
1598.0 9.9875 0.0005429163526258332
1599.0 9.99375 0.0005429163526258332
1600.0 10.0 0.0005429163526258332
